33 9 35 18 12 24 7 22 1 32 14 10 6 13 21 20 28 11 34 25 5 31 36 23 26 29 16 27 4 8 17 2 15 30 19 3
3 31 16 15 0 30 7 25 13 6 19 17 12 27 21 36 2 9 26 22 8 35 34 14 32 10 33 5 28 20 23 4 11 29 24 18
19 1 28 21 26 7 15 23 0 5 4 10 6 14 18 35 33 24 32 36 16 20 27 17 9 13 22 8 30 11 25 34 29 3 12 31
2 14 26 33 15 31 30 34 8 22 4 5 13 19 10 9 29 27 24 7 16 25 20 21 12 0 6 17 32 35 18 36 11 23 28 1
23 22 35 31 27 30 9 6 29 11 5 33 13 7 28 12 3 18 0 21 19 25 14 24 2 34 17 26 1 16 32 8 10 36 15 20
36 7 0 13 6 2 30 14 4 29 32 11 8 19 33 25 28 26 16 24 31 23 18 34 3 20 35 15 10 12 1 27 17 22 21 9
23 25 14 26 33 15 21 20 11 35 30 5 7 2 27 9 36 18 29 34 19 24 3 12 4 0 13 22 16 1 8 32 31 10 17 28
3 8 25 12 27 22 1 6 33 28 0 4 19 21 10 15 11 32 30 14 36 35 18 34 23 29 26 13 2 16 31 5 17 24 20 9
34 17 24 22 35 0 16 11 19 13 3 6 26 7 2 21 30 14 31 10 29 20 5 27 28 1 33 36 4 9 25 32 23 18 12 15
31 16 24 10 11 14 27 36 25 15 8 23 3 19 29 17 22 2 34 21 5 32 26 4 12 35 18 1 13 30 0 7 33 28 6 20
19 32 16 1 2 34 15 6 5 30 0 31 22 11 26 17 20 9 27 13 7 36 28 29 21 23 18 35 33 12 24 3 4 14 25 8
34 17 27 23 36 6 28 14 8 24 5 7 2 19 12 32 1 25 20 9 15 21 10 26 33 16 18 13 29 22 0 4 30 35 31 3
2 26 0 17 16 30 19 20 27 14 6 35 5 9 10 3 15 8 21 13 32 1 36 23 29 7 4 34 18 33 31 24 28 11 25 22
4 34 1 30 12 11 17 26 8 14 25 19 20 24 7 6 15 29 28 32 5 33 9 27 18 21 2 22 0 23 36 16 3 35 10 31
24 23 29 5 15 34 16 18 30 3 7 36 27 13 9 17 25 0 21 19 35 4 6 20 8 31 33 1 32 26 10 2 11 22 28 12
2 10 21 36 13 5 11 19 12 35 4 17 29 26 33 1 31 28 14 27 6 30 0 24 18 32 16 25 34 22 3 7 8 9 20 23
13 10 36 19 9 33 3 4 23 14 24 35 7 11 32 12 21 26 0 20 6 34 15 25 17 8 5 1 28 18 30 2 22 29 31 27
4 30 3 5 11 0 15 2 12 19 10 36 34 35 29 9 25 20 7 26 6 14 22 16 18 33 21 31 28 23 27 24 32 13 8 1
34 35 36 23 8 13 22 17 15 9 16 14 5 2 32 11 6 27 21 7 33 10 24 31 4 29 19 1 30 3 25 0 20 26 28 12
2 0 17 30 34 32 28 14 23 1 10 31 13 3 21 8 36 26 29 27 9 20 25 33 7 16 6 24 12 11 35 22 15 4 5 18
21 14 3 18 6 4 29 19 28 7 1 22 32 35 23 31 33 27 13 25 15 36 11 17 2 0 9 30 26 34 10 24 8 5 12 16
20 24 16 28 29 30 3 8 5 35 14 1 17 32 6 19 11 0 33 18 26 27 31 23 13 4 10 22 25 7 34 2 15 12 36 9
24 1 18 6 36 29 2 0 9 10 5 35 11 31 15 4 8 25 28 3 30 7 12 20 21 32 19 17 27 13 34 16 26 23 33 14
28 7 22 1 10 21 3 35 13 36 17 12 4 18 11 16 9 8 24 14 30 6 26 29 25 5 32 33 27 0 31 34 20 2 15 19
23 19 16 14 2 27 0 8 4 32 26 7 35 5 1 28 6 3 34 11 15 12 22 17 33 9 13 20 31 21 29 10 18 25 36 30
26 22 29 23 7 35 17 5 33 10 12 1 18 28 4 30 31 36 21 9 19 3 34 27 32 2 16 15 13 8 0 20 24 14 6 11
33 35 19 17 0 12 6 18 14 34 16 3 15 7 25 27 24 13 22 2 32 10 30 1 21 20 4 11 9 28 31 8 23 5 36 29
32 1 25 17 21 34 30 15 26 13 28 24 20 10 2 11 36 31 6 0 4 35 14 18 19 33 12 7 16 23 9 29 3 22 5 8
33 5 29 35 26 21 8 27 31 17 13 32 24 1 20 16 9 6 30 34 11 19 15 12 7 22 3 4 0 14 10 36 2 23 18 25
5 11 32 23 6 7 24 12 31 25 21 2 15 28 30 35 8 34 26 19 14 17 10 22 9 36 27 0 3 4 13 33 16 18 1 20
14 29 33 5 6 2 25 20 24 36 19 9 0 22 23 8 17 16 27 31 1 12 7 28 18 3 15 35 21 32 10 4 11 13 26 34
36 7 35 17 29 22 2 6 20 4 5 18 11 27 33 14 30 3 21 19 28 10 32 13 26 25 23 34 16 12 1 24 15 8 9 0
24 3 5 28 8 19 26 23 13 30 21 4 29 33 0 9 10 6 14 36 22 27 18 20 12 2 15 25 11 7 35 17 16 31 1 34
4 27 1 0 8 23 18 17 25 3 31 10 35 14 28 11 36 7 24 9 12 6 13 34 2 15 20 21 26 29 30 22 16 19 32 5
35 11 24 6 4 12 13 33 36 23 0 3 18 22 29 8 19 17 5 15 31 32 7 26 25 28 9 20 2 1 16 21 30 14 10 27
1 26 16 6 9 15 3 31 30 28 33 10 12 14 17 25 0 24 5 32 4 21 7 19 34 2 36 20 13 11 18 23 29 27 8 22
22 34 17 32 28 33 25 14 24 20 21 8 26 11 35 29 2 1 16 18 12 4 31 3 6 27 7 13 30 19 10 15 0 5 9 23
