20 32 7 23 21 8 34 27 1 31 22 10 28 3 33 4 35 11 15 29 2 24 17 16 14 18 9 6 13 5 25 26 36 19 30 12
5 14 16 28 11 12 36 19 7 9 26 31 35 0 13 4 21 33 27 24 32 18 3 23 29 22 6 8 20 25 17 10 34 15 2 30
33 4 28 7 3 15 13 6 22 32 35 24 30 25 12 36 14 10 23 5 8 0 16 9 27 34 21 29 1 11 26 17 19 31 18 20
6 30 2 11 35 1 25 18 15 22 8 17 10 16 9 31 0 19 36 34 29 33 26 32 28 4 20 5 14 21 13 27 7 24 23 12
33 22 23 35 34 7 13 36 8 19 18 21 12 27 29 20 6 11 5 32 2 10 24 25 26 30 0 31 16 9 1 17 15 14 28 3
24 22 19 2 29 8 23 36 7 31 10 20 33 3 18 1 30 6 26 16 17 12 32 28 13 0 34 35 14 25 9 15 4 21 27 11
26 23 36 2 1 22 8 33 0 4 21 5 13 34 28 35 15 29 30 12 32 3 18 9 19 7 11 20 17 31 14 16 25 27 24 10
13 16 24 3 28 27 1 9 15 29 20 32 31 4 6 23 26 33 25 21 34 18 11 30 12 35 14 2 10 17 0 19 22 36 8 5
4 30 21 24 19 3 11 31 23 9 25 20 10 36 17 16 15 26 34 28 18 12 27 22 5 13 7 33 35 6 14 2 0 32 29 1
29 20 33 18 7 19 4 2 16 13 15 21 14 31 1 27 25 30 12 34 11 24 5 36 32 22 6 26 28 0 10 17 8 35 23 3
20 2 8 4 25 27 11 3 9 30 6 24 23 13 31 28 18 33 16 34 0 5 29 1 35 36 32 17 14 15 12 21 26 22 7 19
35 20 14 27 3 22 23 5 0 9 21 6 25 19 2 7 15 29 30 8 36 17 12 1 18 28 34 26 4 16 13 31 32 10 24 33
11 33 3 15 30 5 4 19 28 36 16 14 8 24 7 18 21 0 25 10 20 34 32 35 9 27 1 29 6 26 13 2 22 23 17 31
26 20 3 30 17 4 28 14 32 11 33 6 1 27 29 18 5 8 35 0 24 15 16 22 9 25 7 21 19 31 36 34 10 2 12 23
1 11 21 33 17 8 16 2 35 4 6 29 10 9 23 26 28 18 19 24 22 30 12 25 31 15 27 20 5 0 32 7 3 36 34 13
31 27 24 17 11 34 3 14 36 1 12 23 21 9 29 22 13 6 4 20 19 33 28 10 30 7 35 16 32 25 26 0 8 18 2 5
24 1 15 18 27 21 17 28 12 7 13 2 23 6 29 35 10 30 31 5 33 25 3 32 0 34 11 26 22 36 14 9 4 19 8 20
24 34 16 12 32 25 20 21 3 4 15 9 10 2 28 19 7 0 33 5 27 8 18 29 22 36 1 31 13 14 30 11 23 26 6 35
14 32 36 6 20 21 11 23 3 19 12 10 33 5 7 4 24 17 35 1 34 15 26 25 27 0 29 28 2 30 31 16 9 13 22 8
11 10 30 18 29 20 1 34 17 4 13 25 15 5 14 36 12 22 3 21 35 24 28 7 9 27 2 16 0 33 32 8 23 6 31 26
11 12 26 3 8 15 1 23 7 19 18 25 32 13 14 27 22 17 21 5 35 16 6 2 29 31 28 4 34 24 9 30 33 0 10 36
25 36 22 23 14 5 9 0 27 32 2 20 33 11 8 4 31 15 34 16 30 35 13 1 12 19 17 7 29 3 28 26 10 6 24 18
5 19 31 4 2 16 1 17 33 20 10 21 8 7 23 30 0 28 15 25 6 3 9 35 11 27 32 29 14 13 18 12 24 26 36 34
14 28 31 33 25 9 19 6 29 30 16 15 26 17 12 32 21 34 5 11 10 20 22 36 27 18 8 7 0 24 2 35 3 1 13 4
2 31 22 14 8 27 3 33 26 11 30 12 6 18 9 34 1 4 10 32 13 21 15 5 36 25 35 7 20 29 28 23 19 0 17 16
4 3 13 11 36 12 30 28 22 6 17 7 18 19 20 33 10 32 9 8 1 29 16 34 5 21 31 26 15 0 2 27 14 23 24 35
5 36 10 32 31 28 30 1 2 33 13 25 0 22 24 8 17 20 12 15 7 11 9 3 29 23 16 27 34 4 35 19 21 6 14 18
3 7 33 28 31 23 12 30 1 22 13 4 19 20 26 17 16 9 18 35 6 34 14 2 15 36 11 24 10 21 5 32 0 29 8 25
2 29 34 26 13 16 0 27 36 17 25 12 30 18 14 1 11 6 7 15 32 23 20 4 5 19 22 24 8 10 35 33 31 21 9 3
12 19 23 21 32 14 9 35 26 6 17 22 13 24 7 2 30 27 0 34 1 16 36 31 11 20 5 4 15 28 33 8 25 18 3 10
5 36 6 14 22 8 32 2 28 34 29 20 27 15 16 17 31 0 23 35 9 10 12 1 24 33 26 19 18 3 21 11 4 7 25 13
15 12 11 4 14 9 16 20 36 1 35 32 29 2 23 10 17 28 25 26 34 8 3 24 7 33 27 6 21 0 13 30 18 19 5 22
20 1 31 0 8 23 34 22 3 27 28 21 15 26 24 10 30 25 29 33 6 5 9 36 19 2 12 4 18 16 11 13 14 35 17 7
19 28 17 8 23 7 3 21 0 9 10 1 13 12 25 31 27 30 15 11 29 24 14 22 36 32 6 18 4 20 16 26 5 2 34 35
13 2 6 12 22 1 30 9 35 21 7 8 16 17 23 14 10 5 11 18 20 4 27 29 3 25 28 31 33 36 15 32 26 0 24 19
23 21 26 20 13 28 22 34 1 33 16 10 25 14 2 19 11 3 7 8 5 27 4 31 0 36 18 15 9 12 24 30 17 32 29 6
30 18 7 1 35 11 26 20 12 29 4 31 23 6 8 17 2 9 16 15 5 10 28 24 13 21 22 32 3 0 27 25 19 33 14 34
