30 22 16 12 11 33 5 35 8 23 31 7 27 29 2 17 21 15 28 26 14 32 3 24 13 20 34 19 25 4 18 1 6 10 9 36
3 35 5 6 20 12 14 33 23 32 16 25 0 13 10 15 18 9 7 11 26 24 4 2 34 22 28 21 17 19 29 8 36 30 31 27
18 23 36 6 9 11 14 19 31 35 13 0 7 29 3 34 27 8 17 20 22 21 1 30 24 15 28 5 10 33 25 4 32 16 12 26
31 33 9 15 13 17 8 24 36 23 30 35 12 22 1 29 2 32 25 27 34 14 16 0 10 19 26 6 5 20 21 4 11 18 7 28
36 32 9 21 0 15 17 3 18 26 28 35 27 16 24 30 8 13 12 25 22 34 7 31 2 14 11 10 20 6 23 19 1 29 5 33
26 33 21 3 23 15 4 17 30 16 9 25 0 31 34 1 27 7 32 11 6 28 22 2 12 10 35 13 8 14 20 19 29 24 18 36
30 31 8 32 12 2 14 28 22 23 27 5 4 34 15 11 17 0 36 25 3 21 35 26 29 33 16 24 10 13 20 9 18 19 7 1
11 28 13 29 5 15 10 23 12 14 4 1 24 20 27 16 3 36 33 35 6 26 9 18 31 21 8 0 19 32 17 22 2 25 30 34
20 27 36 22 0 25 33 31 32 26 21 28 23 19 24 7 2 1 29 18 12 4 14 6 9 16 10 11 34 35 13 30 17 15 3 5
12 26 2 29 34 30 24 15 5 7 27 33 16 13 28 8 4 14 20 36 11 17 18 1 31 32 35 6 23 0 25 19 3 21 22 10
22 19 23 13 18 7 24 34 35 30 25 21 20 31 4 29 8 3 5 12 28 6 11 2 14 27 16 26 17 1 9 15 33 32 0 36
4 30 1 10 12 27 33 13 31 3 6 34 32 5 25 9 14 22 35 23 29 16 24 8 21 20 7 18 36 28 0 17 15 2 19 26
34 16 2 6 32 1 13 35 21 29 3 25 33 30 9 0 4 8 7 28 10 19 5 31 17 15 20 24 14 36 22 26 18 23 27 11
7 34 6 2 31 0 36 21 9 11 22 33 19 26 20 24 16 27 3 28 12 14 18 1 17 35 29 8 30 25 5 15 10 32 4 23
7 6 28 22 19 25 9 27 17 12 3 33 13 35 16 31 15 21 29 36 32 5 11 18 10 8 2 23 34 24 0 4 26 30 20 1
20 5 26 2 6 11 27 1 29 14 3 36 12 13 7 17 34 18 21 22 35 24 28 31 25 16 23 33 32 30 9 19 8 0 10 4
20 7 9 19 26 15 33 24 13 0 18 23 5 14 36 31 21 12 27 1 22 11 4 6 35 32 29 30 10 34 2 17 28 8 3 25
1 31 3 4 36 10 11 2 14 21 32 5 18 9 29 15 27 33 6 7 20 16 22 26 34 19 35 8 0 23 25 12 28 24 30 13
33 5 21 17 15 0 24 7 36 2 11 6 20 26 35 28 1 13 12 16 4 27 29 9 34 14 32 22 19 23 10 3 31 30 25 8
34 1 6 20 28 10 15 12 7 23 8 24 16 26 31 21 18 3 17 2 11 25 0 9 33 29 22 36 35 32 14 13 30 4 27 5
30 6 8 27 9 33 28 17 5 7 15 13 1 23 4 19 16 24 12 31 18 35 3 0 34 25 22 26 36 11 29 32 21 2 14 10
22 31 20 6 7 4 2 16 15 10 23 29 24 30 5 27 35 32 9 28 33 11 17 1 14 0 19 26 8 18 36 25 34 3 12 13
31 15 20 17 8 10 33 4 9 2 35 26 6 29 27 25 18 11 34 0 12 14 23 36 16 30 7 5 13 19 24 1 32 21 3 28
36 8 20 2 24 30 11 13 27 25 22 4 21 0 32 29 18 26 19 14 12 17 9 15 6 1 10 3 7 33 28 34 16 31 5 35
6 36 28 26 23 0 22 1 3 35 33 21 8 18 9 20 7 15 27 14 4 13 2 25 17 12 32 34 10 5 30 16 11 29 19 31
13 4 3 24 30 12 0 5 29 19 8 14 1 20 18 35 36 21 26 31 32 34 28 11 17 7 9 10 15 16 2 27 22 33 6 23
29 20 36 22 9 28 0 31 25 24 18 32 27 1 23 30 3 13 35 15 17 19 5 14 8 4 21 12 2 34 16 6 7 11 33 10
36 21 28 16 32 0 30 2 18 12 31 29 4 23 5 9 25 24 22 6 33 14 34 19 10 26 35 15 17 7 1 3 13 8 20 11
4 10 30 7 23 24 35 20 26 22 18 12 8 29 6 15 9 36 25 11 34 32 14 21 13 1 2 17 0 27 31 33 16 5 19 3
4 36 16 28 21 31 30 15 1 17 14 7 3 10 20 8 19 24 26 27 35 23 2 5 18 9 32 13 33 11 12 22 34 6 0 25
21 0 12 24 5 6 9 22 11 35 23 13 32 4 20 15 28 19 26 1 14 36 31 2 29 17 33 3 8 34 16 18 27 25 7 10
13 29 26 19 11 34 1 17 27 6 24 14 3 8 30 36 32 12 35 16 20 22 4 0 10 25 28 9 33 2 15 18 7 5 21 23
23 35 25 26 15 20 24 5 0 12 18 8 28 30 27 4 21 3 1 14 19 31 34 36 13 6 16 7 17 2 22 10 9 29 11 33
24 7 28 15 11 25 14 20 32 35 9 0 30 36 29 26 1 3 17 22 2 4 18 8 5 34 27 23 12 6 19 21 31 13 16 10
18 7 14 22 31 6 1 2 30 12 32 3 28 10 36 23 35 27 20 21 19 16 29 4 0 15 8 11 9 17 5 25 26 33 13 24
18 9 8 26 23 15 3 2 14 27 11 30 21 22 28 13 12 34 7 20 25 33 0 17 19 1 29 31 32 6 5 4 10 36 16 24
8 9 11 26 13 30 0 29 34 16 18 1 35 32 24 3 33 21 5 28 31 17 12 23 15 27 2 6 4 10 7 22 19 14 20 25
