24 13 64 54 45 50 62 20 33 55 43 25 48 49 63 30 28 6 31 8 16 1 12 29 52 46 59 60 18 36 58 23 19 26 32 15 7 21 56 53 61 5 42 3 10 35 44 34 51 37 4 17 39 2 14 47 27 41 22 38 9 11 40 57
22 13 58 35 57 63 59 25 14 21 30 23 61 45 42 15 29 10 43 24 16 56 28 8 17 49 37 9 18 40 52 12 55 31 64 32 38 27 34 7 53 48 51 47 3 5 2 4 19 20 6 62 46 50 11 60 33 0 44 39 36 54 26 41
34 28 54 52 33 58 7 25 63 40 35 36 39 38 56 22 49 23 45 46 27 61 16 21 0 51 20 19 50 44 29 5 47 32 26 17 62 12 11 18 41 37 8 9 31 55 42 3 6 64 24 60 53 4 10 57 59 15 13 1 48 43 14 30
52 25 7 37 40 20 28 41 15 10 18 44 64 53 38 9 60 34 55 26 1 4 2 47 49 45 5 39 50 63 8 22 12 42 30 35 29 61 46 13 24 19 32 16 0 43 54 6 59 14 48 62 23 36 11 33 57 51 21 17 31 58 56 27
45 50 14 33 35 36 29 47 51 64 31 16 52 56 25 24 17 10 39 11 19 48 8 27 28 18 42 40 22 20 6 5 60 59 55 43 21 37 15 12 23 7 62 13 2 0 46 3 26 9 57 1 34 53 54 63 49 61 44 58 41 30 32 38
63 6 62 4 27 34 57 38 21 24 12 41 3 52 18 50 33 45 28 0 61 7 37 35 46 31 16 47 54 11 9 8 10 42 30 59 48 17 49 51 22 20 43 2 60 36 44 26 53 29 13 25 32 56 1 15 23 64 55 19 40 39 14 58
28 8 52 27 30 1 3 38 18 16 45 43 34 20 37 0 11 21 26 63 22 41 48 17 47 40 50 36 55 64 49 10 53 61 9 39 32 62 44 15 19 33 7 12 59 25 4 5 58 13 23 35 14 24 29 51 31 54 56 60 2 42 46 57
30 40 14 20 34 44 6 64 1 37 27 60 63 41 18 59 52 23 55 46 33 51 29 24 54 8 36 26 17 21 48 4 50 0 19 12 35 57 62 32 3 2 56 5 43 31 58 53 22 15 16 11 49 61 45 39 9 42 25 38 28 13 47 10
15 38 41 26 57 0 25 28 11 34 46 18 55 13 61 56 24 50 62 19 3 27 49 40 36 10 44 17 33 30 64 45 52 37 29 23 53 51 6 7 14 9 60 54 43 47 20 4 21 16 2 58 59 5 32 1 12 31 39 63 48 22 42 35
47 39 25 7 52 44 29 54 63 35 16 40 64 45 4 42 31 22 41 38 32 51 34 8 50 49 57 58 3 19 43 13 5 55 37 56 12 59 18 53 2 61 10 21 30 14 60 36 11 26 62 33 6 17 15 27 46 1 23 28 48 24 20 0
18 25 33 26 8 14 17 24 9 11 35 36 0 45 48 43 31 34 59 39 20 44 32 63 46 60 2 42 15 7 57 29 21 55 3 30 41 58 22 40 4 12 54 16 1 53 27 28 52 51 56 62 6 50 13 49 19 37 38 47 61 64 5 23
63 45 56 46 20 21 47 27 9 14 61 32 59 43 26 28 31 33 60 16 24 38 2 51 10 1 3 12 34 42 5 50 54 37 58 39 44 55 22 62 35 7 25 30 23 40 19 52 49 6 36 15 64 4 18 57 41 29 17 53 8 48 13 0
59 24 35 27 51 61 11 2 40 58 29 57 18 46 30 4 19 32 6 14 9 5 43 53 17 16 62 10 47 50 60 1 22 21 0 38 20 25 8 7 31 41 55 13 44 23 26 64 28 54 48 34 37 52 3 36 39 45 42 63 33 15 49 56
45 10 22 36 51 41 49 23 64 31 62 55 58 63 25 28 46 11 56 5 33 20 26 29 37 16 44 18 19 14 4 24 15 52 6 54 40 7 53 3 61 34 39 0 2 21 57 27 35 50 8 9 42 59 30 38 43 47 12 48 1 17 32 60
7 48 0 42 37 44 46 61 15 51 39 59 64 41 17 35 23 11 2 55 52 1 22 8 3 5 38 4 36 12 25 6 33 19 29 20 45 9 21 50 10 34 47 60 57 54 32 26 40 30 18 58 63 24 53 13 28 27 62 16 43 31 56 49
32 33 52 42 31 27 11 60 55 56 35 1 47 28 2 20 17 9 62 54 43 4 6 64 44 0 7 46 10 21 12 41 24 45 57 39 36 29 61 22 19 53 37 50 14 3 40 16 38 51 34 23 63 26 5 49 48 8 30 59 58 13 18 25
63 56 50 58 11 38 54 1 47 52 24 28 36 46 14 41 40 18 51 6 35 23 31 12 20 25 45 7 62 42 8 9 64 48 0 5 37 29 15 3 49 21 17 13 60 26 22 10 4 59 33 44 57 34 39 32 61 43 2 55 30 27 19 53
12 33 16 53 42 2 5 59 49 46 60 64 25 20 48 14 18 34 10 31 21 15 24 7 0 26 37 32 63 6 11 61 3 27 56 40 50 44 29 28 52 54 58 9 45 36 19 8 1 13 55 38 57 4 47 39 23 35 43 30 41 22 51 62
36 22 42 37 26 40 55 5 21 35 30 8 20 27 57 39 25 61 64 43 34 17 24 44 7 3 59 63 23 29 60 41 38 19 11 14 50 16 33 51 47 12 0 49 53 56 45 31 10 13 48 58 4 1 52 54 6 15 9 32 28 2 62 46
49 58 37 33 42 15 24 56 35 3 9 61 26 63 16 30 11 7 18 8 50 38 44 48 43 40 57 60 29 28 20 55 6 39 10 13 21 64 5 47 36 51 52 46 14 22 41 59 27 32 53 2 45 0 1 23 31 4 62 25 12 54 34 17
27 21 56 38 42 8 54 51 46 59 43 0 63 4 1 31 60 6 29 52 10 19 5 14 53 61 30 48 24 36 2 13 45 3 28 39 33 9 35 11 34 64 17 62 18 25 16 49 32 23 41 55 47 12 26 7 15 40 44 58 37 50 57 22
59 0 47 19 29 42 17 4 18 33 30 10 7 5 8 2 60 39 32 62 54 15 14 11 52 57 43 40 50 53 1 34 63 64 37 12 51 27 3 13 23 26 9 48 61 24 35 20 56 46 28 44 45 38 49 6 58 22 16 31 55 41 36 25
52 23 38 33 25 47 28 9 64 60 63 8 18 55 5 59 54 56 58 31 30 35 32 4 6 53 15 0 40 17 16 26 27 20 3 2 43 48 24 46 61 50 19 21 49 34 10 39 14 1 11 36 37 7 45 62 51 29 44 13 12 57 42 41
30 2 24 15 29 45 33 34 64 43 63 6 60 55 59 54 37 44 25 36 10 19 21 53 11 8 50 4 41 22 26 52 7 42 20 1 28 16 31 5 14 61 62 39 35 38 49 0 27 47 51 40 48 3 13 46 12 18 58 56 17 9 32 57
43 16 14 12 38 61 21 15 19 23 53 8 58 62 18 46 52 48 41 31 64 51 35 63 26 42 6 34 7 32 55 17 56 29 22 36 30 59 27 4 44 25 54 9 37 40 5 0 28 60 33 13 47 45 1 57 50 20 49 3 10 2 11 39
36 57 8 27 63 2 13 47 0 54 14 32 52 10 35 53 41 6 5 20 61 19 30 49 37 29 58 28 21 31 18 23 16 44 45 43 9 3 40 51 22 33 24 26 1 7 48 55 39 42 11 62 60 59 17 38 50 34 12 64 56 4 15 46
43 18 2 4 3 51 9 29 54 63 7 36 34 30 5 16 12 1 32 35 15 42 25 37 45 61 14 17 23 13 56 53 22 21 28 27 20 41 50 48 38 8 19 62 10 57 47 59 46 24 0 49 58 60 33 64 31 55 40 52 44 39 6 11
12 10 7 41 29 26 4 20 49 43 60 44 59 2 9 8 57 64 35 0 46 3 63 6 45 40 34 13 47 14 51 52 61 37 28 18 16 56 55 50 32 36 38 30 15 62 31 1 48 11 22 19 23 53 58 24 33 17 21 25 42 39 54 5
18 32 56 61 50 64 20 25 13 35 33 58 43 47 3 14 29 15 34 27 60 8 41 63 1 49 16 37 48 39 24 6 0 53 30 52 38 31 42 7 5 11 44 45 36 19 12 22 59 26 62 51 46 10 2 57 4 9 17 55 54 21 40 23
18 30 45 59 38 52 20 35 25 44 42 21 61 48 16 43 19 58 24 40 50 2 14 60 0 37 11 49 28 31 57 1 4 15 62 46 54 39 36 5 47 26 56 41 27 6 32 10 13 33 51 55 7 12 17 34 22 63 23 8 64 3 53 9
7 0 6 2 57 33 13 50 19 48 15 26 49 61 55 47 27 63 43 39 20 3 40 38 10 21 17 52 9 51 36 37 58 29 41 8 44 16 1 64 11 22 42 5 23 35 14 24 4 62 32 59 34 18 60 12 56 46 25 53 28 54 31 45
50 19 12 14 9 26 47 13 10 61 35 21 48 6 36 41 58 33 59 18 64 51 11 24 32 43 62 1 0 44 20 5 39 42 27 22 15 38 3 37 57 45 4 46 2 60 25 17 56 63 54 53 28 34 8 30 52 7 29 55 40 23 49 16
41 8 28 37 46 57 10 24 55 38 14 63 34 22 3 16 56 25 5 21 51 13 50 53 39 59 9 2 29 42 30 6 23 35 18 44 58 4 62 12 0 40 43 15 52 19 54 17 49 1 48 11 60 47 33 45 7 64 20 31 26 61 36 27
16 25 38 43 52 45 17 31 53 30 59 9 48 2 5 13 49 58 27 51 15 29 63 60 12 56 6 1 35 23 14 39 11 4 26 42 41 61 62 7 46 21 34 19 32 47 36 37 10 22 20 55 40 44 3 18 57 8 54 64 0 50 24 28
40 10 7 58 4 0 17 6 8 62 21 32 5 54 18 33 35 22 1 3 57 59 52 16 13 26 39 37 19 55 64 2 25 23 42 24 36 44 9 20 45 11 47 63 30 60 12 38 29 31 56 43 48 53 61 50 51 28 27 49 15 46 41 14
20 47 57 15 14 19 17 24 33 22 6 43 0 7 42 63 52 11 18 54 46 39 2 10 28 61 51 37 21 48 64 23 45 50 49 9 32 30 53 31 36 60 55 1 13 62 56 8 4 40 59 58 27 38 3 29 44 26 41 12 34 25 16 5
60 64 5 1 7 0 34 14 27 12 53 37 10 32 46 49 61 44 30 56 2 19 31 42 4 15 29 58 48 6 11 38 18 23 40 55 3 50 62 51 57 24 33 54 21 20 9 25 59 63 39 52 28 13 16 35 41 43 45 26 8 17 22 47
55 15 62 30 52 60 24 29 25 10 58 17 21 3 50 12 32 51 26 9 4 31 43 63 64 5 44 40 39 59 28 18 53 57 41 6 23 42 47 36 16 45 2 13 38 19 49 8 48 61 35 22 0 34 56 20 33 46 7 14 54 1 27 11
39 30 8 28 0 17 37 5 31 2 35 61 48 29 11 56 45 50 18 63 55 36 62 13 33 49 42 46 15 54 25 26 34 3 19 60 14 16 23 51 9 21 7 52 32 4 12 22 24 27 44 58 10 57 43 47 6 59 1 53 20 41 64 40
16 9 5 52 18 36 15 60 26 17 59 12 50 6 13 62 47 4 55 63 33 1 28 57 48 35 46 41 42 19 49 43 30 53 11 8 51 2 44 34 22 23 61 7 40 64 56 54 10 21 31 25 20 3 32 24 38 0 58 29 45 14 37 27
21 49 34 48 18 31 53 58 39 46 11 63 33 23 62 9 47 27 44 64 12 32 57 0 14 41 4 16 28 38 37 52 8 1 10 50 30 56 51 13 5 61 2 59 43 22 15 42 7 36 17 35 6 45 54 25 24 60 29 19 20 55 26 3
42 21 38 26 56 10 63 35 40 54 12 18 32 62 51 4 39 19 44 7 52 14 20 43 47 0 24 27 6 59 8 46 58 30 48 45 15 11 29 61 2 36 17 53 5 37 1 16 25 50 31 33 23 22 28 49 9 13 55 64 60 57 3 34
55 59 24 5 50 51 34 3 48 53 46 33 56 52 14 2 15 27 12 31 37 6 49 16 23 20 61 63 9 7 11 17 54 62 8 18 29 22 19 1 47 21 28 57 36 38 64 45 60 4 25 43 32 0 13 41 39 35 44 10 58 40 26 30
31 44 40 17 5 2 32 3 57 50 22 42 10 20 58 6 15 24 14 38 13 60 26 28 37 23 51 18 39 29 35 0 56 46 62 45 12 47 48 41 25 64 19 36 4 33 30 1 16 9 53 54 11 49 27 7 61 63 52 59 21 55 8 34
51 5 42 38 64 19 62 15 39 2 0 35 11 59 8 1 3 6 14 4 27 29 37 56 30 55 52 40 45 24 36 41 63 21 20 57 31 16 25 17 12 60 18 13 34 61 9 10 50 47 7 58 32 54 49 53 26 22 46 48 23 33 28 43
62 39 47 4 52 10 53 13 34 9 0 54 57 15 25 48 59 11 8 50 41 16 63 44 61 5 12 37 20 55 35 64 38 56 21 19 60 14 49 3 22 32 40 31 30 6 28 26 58 24 42 43 17 23 7 27 36 18 29 2 46 51 33 1
62 19 23 25 26 57 43 38 24 7 4 11 9 41 20 33 53 29 12 37 48 40 52 49 3 45 14 8 21 44 18 34 32 36 1 0 27 30 31 55 22 47 39 6 42 56 64 35 51 54 61 16 10 58 2 5 63 60 28 15 50 13 59 17
35 21 42 4 24 61 50 51 62 56 46 3 38 23 15 22 39 28 45 12 58 5 13 14 6 9 48 44 53 34 30 57 64 40 63 1 16 31 29 26 2 43 59 17 60 18 20 10 27 8 37 54 32 55 11 7 33 52 41 49 0 25 19 36
41 21 53 1 28 13 25 38 60 24 35 59 30 43 7 47 31 26 22 36 2 19 6 61 14 9 8 52 50 44 37 15 16 10 42 4 57 27 23 5 18 29 49 45 54 11 32 39 64 3 40 56 51 17 62 0 12 34 63 46 20 33 55 58
10 38 50 15 9 55 30 52 3 17 39 25 51 42 26 5 13 44 53 47 6 0 61 16 58 18 11 20 14 43 7 62 41 60 33 40 46 63 57 45 2 35 1 34 27 54 59 22 36 4 29 23 56 48 19 37 31 8 24 12 28 32 64 21
60 19 43 29 6 15 55 57 27 39 9 40 30 45 46 21 51 17 23 20 56 26 14 0 2 37 13 16 36 62 31 54 32 10 34 12 24 25 59 61 48 4 52 8 38 44 33 53 11 63 22 64 42 35 7 47 58 18 3 41 5 1 49 28
27 21 10 61 26 4 9 25 31 19 22 37 34 24 38 49 6 43 54 52 16 50 63 1 62 11 36 45 33 29 41 57 60 59 58 64 32 35 42 56 0 15 55 5 17 23 39 30 14 2 12 46 48 8 18 47 7 20 53 28 44 3 13 40
58 21 1 34 23 3 47 9 42 25 6 29 2 51 63 10 18 16 17 13 20 46 57 44 4 28 19 5 61 33 40 48 0 64 45 22 26 30 50 56 32 38 15 8 53 43 11 7 49 36 59 37 39 60 62 41 31 54 24 14 12 35 55 27
14 16 6 58 55 34 13 4 45 2 48 40 51 27 30 20 61 63 8 50 28 29 33 22 44 39 43 1 36 11 26 59 41 38 12 5 0 25 18 21 57 15 52 47 31 62 35 42 37 3 64 49 56 7 10 54 24 60 17 46 32 23 19 9
22 27 23 64 29 18 10 62 17 36 24 16 56 53 19 39 57 14 41 5 21 34 52 8 45 63 12 38 42 11 2 46 47 40 3 37 6 25 7 43 60 49 1 35 4 50 55 9 26 13 30 28 61 15 31 44 51 48 20 32 58 0 33 59
62 8 38 9 37 57 61 28 20 21 46 17 41 2 14 7 1 12 31 58 36 18 40 0 19 34 23 11 16 5 64 13 53 30 6 47 35 45 50 22 24 25 42 49 51 54 59 48 60 43 33 44 10 4 26 63 27 3 29 32 39 15 52 56
4 27 52 8 2 14 18 6 21 10 38 54 9 28 61 43 5 3 29 58 7 60 64 62 59 33 63 51 17 1 0 45 32 41 55 22 40 44 50 47 13 35 25 12 53 46 26 23 20 39 49 24 11 48 16 19 15 34 42 31 36 57 37 30
29 21 52 6 40 22 34 45 51 46 17 25 49 58 3 15 50 56 62 48 53 54 42 26 5 28 31 27 10 61 64 55 59 9 0 18 32 1 38 41 23 44 35 16 63 8 39 2 13 24 20 60 33 14 4 37 47 30 12 11 43 7 36 19
24 37 56 45 23 57 42 25 41 46 12 3 40 43 28 59 9 16 38 6 30 47 14 10 50 11 39 15 32 64 60 20 49 22 44 0 62 21 7 2 36 61 53 63 48 35 33 5 17 13 1 4 18 19 8 31 26 27 34 54 52 51 55 29
1 26 48 56 47 24 14 22 34 46 57 38 27 15 35 18 0 36 3 64 37 8 39 7 60 5 25 55 62 63 41 4 28 40 20 31 11 16 43 44 32 13 30 29 21 12 23 19 45 58 51 9 61 6 53 42 52 50 54 10 33 2 17 49
1 10 36 49 42 37 52 54 16 51 30 64 28 12 15 59 45 58 56 46 3 19 29 14 27 24 62 8 53 26 4 20 43 11 41 47 33 23 35 39 22 48 7 55 21 63 32 38 18 25 44 31 50 5 61 2 9 6 34 40 0 17 13 57
9 16 59 13 36 39 43 1 6 50 33 15 2 40 10 22 44 47 60 18 19 46 54 3 0 37 5 23 62 26 51 49 63 35 17 8 25 14 48 38 58 41 57 56 20 27 4 30 21 52 7 42 34 24 11 12 45 29 31 53 64 55 32 28
10 25 32 56 26 54 60 14 9 37 5 63 50 44 38 48 57 4 16 41 27 30 45 28 8 21 35 58 29 0 52 15 39 24 33 3 55 20 42 46 13 22 64 34 19 17 18 2 61 11 49 36 40 31 6 51 59 53 7 47 1 12 43 23
27 46 60 32 44 37 0 1 20 40 52 9 25 64 50 14 41 19 4 10 58 18 43 28 26 57 22 48 11 5 2 56 45 38 16 55 8 30 42 34 59 31 21 54 39 12 36 33 49 61 47 62 51 7 29 3 15 24 35 13 23 17 53 6
43 29 27 55 4 8 30 2 13 36 32 20 23 19 18 7 61 44 31 54 10 51 21 24 53 28 58 14 59 11 37 49 46 1 41 17 63 47 48 26 42 57 9 62 12 35 40 6 45 3 33 60 52 5 15 38 56 50 22 34 25 0 39 16
