8 33 1 48 2 3 50 56 17 59 31 64 46 29 47 49 51 20 14 7 23 39 35 30 32 54 40 4 61 41 22 19 18 25 15 9 37 34 16 38 24 43 57 52 10 58 6 11 63 36 44 26 13 27 42 12 53 28 62 45 21 55 60 5
31 39 58 54 62 37 14 42 7 6 29 56 36 51 25 9 12 18 8 5 0 50 17 23 55 28 19 35 64 57 11 15 40 53 20 13 38 44 52 61 4 41 63 26 60 45 59 27 48 30 46 49 10 32 3 22 16 2 47 34 43 33 24 21
25 48 46 15 61 56 55 57 36 63 16 5 30 20 24 37 34 29 18 28 40 44 35 7 33 14 32 26 23 47 12 59 62 19 60 45 42 49 58 39 22 64 54 0 41 27 3 1 13 10 6 43 17 51 52 8 11 21 4 38 50 9 31 53
15 8 10 14 17 48 26 39 22 25 59 6 32 9 30 27 45 19 61 5 16 54 35 44 1 13 40 57 37 29 23 49 64 56 33 11 60 31 21 46 52 28 12 34 18 42 47 41 63 58 4 24 0 38 43 50 2 51 7 53 62 55 20 36
16 31 33 6 57 37 47 55 13 25 24 8 53 30 63 28 2 58 52 48 43 29 20 21 38 10 34 9 51 22 49 0 64 7 45 40 44 41 23 56 59 26 35 42 39 32 27 36 54 11 1 12 18 5 46 17 3 19 15 62 61 50 14 60
59 44 52 23 15 37 38 55 63 64 45 30 4 49 62 42 2 51 9 18 16 32 25 10 11 58 35 21 34 48 19 41 13 12 39 6 61 22 36 43 1 0 26 33 50 53 20 46 56 47 31 60 17 8 7 40 27 3 14 29 57 28 24 54
10 17 21 60 53 38 56 14 44 47 57 54 16 39 7 11 36 22 42 19 37 61 8 64 49 41 24 46 63 28 58 27 0 20 59 40 35 33 4 31 23 48 32 34 25 51 3 1 13 26 45 9 18 12 5 30 15 55 2 62 43 52 29 50
53 11 49 0 39 32 35 22 37 56 6 40 43 21 10 45 3 63 64 15 50 25 46 29 36 59 20 2 55 8 30 41 33 42 1 14 12 19 47 31 16 26 38 44 61 17 5 24 60 58 23 27 13 18 57 52 34 4 54 48 28 51 9 62
53 24 13 63 21 59 37 33 48 3 56 43 0 20 5 62 35 22 36 47 6 29 60 41 58 34 10 23 50 4 55 28 52 27 61 9 19 30 54 18 14 1 17 2 16 49 40 26 31 45 32 11 42 25 46 12 7 64 51 39 38 15 44 57
61 28 1 2 4 14 30 42 25 43 60 8 38 17 5 64 18 20 0 59 10 56 57 7 6 50 16 52 55 23 34 63 37 11 45 39 12 36 44 3 32 40 29 27 49 35 54 41 48 33 26 62 51 19 13 24 15 31 46 58 22 47 21 53
37 21 57 48 43 13 1 27 12 29 32 25 40 52 53 23 38 17 5 7 26 16 6 50 9 33 28 62 3 30 44 49 63 2 8 64 60 19 0 45 56 61 31 39 35 18 24 14 4 11 59 46 22 51 58 34 42 15 47 41 54 20 36 55
9 19 64 57 56 53 61 23 39 38 15 4 10 55 36 22 49 60 45 50 51 30 34 12 3 48 32 13 42 0 2 26 21 8 5 16 33 41 14 1 24 58 31 28 29 40 44 59 18 46 27 63 54 35 20 25 52 47 6 7 37 43 62 17
48 60 27 18 4 1 15 33 57 34 32 16 59 23 44 55 9 13 17 43 39 42 50 14 47 56 10 40 37 30 51 19 35 3 31 26 45 5 20 28 7 54 0 2 64 46 52 38 36 11 22 62 8 63 29 24 53 49 6 41 61 58 21 25
48 58 10 7 2 62 4 18 15 20 47 17 0 8 1 46 12 50 56 30 37 52 42 57 44 59 5 51 35 64 45 24 9 27 40 11 28 36 33 22 63 14 39 31 60 55 16 32 19 61 21 29 53 41 23 6 3 54 43 49 38 34 25 26
13 49 10 47 46 53 11 3 38 54 23 36 37 40 0 21 33 55 7 60 24 9 31 12 16 2 48 29 20 64 52 27 25 56 34 4 22 1 5 44 63 35 28 59 57 61 51 45 30 18 39 58 41 19 43 32 42 26 8 17 62 50 15 6
8 13 50 14 0 17 25 62 48 49 26 5 6 1 63 12 2 61 39 43 64 46 55 16 27 36 3 31 4 60 33 37 30 38 34 45 35 24 54 47 20 11 32 57 56 52 9 51 7 41 10 22 28 40 44 29 42 21 19 59 53 58 18 23
4 7 58 46 54 17 12 53 43 0 18 34 8 38 21 29 15 23 41 55 57 40 63 45 51 6 2 36 47 25 3 9 19 5 30 11 32 37 50 33 22 61 28 52 1 20 39 42 24 35 62 27 64 44 26 13 59 14 48 60 10 56 49 31
27 6 38 13 44 35 40 52 63 3 18 8 37 21 22 49 50 42 12 48 41 36 43 53 60 39 46 31 30 45 58 23 25 7 14 1 62 4 55 15 0 32 9 57 61 34 16 10 51 2 47 26 59 5 56 19 11 64 24 54 28 20 29 33
61 52 19 54 21 7 36 44 32 9 29 4 5 24 48 41 23 26 6 33 27 51 46 14 59 13 35 20 43 58 40 63 56 22 38 31 30 3 17 11 37 60 2 15 12 55 57 49 62 34 42 16 28 50 0 53 47 8 25 64 45 39 1 10
48 25 40 7 0 22 15 11 55 62 64 51 16 45 10 2 32 8 39 38 29 43 46 9 21 18 56 50 3 6 12 5 30 4 42 37 13 35 26 59 33 34 31 17 1 24 14 63 54 53 57 52 27 36 41 58 47 23 44 49 60 61 28 20
57 38 1 9 54 53 60 13 6 40 51 62 17 22 12 42 27 23 41 2 18 16 55 49 34 5 64 45 25 0 8 24 26 14 3 46 35 56 50 10 52 31 11 63 33 28 30 37 36 21 39 43 32 47 61 59 48 58 19 15 29 4 7 44
7 2 32 46 33 61 50 44 29 34 55 36 62 38 30 15 49 51 10 22 20 40 45 19 18 17 42 12 13 6 14 4 0 52 24 5 47 37 27 41 63 57 53 39 35 31 43 54 56 23 59 8 26 9 58 25 60 64 3 11 1 48 28 16
24 36 40 42 14 48 51 19 7 0 4 43 57 23 30 6 41 17 50 46 54 33 20 38 8 64 16 21 44 18 25 47 9 59 1 15 63 32 58 34 12 13 35 39 56 55 5 26 60 11 29 31 37 52 3 27 49 62 10 28 45 53 2 61
55 46 17 24 20 6 50 60 53 34 62 31 7 9 36 8 12 14 29 10 52 63 49 11 39 26 41 51 30 21 13 38 5 47 19 37 40 25 22 4 42 16 3 48 33 45 2 61 1 18 64 44 57 15 59 28 0 56 35 27 32 54 43 58
7 30 17 18 14 1 28 42 19 48 22 55 43 34 59 29 45 32 15 40 16 21 27 11 5 3 35 61 62 39 49 47 64 6 63 36 44 8 12 31 37 46 2 23 38 10 13 57 54 53 0 33 4 50 9 25 41 52 26 60 58 56 51 20
20 43 42 59 63 6 16 29 60 17 21 57 33 58 12 48 35 3 62 15 53 31 4 37 27 18 1 47 34 30 11 26 32 44 5 38 2 24 56 46 28 13 49 7 0 54 50 51 55 36 8 9 14 22 10 64 40 45 41 52 61 39 23 19
43 2 4 44 22 47 28 12 1 18 17 29 51 3 57 36 25 5 0 41 35 8 64 52 46 45 13 59 11 24 27 10 23 63 34 62 53 38 40 42 21 54 6 37 20 32 30 9 15 33 49 14 39 61 60 50 55 48 56 7 19 16 58 31
20 17 10 34 60 28 8 57 33 7 6 13 15 26 52 43 38 14 11 63 40 35 37 64 41 4 36 0 32 56 9 47 45 50 23 12 29 61 55 16 58 59 30 51 2 44 48 42 53 46 21 1 54 3 39 31 18 49 62 19 24 5 25 22
25 62 37 41 23 8 40 19 31 43 38 59 4 0 56 29 46 13 2 49 7 12 34 10 16 24 64 32 15 36 42 44 45 20 27 18 63 26 9 52 22 51 60 11 54 58 47 57 5 1 61 30 33 53 35 48 17 14 3 6 39 55 21 50
33 18 59 54 1 16 44 6 41 11 8 45 30 2 58 23 53 56 3 50 60 57 36 43 0 47 63 4 10 17 38 27 55 49 37 31 24 62 13 51 32 5 52 15 21 22 39 40 35 25 34 64 20 46 42 9 61 19 26 28 7 12 14 48
40 21 0 26 38 58 34 27 45 14 55 53 54 59 25 44 42 28 29 57 52 47 39 19 60 17 46 9 16 10 37 13 63 20 6 4 36 51 48 43 24 1 49 23 18 35 32 22 5 11 33 31 7 2 64 41 12 56 50 3 15 8 61 62
44 4 3 33 6 41 25 45 64 5 12 60 28 54 37 26 27 47 21 55 36 23 29 15 40 7 0 38 18 17 11 35 46 8 34 57 61 43 52 51 2 58 50 49 1 63 42 20 13 62 32 9 59 30 10 56 19 22 39 53 24 16 14 48
6 0 15 49 19 22 1 28 56 24 58 46 38 51 57 14 10 4 9 23 11 62 5 63 20 55 7 59 42 36 40 43 30 18 2 60 29 41 45 34 17 35 8 26 52 47 21 39 33 12 25 27 50 31 64 48 44 16 53 54 37 13 61 3
56 6 40 46 2 41 36 52 50 11 47 19 12 42 26 58 55 45 39 22 25 17 13 57 21 23 54 14 28 15 31 7 53 5 59 49 48 44 30 60 16 32 1 27 4 63 29 64 62 18 35 8 24 9 10 20 51 3 61 34 43 38 0 37
15 51 2 0 55 5 12 53 30 3 33 40 52 38 58 62 32 19 45 17 25 23 10 63 1 29 22 42 20 9 61 16 37 60 50 11 57 4 35 24 44 49 31 6 8 13 21 26 36 47 56 28 7 48 54 43 64 59 39 18 41 46 27 14
64 61 32 9 12 60 63 58 62 22 51 52 10 55 24 53 27 6 56 42 34 38 25 11 2 36 17 54 40 46 31 8 43 45 18 49 26 20 39 59 15 29 41 28 33 16 0 14 5 57 30 1 19 23 7 3 50 4 37 44 48 47 13 21
49 54 32 17 18 45 26 7 24 44 28 57 63 14 43 9 31 8 19 15 1 59 52 50 40 4 62 41 34 60 33 11 2 37 61 46 23 0 29 13 12 42 48 3 30 51 25 6 16 64 53 55 38 27 47 21 22 5 56 20 35 39 58 10
0 61 34 5 25 46 35 60 54 45 12 2 32 24 41 20 30 56 9 14 58 29 23 31 47 15 52 17 8 10 40 53 48 42 39 1 6 59 62 28 36 64 50 55 3 26 4 49 51 57 63 21 16 13 33 38 19 43 44 18 22 11 7 27
27 13 3 18 12 19 36 10 23 21 34 49 44 63 9 29 2 4 0 53 54 61 24 59 1 48 37 51 8 33 40 47 30 20 43 52 35 32 5 6 15 14 39 60 26 41 7 17 22 28 58 16 46 45 25 55 11 56 57 64 50 62 31 42
32 54 13 15 38 6 21 9 45 36 56 63 2 10 30 19 14 23 47 51 26 25 58 61 53 46 55 22 40 35 42 34 62 12 64 4 43 44 59 24 41 16 31 3 27 50 33 29 8 17 11 48 37 49 28 52 1 60 7 20 0 57 18 5
16 38 27 36 19 17 30 50 1 13 28 15 52 8 55 41 11 22 60 35 9 32 57 14 37 42 53 44 45 3 49 7 63 4 2 59 5 48 29 6 31 10 51 64 33 26 0 25 18 54 46 58 47 56 21 23 39 34 61 43 24 12 62 20
38 60 42 50 27 29 24 30 55 1 48 64 15 39 3 34 52 53 59 47 9 19 32 44 61 33 56 26 22 0 58 54 57 2 16 49 18 17 11 37 62 45 20 23 13 14 12 21 4 35 43 6 5 8 63 7 36 31 51 46 28 25 40 10
28 22 10 33 64 31 59 56 47 25 38 7 43 40 36 0 46 12 17 61 41 44 26 34 19 6 11 63 45 14 3 32 16 4 50 13 24 52 60 53 51 23 30 29 2 20 37 8 55 54 15 57 21 18 9 62 39 48 58 1 35 27 49 5
55 53 63 39 4 6 8 62 25 30 64 58 54 1 44 14 18 26 17 12 3 56 13 10 28 61 49 52 31 23 48 32 36 46 42 40 7 19 2 33 59 0 15 47 16 60 45 41 50 35 29 9 27 34 38 11 24 51 22 5 20 37 21 57
23 16 28 1 33 38 8 45 47 24 14 57 4 36 35 54 40 41 29 31 6 5 39 20 18 53 7 62 60 50 56 11 12 0 64 43 27 17 51 2 10 13 37 26 34 52 59 21 19 25 32 3 48 55 58 42 22 49 15 9 46 61 63 30
53 37 58 10 18 6 5 35 39 29 59 61 34 63 54 22 36 15 16 50 57 33 40 9 24 12 32 62 41 27 51 23 52 38 7 1 49 43 30 28 8 44 17 26 0 31 25 60 48 55 42 21 19 46 13 14 20 47 56 2 4 3 11 64
53 9 20 45 1 15 22 6 26 43 55 5 3 28 17 36 21 24 52 59 14 62 35 25 23 63 4 50 33 47 38 11 30 41 51 40 49 32 56 57 61 8 27 34 7 29 12 39 64 2 54 18 0 42 37 31 19 13 58 16 60 48 44 10
42 20 46 53 24 63 57 44 56 0 37 30 8 36 39 4 11 2 28 43 34 27 49 13 10 3 17 26 51 33 29 9 25 55 1 18 22 61 35 62 12 15 59 60 7 48 50 64 6 38 5 19 21 32 58 52 23 40 16 41 31 45 14 54
22 0 38 14 15 41 44 3 26 55 64 34 13 6 33 49 54 20 12 16 61 40 5 24 11 7 47 63 27 50 10 23 17 43 25 1 53 4 42 51 60 18 56 31 35 57 59 30 45 46 62 8 37 52 32 36 2 29 9 28 19 39 58 21
35 60 38 13 40 26 57 63 50 39 23 10 59 58 25 17 3 32 12 1 44 37 11 7 36 9 56 0 16 52 8 5 14 45 46 15 51 19 54 41 33 18 20 47 21 28 4 29 30 62 53 27 55 6 2 61 22 42 64 43 48 24 34 31
36 29 3 8 26 62 56 18 49 11 63 64 27 31 19 41 30 58 28 39 0 38 12 34 16 20 6 9 57 59 25 60 40 32 37 23 7 51 54 55 45 4 22 24 15 13 35 53 21 33 42 46 17 1 10 5 43 2 44 61 52 47 48 14
4 29 64 14 55 45 49 47 6 22 31 28 3 1 58 17 52 43 13 15 42 2 59 7 18 21 5 40 61 12 33 62 50 27 26 20 8 56 57 19 37 9 48 11 30 38 41 10 53 25 16 39 34 60 0 63 54 32 24 44 35 36 46 23
44 40 39 59 53 55 0 49 34 48 16 58 64 33 30 45 46 7 10 37 32 13 43 24 19 9 20 25 8 28 22 62 15 56 23 27 5 57 2 18 63 11 3 47 12 35 51 38 17 54 50 61 1 14 4 21 29 31 42 60 36 26 6 41
32 33 23 61 1 42 26 48 30 55 40 21 2 7 49 37 59 57 16 34 3 64 39 5 52 63 25 18 17 38 11 46 14 41 60 10 35 28 43 56 4 29 50 47 62 31 12 27 0 58 15 22 54 9 44 8 45 36 19 20 6 13 24 51
20 8 40 45 37 12 50 3 63 49 46 2 19 59 52 23 14 27 39 28 31 18 4 30 34 61 60 32 22 0 13 55 56 48 9 51 35 44 38 17 64 15 16 62 33 41 36 5 7 42 1 24 29 11 53 6 43 26 25 47 10 57 58 21
0 63 49 61 24 10 17 8 1 39 48 29 43 44 22 18 58 47 64 59 27 26 3 7 25 51 11 62 9 15 56 33 4 60 50 16 41 14 30 6 32 23 28 38 53 45 57 52 5 36 42 19 34 13 54 35 37 21 40 31 2 12 46 20
53 52 38 0 30 7 40 11 1 57 62 32 16 54 34 29 35 5 25 28 2 59 14 8 60 45 10 23 49 33 15 13 26 18 3 12 47 17 36 37 61 24 27 51 64 19 42 43 50 6 48 46 63 31 44 21 4 41 9 58 22 55 39 20
52 24 45 56 42 55 28 41 59 0 34 58 60 2 33 19 61 14 1 50 5 53 20 62 18 12 54 8 7 44 17 47 26 3 63 48 39 22 21 30 13 49 25 43 15 46 27 10 40 9 51 64 35 36 32 23 11 38 31 6 16 29 4 37
15 41 11 0 9 52 39 23 48 18 21 19 1 32 12 29 16 43 10 42 50 47 13 56 61 6 25 2 57 51 46 5 36 59 17 8 45 49 38 30 3 33 62 31 14 40 7 26 37 27 44 35 63 34 28 54 64 60 20 55 22 4 53 24
36 51 27 21 29 45 35 19 52 55 16 11 8 39 64 50 37 22 26 17 48 18 34 12 53 49 24 57 42 58 62 6 0 31 30 43 23 20 9 33 5 38 15 1 40 61 41 13 14 7 56 60 46 32 3 63 10 2 4 25 44 28 54 47
27 19 7 16 15 33 3 23 64 11 51 53 45 21 43 1 24 13 17 0 42 40 49 55 29 57 32 10 6 62 36 61 14 50 48 18 63 4 25 39 56 31 54 8 41 46 47 22 2 5 9 35 34 20 59 52 58 44 37 28 38 26 30 12
2 52 33 18 64 26 23 15 55 59 14 21 30 63 12 46 45 7 34 17 57 8 32 10 44 3 36 27 28 16 24 37 51 38 41 20 6 0 48 56 43 49 35 9 42 25 1 62 53 31 13 39 50 29 5 11 22 58 40 60 4 54 19 47
18 3 11 37 44 45 35 2 1 21 50 59 34 33 60 16 25 42 47 63 49 8 13 31 22 26 61 6 55 52 30 46 64 23 48 38 57 56 28 7 12 53 4 39 41 27 17 15 29 32 19 5 54 20 0 36 58 10 14 24 9 51 43 40
30 36 5 16 59 24 56 4 18 45 39 28 6 52 11 3 2 50 31 27 20 60 13 53 0 44 49 33 15 32 64 41 40 61 51 25 47 34 46 62 1 19 21 14 42 22 58 48 26 43 23 10 37 38 35 55 12 9 17 54 7 8 29 57
48 33 3 23 28 0 47 60 30 13 51 27 8 24 15 29 10 11 53 50 43 38 36 5 6 44 52 22 34 18 61 45 9 1 62 14 42 57 19 26 58 2 4 63 39 17 7 31 41 25 49 16 40 59 54 21 46 12 55 32 20 37 56 35
