37 30 8 3 11 14 4 40 62 63 41 27 10 47 51 46 43 59 31 22 20 25 50 26 53 13 56 38 36 61 32 5 9 54 7 52 57 45 44 18 15 39 23 28 24 55 49 60 2 29 35 19 6 21 12 48 64 42 34 1 16 58 17 33
11 29 46 34 49 8 44 57 41 48 64 62 38 4 17 7 52 10 27 14 33 32 47 54 2 9 24 35 3 26 60 28 53 23 55 13 36 63 18 61 20 42 39 19 25 56 0 50 5 12 58 59 51 21 15 22 30 16 45 43 6 31 40 37
57 58 16 38 50 19 55 62 25 61 21 5 20 30 40 48 23 18 0 8 3 24 39 56 46 32 45 44 13 52 12 17 37 9 10 42 63 1 11 36 29 6 26 47 51 7 43 31 34 33 64 15 28 53 49 22 60 4 59 14 41 35 54 27
63 34 26 47 28 27 31 40 60 59 37 57 9 38 50 29 48 45 2 39 56 8 16 30 4 12 36 61 43 13 62 20 19 32 15 58 49 0 1 55 35 46 6 44 54 21 51 24 5 25 64 52 33 22 17 53 14 42 10 41 11 7 18 23
44 23 42 10 50 38 33 18 26 8 57 29 27 6 11 45 63 1 37 58 24 5 41 52 7 16 28 9 32 46 49 17 39 34 56 3 25 40 12 20 62 15 64 30 21 14 35 31 13 60 54 51 55 43 19 36 0 22 53 61 2 48 59 47
45 55 51 1 12 25 15 10 52 20 33 54 7 56 8 63 14 24 58 37 0 21 38 26 42 2 49 50 41 13 44 35 19 17 4 32 46 43 3 29 47 18 36 31 48 62 27 34 39 16 22 6 60 28 11 61 59 53 64 30 40 23 9 57
31 9 16 12 54 2 44 43 29 45 53 18 42 58 13 46 24 61 37 21 19 5 41 30 47 39 35 25 33 36 14 4 51 3 8 62 64 60 11 10 34 57 27 49 40 23 22 63 7 32 20 17 0 50 15 55 26 28 52 38 48 1 59 56
58 22 60 17 28 0 30 20 38 5 14 37 41 52 4 6 63 46 36 33 13 54 18 10 11 9 50 29 34 64 56 57 44 55 32 12 53 42 15 21 31 61 51 59 24 39 25 43 49 1 26 19 62 47 8 48 16 27 23 45 3 2 35 40
36 47 28 56 0 10 46 39 61 50 51 23 49 33 37 20 17 57 58 42 1 11 15 41 22 43 38 7 48 13 19 6 4 29 64 32 63 26 53 59 14 18 30 40 27 3 31 44 52 34 62 24 60 16 45 35 54 55 25 5 9 2 12 21
33 3 52 64 23 47 61 12 55 31 15 4 22 26 32 57 2 10 5 28 46 51 59 13 35 63 58 36 54 41 42 19 25 24 62 44 27 49 38 8 39 21 0 48 60 11 34 18 45 1 17 40 16 56 14 53 7 37 6 50 29 20 43 30
31 54 50 33 16 18 56 42 61 51 36 14 39 8 52 30 23 63 11 41 15 5 1 27 35 55 59 44 2 28 64 45 49 58 9 19 57 22 53 20 60 29 48 21 47 43 38 26 32 13 62 0 24 12 3 25 46 6 17 37 4 7 40 34
43 5 28 58 37 57 14 21 41 47 25 15 3 32 12 55 4 24 22 63 27 60 45 1 16 23 31 46 7 36 39 51 59 56 19 6 9 20 52 33 2 44 61 40 35 34 42 29 0 18 26 54 8 17 62 38 50 10 53 30 13 49 48 64
16 19 3 49 30 9 45 61 31 22 33 29 40 43 46 14 38 60 7 36 54 52 57 35 48 11 2 55 50 6 47 64 27 20 17 25 5 23 34 53 21 8 10 39 63 28 37 58 1 15 59 51 13 0 32 41 4 26 56 44 42 24 62 18
27 45 28 20 6 30 57 9 44 53 19 38 1 8 15 41 14 21 62 42 55 0 12 46 5 31 39 36 56 51 64 10 18 4 11 47 23 59 49 50 24 16 32 35 40 48 25 3 54 7 58 61 26 33 37 22 63 17 2 29 52 60 34 43
3 6 4 60 21 0 47 25 46 8 2 37 11 30 51 17 9 45 28 36 39 49 64 19 34 23 31 63 42 22 53 57 20 58 16 52 26 10 32 40 61 43 56 29 35 27 44 5 55 41 54 24 15 13 12 48 62 7 59 50 33 1 18 38
54 7 46 60 37 5 8 56 27 52 18 21 33 36 32 50 35 19 57 42 53 34 43 3 63 44 23 1 59 38 16 13 45 64 29 24 10 0 28 6 62 55 61 58 48 40 4 26 49 20 22 14 41 51 2 31 11 25 30 12 9 39 47 17
52 3 51 15 20 64 19 23 63 41 53 5 12 10 29 28 24 31 6 11 25 7 61 49 14 13 56 4 47 42 50 58 43 37 9 26 55 17 22 39 33 54 48 18 44 8 21 36 40 62 60 38 30 57 46 1 2 0 34 27 59 35 32 45
10 30 36 0 57 15 41 40 44 25 58 50 16 53 62 35 1 2 22 49 60 34 48 20 31 27 43 9 3 6 46 18 4 32 61 5 54 29 33 56 39 19 45 28 52 64 26 13 42 11 14 59 47 24 51 21 38 63 12 55 8 7 23 37
37 45 47 5 11 60 29 53 49 27 57 0 16 25 34 8 23 31 30 15 64 38 28 58 22 55 14 56 52 33 48 40 35 21 46 63 6 13 54 20 2 51 10 59 1 17 26 41 4 62 39 12 7 3 61 42 50 9 43 36 32 24 19 44
30 47 38 32 51 23 5 21 49 43 45 48 58 52 3 7 14 33 34 8 64 56 0 61 37 59 63 10 60 9 1 18 24 25 16 46 41 40 55 12 36 13 54 53 29 22 31 28 15 26 6 57 11 27 50 35 44 2 62 42 4 17 39 20
57 24 15 49 34 14 10 53 51 2 21 1 25 22 43 17 45 27 13 54 19 6 29 40 39 23 7 4 50 46 63 42 60 26 33 38 28 8 56 59 62 18 58 9 41 16 31 55 47 11 32 64 48 30 36 0 37 52 44 5 61 3 35 12
50 61 10 43 60 6 18 63 20 3 55 54 11 2 36 42 9 7 53 0 30 26 52 31 39 57 58 41 12 14 44 4 49 46 40 59 1 19 22 29 34 15 38 25 47 28 13 62 27 16 45 23 33 17 56 48 5 35 24 51 32 8 37 64
45 56 40 38 30 13 25 18 37 53 15 33 5 1 36 44 63 57 64 14 6 32 20 8 4 10 50 42 29 23 49 21 28 17 43 41 51 19 54 0 3 55 2 39 48 31 58 47 26 59 34 9 52 35 7 16 24 46 27 62 12 60 11 61
17 24 36 28 0 27 6 62 10 40 9 15 3 55 22 25 48 46 33 58 53 47 31 1 39 21 45 26 14 13 20 60 38 52 43 19 7 49 63 35 34 56 11 51 44 57 41 18 16 32 64 61 12 2 59 30 4 42 8 54 37 29 50 5
31 45 35 14 47 3 56 44 42 22 10 0 43 46 37 36 57 50 19 29 17 7 32 63 59 64 41 20 60 51 8 33 16 4 48 1 34 61 12 30 13 55 27 26 38 58 53 28 2 5 18 21 52 25 6 11 9 54 39 49 23 15 40 62
14 2 37 33 46 20 10 7 54 32 29 42 21 23 48 41 22 36 62 44 50 52 61 64 53 35 15 51 60 30 5 43 39 16 8 1 17 18 13 38 27 56 24 58 26 49 34 6 55 12 4 40 63 31 3 59 9 19 47 11 0 57 45 28
45 23 6 48 13 1 15 53 43 37 59 49 60 12 54 62 34 19 22 5 27 3 9 30 56 61 44 29 24 58 55 18 52 35 38 8 4 47 14 28 17 46 40 7 16 63 20 2 11 33 39 31 32 21 51 57 36 0 42 10 50 25 64 41
9 41 43 3 37 21 58 16 51 10 22 0 8 64 48 31 7 39 29 54 11 61 60 30 49 56 38 4 28 2 26 63 40 5 18 55 45 20 59 6 13 17 25 53 32 62 1 42 50 23 34 15 52 46 47 44 19 33 12 57 35 14 36 24
50 39 7 20 12 6 44 17 23 48 21 26 4 9 53 58 15 0 37 34 11 29 60 51 19 56 27 40 43 33 32 5 57 42 24 38 63 2 64 36 41 62 35 13 3 14 31 49 52 46 30 25 54 45 22 16 55 47 8 59 61 18 10 1
42 48 14 44 32 47 17 61 46 51 23 37 59 20 27 22 33 16 3 50 21 36 25 24 57 60 28 11 45 31 63 49 2 39 0 38 41 15 54 13 12 9 52 62 34 64 58 43 56 6 4 26 53 1 40 18 10 55 30 35 19 7 8 5
34 28 8 20 17 56 16 24 10 25 14 55 12 29 41 23 42 11 13 32 49 18 7 60 15 53 63 44 9 48 38 31 58 40 26 37 36 0 64 57 46 51 50 6 59 61 21 39 19 3 27 52 4 54 33 47 62 35 22 1 2 43 45 5
2 3 24 55 28 19 18 53 43 23 61 26 47 48 16 32 15 49 1 9 37 51 56 10 62 7 40 60 34 52 42 44 4 30 8 36 50 13 39 46 0 57 35 58 45 64 38 63 17 59 54 20 33 27 5 14 29 12 22 41 11 21 25 6
31 4 36 34 0 43 30 6 2 54 58 18 15 26 61 21 10 7 8 9 5 16 11 38 29 25 17 28 22 1 53 13 57 45 60 59 27 50 44 42 64 41 52 37 47 14 35 40 48 3 19 20 46 23 56 24 63 39 33 12 55 49 62 51
41 38 56 64 44 17 45 0 26 2 35 57 48 5 18 62 16 36 15 29 25 6 58 1 8 54 11 40 50 37 13 63 24 46 60 31 30 49 20 4 19 61 7 22 51 12 52 53 34 23 47 27 3 42 32 43 21 59 55 14 10 9 39 28
25 5 64 57 8 44 63 29 20 46 3 59 61 43 22 31 26 4 2 19 36 18 13 38 9 14 0 27 1 55 30 41 7 39 21 11 10 28 48 12 24 6 54 33 16 50 45 23 58 60 52 35 49 40 53 15 51 56 62 42 32 17 37 47
9 5 31 47 36 23 32 40 15 14 20 29 60 27 3 39 17 50 57 19 4 49 44 34 7 30 54 6 37 21 56 53 63 64 10 45 2 11 41 46 1 55 59 43 18 33 61 12 38 16 48 24 42 58 8 52 28 0 62 25 51 22 26 13
11 39 48 37 38 30 16 20 0 22 29 15 5 18 46 42 27 60 50 59 24 31 54 12 35 52 63 2 33 44 64 10 9 55 25 45 49 26 56 1 40 23 58 28 41 19 13 4 62 43 8 34 3 14 57 61 51 32 47 53 6 7 21 17
32 13 45 27 2 31 61 54 53 34 14 39 5 12 4 10 23 58 38 25 28 56 43 19 29 36 41 60 51 57 63 22 52 17 6 3 30 33 42 62 35 21 47 0 55 20 48 7 26 59 8 46 15 50 1 9 24 44 64 49 11 40 18 16
33 27 54 10 47 58 7 30 25 63 45 28 62 29 6 46 8 19 56 13 4 39 9 55 52 5 61 21 51 17 20 37 15 22 64 41 18 35 44 16 57 53 24 3 32 48 36 11 0 14 40 60 43 1 23 26 12 59 50 2 42 34 31 49
63 46 33 29 10 60 56 26 30 14 22 9 28 20 8 23 47 24 48 38 54 36 3 15 52 42 55 57 0 21 50 64 34 16 17 27 44 32 51 62 1 11 12 6 58 5 25 18 31 61 35 49 53 7 2 13 40 59 41 45 43 19 37 4
31 8 13 6 47 54 18 58 45 33 63 28 23 41 44 25 14 64 19 35 46 55 39 9 62 48 50 53 36 3 27 43 30 22 21 15 17 60 24 7 16 10 59 5 57 38 4 52 32 34 49 37 2 61 29 56 51 12 0 26 11 1 42 20
25 42 53 18 44 37 22 51 35 56 38 31 52 5 55 60 3 49 28 7 8 63 39 15 30 21 59 45 12 11 23 6 40 2 36 1 26 16 54 4 24 43 46 34 13 17 0 29 33 14 61 20 47 19 58 57 48 64 9 27 32 10 50 62
23 59 16 2 8 20 30 24 29 55 56 4 64 13 41 14 31 37 25 7 11 53 32 43 26 60 44 46 12 21 47 19 35 36 10 61 50 33 15 6 34 39 51 5 49 1 54 9 63 17 0 52 28 40 18 57 62 48 45 27 38 3 22 58
0 40 2 47 19 36 1 58 54 61 32 33 16 50 41 62 48 31 5 57 27 44 42 52 46 17 9 30 3 29 51 60 20 28 34 59 6 38 22 55 25 7 11 63 23 35 49 39 10 12 24 26 4 8 14 56 15 64 37 18 53 13 21 45
30 7 34 40 58 36 8 55 46 38 47 45 31 15 22 9 33 56 64 28 35 1 14 10 16 59 17 37 26 62 18 60 63 29 11 27 25 42 21 51 41 52 12 57 3 4 53 2 54 32 48 13 0 50 39 49 19 24 6 43 5 20 61 23
39 46 24 25 54 4 40 21 7 52 26 9 18 41 43 35 56 55 11 23 44 14 61 48 42 13 17 49 36 37 57 50 3 5 1 8 51 60 22 12 33 31 20 6 16 62 0 64 47 30 34 53 15 29 59 19 63 10 38 28 58 2 32 27
25 7 41 36 45 38 37 54 18 40 53 50 39 3 64 51 12 31 49 23 13 2 42 1 61 19 52 0 35 29 11 59 26 60 57 27 43 55 8 22 63 30 32 62 15 21 24 28 44 4 58 10 33 48 20 5 14 34 56 9 17 16 6 47
35 62 14 54 39 43 23 36 3 48 15 11 5 51 44 4 24 19 58 52 64 8 46 16 59 28 56 30 33 27 42 20 31 53 55 2 25 57 7 18 41 29 10 17 63 12 45 0 37 49 9 38 1 34 13 40 32 6 21 60 61 22 50 26
23 25 14 11 26 5 58 30 21 12 49 42 51 38 64 54 45 28 18 52 16 17 47 55 4 22 35 2 57 3 15 61 29 60 1 33 62 59 0 32 41 46 39 19 53 7 43 56 8 40 24 31 36 27 34 37 10 50 44 20 13 63 9 6
45 7 32 5 12 2 9 20 13 10 31 34 53 0 39 1 36 4 14 35 58 16 28 25 8 51 42 50 43 29 56 55 26 46 38 59 27 61 47 41 21 22 40 54 30 24 37 33 18 60 57 6 17 11 63 52 48 44 19 3 62 23 15 64
31 21 10 58 19 15 46 34 1 53 3 23 45 30 36 13 55 43 32 2 60 56 29 0 26 63 5 52 28 24 38 42 64 35 9 47 49 25 14 61 11 16 8 18 27 40 22 37 51 54 20 4 48 41 7 59 17 62 57 39 44 33 6 12
49 21 56 38 39 29 18 47 61 4 13 63 35 36 17 12 32 30 6 58 42 40 5 46 34 52 59 62 11 55 31 8 24 44 20 25 48 64 23 0 19 14 37 10 50 2 9 60 45 1 22 16 26 33 15 53 41 3 54 27 28 7 57 43
46 14 55 9 47 51 28 2 58 4 6 31 34 22 39 36 19 27 32 7 61 12 11 21 16 64 1 62 29 20 63 18 45 13 41 24 0 23 35 42 5 40 26 53 48 57 44 25 3 8 54 30 49 37 38 60 59 50 33 56 10 17 43 15
41 26 45 54 60 11 2 17 7 35 9 8 1 28 57 58 25 63 3 47 39 15 19 38 61 18 37 12 51 6 48 46 62 31 13 36 30 20 59 52 40 24 22 27 44 34 56 50 55 16 43 10 5 33 0 64 23 32 42 29 21 4 14 49
41 43 39 19 50 0 23 37 56 52 33 42 61 64 63 4 57 59 20 11 13 7 3 38 31 55 49 32 8 25 34 26 15 27 12 16 36 5 18 21 14 17 28 60 47 62 22 53 10 1 9 40 44 58 51 30 29 45 6 2 46 24 35 48
2 44 41 49 57 11 59 42 63 6 29 64 51 48 43 14 21 36 31 4 38 60 20 62 27 5 61 0 34 9 8 54 10 40 28 47 16 24 37 52 45 18 1 15 3 7 19 35 46 50 56 12 26 58 17 13 23 30 53 25 22 39 32 33
33 19 11 54 64 17 28 8 57 26 58 62 51 39 2 6 16 59 1 3 31 49 63 35 53 38 32 47 37 43 45 21 27 48 41 7 36 61 10 14 9 46 50 20 40 60 30 12 34 15 13 24 4 42 55 44 25 52 29 0 22 5 18 23
20 14 50 7 55 27 23 8 54 42 36 45 26 11 62 34 10 2 28 59 31 63 61 5 24 25 1 4 43 3 15 0 46 13 44 38 60 48 41 18 35 52 17 64 32 6 53 37 29 33 39 19 51 30 49 56 22 9 47 58 21 40 12 16
45 10 59 28 32 44 3 11 23 27 26 12 2 0 49 63 38 34 20 13 61 7 64 41 35 5 19 1 8 53 62 9 24 25 18 54 36 42 39 30 4 48 37 22 46 57 15 51 14 29 47 21 60 33 16 43 56 52 55 50 17 40 31 6
55 0 12 14 13 4 54 45 31 2 35 20 33 27 34 29 58 24 9 47 10 25 37 48 8 16 63 3 41 22 60 49 6 62 21 46 11 57 52 43 26 39 50 7 32 42 38 18 53 19 36 64 1 51 44 23 56 40 17 30 5 61 28 15
56 34 43 4 57 11 17 18 54 19 26 40 62 3 39 32 29 45 9 63 27 42 55 49 24 41 61 25 51 2 13 20 64 6 15 46 14 31 22 0 47 58 5 28 33 52 50 23 48 10 36 21 7 30 53 35 38 44 59 12 8 37 16 1
62 25 27 15 57 1 10 36 19 30 64 12 34 54 63 45 28 44 22 48 16 35 11 14 47 43 33 56 20 5 59 0 51 50 9 40 4 52 7 26 55 32 31 53 3 13 2 41 58 39 42 18 23 37 17 29 38 21 8 60 46 6 49 24
5 2 3 59 18 24 60 45 55 48 6 41 37 20 36 12 11 57 54 32 17 1 28 38 31 63 19 7 56 15 47 42 64 51 46 10 61 40 14 27 4 58 39 9 21 49 0 29 13 30 16 23 52 8 22 43 50 53 26 34 25 35 33 44
20 41 43 23 16 15 46 6 12 44 25 64 1 38 18 13 56 24 54 10 29 59 19 49 62 34 3 4 11 7 52 35 45 14 21 5 53 36 32 58 17 39 33 51 22 60 2 28 47 9 27 61 26 40 48 50 42 30 31 8 55 57 37 0
9 48 2 39 18 17 34 43 15 20 49 62 28 30 22 29 58 63 14 50 56 5 47 8 26 1 10 59 53 0 7 36 21 45 44 23 54 38 16 41 42 51 13 60 52 19 6 31 57 61 3 40 4 46 37 32 12 27 25 55 33 35 11 24
