20 54 32 48 23 34 46 15 64 60 30 4 40 44 25 58 16 42 29 63 13 21 51 3 35 9 8 41 37 7 62 22 53 33 57 14 2 17 10 31 26 47 59 61 12 36 5 39 52 24 43 38 18 27 49 28 45 6 1 50 19 55 11 56
54 23 0 28 56 46 11 6 44 19 39 59 20 49 45 30 48 60 15 52 55 41 37 53 2 29 16 58 42 51 10 5 26 22 57 27 7 38 32 47 50 8 40 3 13 14 24 9 61 31 25 63 18 17 4 12 36 62 21 35 33 64 43 34
12 15 52 48 5 64 54 7 0 22 34 17 35 38 59 13 32 26 31 40 19 20 11 45 43 58 51 6 49 44 30 37 4 29 39 41 25 33 46 62 63 36 27 1 60 28 18 55 53 21 42 24 10 50 16 14 8 57 47 56 23 61 9 3
36 43 5 1 8 22 35 16 53 45 21 20 47 44 32 39 26 64 25 46 58 33 13 52 15 14 54 18 12 27 23 30 49 48 4 56 6 2 63 28 62 17 24 38 7 41 9 42 60 19 31 29 57 0 10 55 11 51 61 59 50 40 34 37
44 42 40 2 33 36 51 58 46 21 16 17 0 59 30 11 60 23 12 32 9 1 8 13 50 14 62 31 38 15 39 27 3 25 24 37 53 54 63 28 45 35 57 19 55 56 64 20 34 41 22 6 43 10 52 18 61 47 48 29 26 5 49 7
46 38 54 31 53 29 56 21 4 11 15 58 41 49 10 37 39 48 59 50 26 3 22 20 27 63 42 28 9 2 24 23 62 17 40 43 30 6 19 7 12 45 57 44 32 8 34 60 0 51 14 47 36 33 1 16 55 13 18 25 35 52 61 64
45 8 2 23 17 39 1 14 43 60 52 19 35 34 5 32 29 48 9 54 37 21 22 30 49 16 25 64 63 7 55 27 50 11 56 36 28 46 31 38 41 57 62 42 58 44 47 40 61 24 20 4 10 3 12 33 15 0 13 51 53 59 26 18
46 31 22 26 5 36 57 49 59 56 13 8 2 19 0 28 51 27 9 6 39 21 4 14 54 12 34 43 29 52 45 53 60 33 41 40 48 1 58 3 11 25 35 20 47 32 17 61 38 42 50 15 63 16 24 30 55 44 10 37 62 23 64 18
46 42 14 48 50 12 38 64 11 25 20 23 15 36 3 16 62 10 22 32 53 40 52 5 47 19 1 4 13 60 31 55 35 34 45 33 43 18 51 61 49 6 54 30 24 63 44 56 58 0 2 41 27 21 26 9 29 17 37 28 57 7 59 39
47 42 1 26 64 0 18 25 49 36 24 16 21 30 41 19 60 20 45 2 46 4 7 27 51 53 52 39 33 35 6 11 14 22 63 38 34 40 61 54 48 17 32 23 44 10 3 58 37 43 59 15 62 57 5 13 56 29 55 28 50 12 8 31
15 5 37 45 12 51 43 35 57 24 25 36 60 49 55 47 40 14 3 20 2 17 13 62 4 53 29 58 39 38 61 28 9 56 42 48 18 41 30 27 64 8 34 19 11 33 23 16 31 21 1 63 7 50 26 0 46 6 44 59 32 52 22 54
61 35 18 33 56 15 51 5 41 48 0 9 54 14 1 62 32 50 44 21 24 17 22 38 39 6 60 16 27 43 29 52 42 30 63 4 8 58 2 40 55 31 53 23 26 10 12 3 34 36 20 13 57 59 37 46 49 64 19 25 47 45 28 7
42 9 52 6 43 27 0 29 5 40 37 39 51 47 15 31 34 11 7 53 3 2 58 24 23 10 50 57 49 41 28 35 59 4 19 26 17 46 21 33 56 63 32 13 44 62 20 61 36 18 16 48 25 45 55 64 1 14 38 30 60 54 22 8
43 25 42 4 47 48 31 52 17 54 5 14 7 46 41 58 16 27 3 49 39 0 26 63 57 51 6 37 1 56 64 28 10 61 36 12 8 21 60 2 30 35 32 34 40 23 45 22 38 20 44 59 15 9 24 18 29 53 19 62 33 11 50 55
22 32 11 9 0 34 4 17 45 64 24 40 52 1 43 36 35 61 23 54 12 44 15 5 2 49 29 13 20 60 55 62 47 26 18 37 51 59 8 27 31 7 3 42 39 57 53 28 30 56 63 19 21 46 38 6 33 48 58 50 25 10 16 41
64 25 51 5 34 41 4 23 20 31 1 32 59 0 39 9 21 27 18 53 17 47 54 13 11 33 62 56 48 29 12 49 36 61 2 35 7 22 8 44 19 58 26 60 45 42 50 38 63 14 10 37 3 52 46 6 28 43 24 55 16 30 40 57
1 27 8 50 6 57 53 46 61 4 24 18 21 19 45 34 51 52 9 58 49 5 54 25 64 26 31 20 22 23 62 29 14 60 40 41 32 13 17 0 2 47 59 11 39 12 63 38 3 30 15 35 43 42 10 48 37 33 36 7 28 44 56 55
30 24 0 50 43 29 16 47 12 14 6 61 60 58 41 37 26 22 45 63 38 3 62 36 33 35 42 21 9 44 55 39 19 34 11 25 52 54 56 2 49 51 20 59 23 53 18 57 5 7 15 4 32 8 31 40 1 27 10 28 64 48 13 46
22 48 37 62 12 51 53 1 46 19 55 33 5 32 34 31 0 60 9 40 49 15 3 44 59 17 64 27 4 42 54 61 6 41 43 25 50 39 7 2 52 20 29 10 11 38 28 58 45 57 26 23 14 24 36 63 8 21 35 56 30 16 13 47
61 26 37 36 18 57 44 39 1 40 29 9 35 12 5 38 50 4 53 14 16 24 6 45 15 59 2 30 55 60 58 64 22 51 0 62 10 25 56 17 32 54 3 33 31 8 27 21 23 41 48 42 34 13 28 7 47 52 43 11 63 20 49 46
38 2 62 45 32 28 47 7 63 46 60 64 58 16 13 36 30 29 18 59 55 11 51 12 6 52 3 39 1 61 43 17 53 41 44 49 5 10 19 27 50 26 31 25 40 57 21 4 15 37 56 8 42 34 23 9 35 48 22 54 14 0 24 33
32 51 53 12 26 40 55 41 1 30 45 43 24 4 10 5 46 49 50 3 14 44 36 33 54 25 59 16 52 29 22 37 34 64 20 11 48 27 2 19 61 60 58 62 18 39 23 57 47 7 28 8 6 35 31 17 13 15 63 9 38 42 0 56
30 32 7 45 41 61 11 49 13 12 35 14 29 2 27 9 1 52 20 60 58 63 42 5 10 23 55 25 46 0 26 64 3 54 40 44 57 6 19 62 53 50 47 36 31 56 37 38 8 33 15 43 21 28 59 48 34 17 18 4 16 39 51 24
37 25 53 24 8 64 27 3 59 11 40 35 20 46 36 39 10 62 33 19 0 5 58 13 28 44 32 55 21 34 17 1 31 61 26 43 48 2 57 7 51 60 12 4 45 52 9 18 42 22 47 6 16 30 38 29 54 56 15 63 49 14 41 50
23 63 29 43 7 30 10 51 62 38 40 5 9 12 61 21 15 0 32 59 31 50 58 28 56 47 8 1 39 52 13 55 17 26 22 42 34 11 3 25 64 19 48 54 4 6 60 35 18 37 49 41 36 46 16 27 20 45 44 14 57 2 33 53
38 7 4 53 21 23 12 3 27 57 49 20 2 29 48 19 8 1 43 15 0 28 37 5 26 44 18 17 42 36 22 31 24 40 6 16 61 54 35 62 46 56 34 45 32 41 55 47 11 60 52 10 39 58 13 14 59 64 50 33 63 51 9 30
21 23 11 7 63 34 53 20 41 31 61 3 59 19 45 29 9 58 46 5 48 44 2 27 18 12 60 15 30 38 10 42 43 4 32 35 13 49 25 50 55 14 39 6 24 40 16 56 0 33 57 52 47 37 64 36 28 51 62 17 8 54 22 1
33 12 18 47 60 46 17 4 58 20 2 40 55 34 25 10 63 54 31 37 26 30 36 56 6 9 7 44 19 45 52 39 8 1 21 62 32 23 53 61 50 41 49 0 13 22 16 5 48 15 51 42 24 29 59 38 3 28 43 64 35 14 11 57
16 21 33 14 0 53 47 35 50 34 63 5 64 8 58 51 54 9 7 26 25 39 31 44 49 32 22 19 12 45 3 2 59 24 17 30 52 23 42 61 11 15 40 55 18 36 13 4 27 46 41 29 62 56 38 48 37 1 43 57 10 60 6 20
51 26 20 3 47 30 32 54 56 10 39 6 53 21 62 18 0 8 11 36 63 49 25 14 46 57 9 59 27 55 15 42 45 31 28 43 58 38 44 64 23 16 60 50 35 22 40 12 2 61 48 17 52 19 13 1 34 33 41 4 7 5 24 37
37 9 15 12 44 47 22 41 46 58 4 33 14 59 42 40 54 27 13 31 11 57 0 35 25 36 1 6 28 23 2 16 24 10 53 39 62 5 29 56 45 32 7 21 19 3 50 60 26 43 61 8 34 17 38 52 63 51 55 49 48 20 18 64
37 57 4 40 59 60 63 47 8 55 25 16 42 24 54 41 49 14 2 48 61 46 32 28 39 13 10 18 38 52 29 17 36 64 5 53 26 35 27 23 56 51 44 30 12 45 6 62 22 33 11 1 21 3 0 58 9 34 19 50 43 15 7 20
46 20 60 43 23 10 44 40 53 26 52 2 39 8 1 28 27 48 57 19 49 14 3 33 56 31 21 59 12 15 37 30 55 50 9 6 38 34 16 62 18 17 35 64 11 36 5 47 22 29 42 61 4 13 41 51 0 63 45 58 54 25 24 7
8 21 55 29 24 4 56 16 51 57 12 41 18 63 54 14 60 47 59 15 31 42 34 44 50 9 25 22 3 1 5 0 39 45 52 7 13 6 23 40 28 2 48 10 38 58 20 32 19 62 36 46 30 11 61 17 43 64 37 35 27 26 53 49
23 32 57 4 64 2 20 55 15 31 62 12 47 44 63 45 36 27 29 49 42 25 16 14 18 33 46 39 6 56 21 22 41 5 28 7 24 35 0 48 13 26 37 19 53 52 54 8 3 38 17 58 51 1 9 40 10 43 50 61 59 60 30 11
52 60 3 31 42 58 53 16 9 2 50 61 41 5 29 13 14 54 21 46 27 22 15 28 44 32 38 34 59 19 4 37 47 12 62 48 18 6 17 30 11 51 0 49 8 43 36 26 39 55 25 40 20 45 56 33 23 57 63 7 24 1 64 10
41 21 27 47 13 9 24 5 31 18 20 40 33 52 59 30 3 29 38 57 45 37 4 15 49 63 0 25 2 7 44 51 35 26 22 8 23 64 1 53 54 62 50 55 10 43 58 14 46 60 19 39 56 32 16 61 42 28 11 48 6 12 17 34
44 29 23 4 24 16 41 12 27 30 25 56 36 34 59 17 38 5 15 35 13 9 7 33 32 8 48 42 20 61 2 18 58 21 45 60 26 52 14 28 50 63 55 22 3 6 53 47 51 62 0 40 43 39 57 31 49 64 10 54 1 11 19 46
48 2 45 11 15 10 42 57 33 19 21 40 20 32 50 16 29 12 5 3 28 58 27 64 25 18 22 47 4 24 6 54 63 17 60 36 44 13 41 9 14 51 43 61 7 62 8 26 56 1 0 39 31 23 52 35 53 46 37 55 49 59 30 34
10 18 28 2 41 63 3 62 45 34 19 57 17 16 40 35 8 42 20 53 54 13 6 7 61 44 32 1 23 52 64 24 48 5 11 50 30 60 15 55 0 27 29 25 38 26 58 43 33 37 36 59 56 51 14 47 31 49 46 9 12 4 22 21
49 2 20 38 9 34 63 11 26 44 6 24 10 50 39 13 45 53 52 58 19 8 64 27 32 42 31 56 21 51 14 47 3 0 62 41 35 61 25 36 43 15 55 29 23 28 16 5 48 1 60 4 57 59 12 54 22 37 33 30 46 18 7 17
9 31 61 57 58 6 43 26 45 15 36 19 56 42 23 0 51 2 35 1 63 37 29 55 8 22 34 18 39 16 60 62 44 46 10 53 33 48 40 4 52 32 11 17 14 59 3 21 20 64 54 12 25 5 49 38 28 30 13 27 24 7 47 50
59 5 50 25 41 60 1 2 57 11 62 23 8 4 9 46 22 19 53 44 61 16 29 38 39 14 45 34 32 12 24 43 26 27 63 10 47 28 17 48 54 51 31 40 37 64 3 7 18 6 30 15 49 33 35 36 13 21 56 55 52 58 0 20
1 15 18 26 32 55 14 60 64 39 42 50 45 5 47 38 52 61 20 24 59 16 56 40 31 27 34 49 54 23 37 63 9 46 12 35 7 53 21 13 10 4 11 29 57 48 8 6 22 44 51 41 33 30 36 58 17 3 28 19 62 2 25 0
39 40 15 30 33 12 5 3 18 23 17 59 16 2 52 24 4 28 61 25 35 8 11 49 7 0 42 58 31 45 51 13 62 56 26 43 21 29 19 64 1 6 20 9 55 63 27 50 32 36 46 10 54 22 41 34 38 60 47 53 48 37 57 14
20 62 11 13 59 29 61 6 16 12 9 48 44 0 34 47 30 54 50 60 26 55 31 41 14 57 56 32 42 35 24 22 52 18 3 1 5 63 37 64 19 38 23 2 58 39 27 28 17 21 43 8 7 49 36 10 25 53 40 51 46 15 4 33
17 16 62 30 43 35 44 58 4 14 11 39 55 3 27 5 0 33 15 24 13 59 22 28 50 45 54 53 38 61 10 23 12 37 2 21 25 19 7 49 9 29 42 6 34 63 31 32 36 40 26 52 48 20 56 8 51 1 18 41 64 60 57 47
37 56 32 63 39 15 22 25 3 35 34 42 2 18 23 59 24 48 50 64 43 40 26 7 9 29 30 17 53 20 62 41 49 11 55 14 8 57 31 52 1 36 51 38 61 27 0 19 58 12 60 16 4 10 33 46 44 28 6 45 21 13 5 54
13 20 50 51 11 17 23 1 55 57 35 19 8 27 25 0 33 9 56 62 53 14 44 64 43 42 59 24 37 3 15 60 29 58 61 4 16 12 30 63 32 36 26 54 39 49 10 5 31 18 38 7 52 46 6 47 40 2 21 22 41 45 34 28
37 15 43 55 46 17 51 29 47 7 63 38 52 36 2 56 10 21 14 35 4 25 48 24 34 5 50 45 57 30 22 44 27 39 59 31 3 33 41 20 13 23 42 18 1 6 9 58 32 60 16 12 61 28 64 26 62 0 19 53 8 40 54 11
28 63 59 0 64 12 14 18 7 44 1 15 40 11 4 5 8 32 27 33 55 49 21 6 38 29 57 51 3 34 26 48 53 37 41 52 36 54 46 25 47 62 43 17 13 10 22 45 61 20 35 58 60 42 56 30 16 39 9 24 31 23 19 2
48 2 64 54 0 3 40 35 1 45 42 52 5 43 23 50 34 29 15 61 55 9 39 63 16 57 20 32 18 19 8 46 17 28 22 62 13 24 44 60 30 38 36 58 7 49 14 47 41 25 59 31 27 11 4 10 21 56 6 33 53 12 37 26
62 15 12 3 17 20 33 42 22 13 30 58 0 5 28 61 46 44 36 37 50 26 60 56 23 11 64 40 32 24 6 2 4 1 59 51 41 25 47 48 54 18 27 49 7 16 53 8 34 35 55 63 43 57 9 14 38 39 21 19 10 31 45 29
21 26 64 49 50 58 57 13 24 17 46 23 56 12 7 48 54 34 51 43 40 19 52 35 30 31 29 25 36 9 60 38 39 8 55 14 4 15 32 62 37 44 11 41 63 33 42 3 2 10 45 1 0 22 20 47 27 59 16 18 6 61 5 28
14 3 45 5 27 56 31 38 28 25 19 63 16 49 51 34 2 58 7 13 37 21 24 42 33 40 44 30 47 57 39 46 1 6 52 55 4 29 59 15 22 48 9 50 10 35 53 36 11 18 8 64 23 17 20 12 32 41 43 60 61 26 62 0
62 23 13 44 51 35 1 42 48 33 60 38 28 46 47 17 34 32 58 25 2 57 45 14 18 10 9 50 59 43 3 61 39 8 0 6 49 40 22 52 56 54 24 53 21 19 63 15 36 27 7 5 12 11 41 4 29 26 30 31 64 37 16 20
44 15 53 30 16 14 51 0 13 33 27 55 22 2 38 43 6 48 45 40 36 58 9 19 42 28 5 50 31 1 46 47 52 4 60 23 39 8 12 24 54 17 61 32 21 34 3 64 26 57 20 49 10 35 37 18 7 25 59 62 41 11 63 29
64 52 39 11 5 33 25 38 53 51 44 28 1 29 36 54 8 41 50 56 18 59 30 46 23 3 47 55 42 6 14 21 37 27 34 43 7 19 20 32 17 60 62 16 26 12 22 40 61 49 58 48 35 2 10 15 13 45 31 0 63 4 24 9
52 4 48 57 25 63 38 24 3 32 33 1 7 42 19 44 31 27 60 11 0 62 34 16 40 54 36 26 22 12 51 59 53 45 55 8 6 18 28 5 41 21 17 37 35 46 49 47 2 20 13 43 56 14 50 30 10 61 9 15 64 29 23 39
36 29 24 16 57 6 40 14 13 18 37 45 2 58 55 19 64 22 31 20 33 0 28 63 52 3 30 41 25 15 21 56 4 32 10 38 46 54 12 34 42 62 43 7 61 9 39 35 44 49 5 51 60 53 11 23 47 27 26 50 1 17 48 8
46 8 35 19 6 62 24 5 45 18 51 55 9 23 3 10 36 14 41 25 40 22 59 54 27 0 7 52 4 53 48 20 37 30 34 1 47 57 50 17 29 63 21 42 28 49 58 11 2 12 61 56 33 44 26 31 16 38 13 43 39 15 64 32
4 34 62 33 9 38 59 7 3 44 43 40 11 49 25 8 37 41 17 52 21 42 32 5 16 0 45 20 35 46 51 50 28 22 15 24 56 60 48 13 19 54 58 36 29 23 1 31 30 14 18 55 39 47 57 26 12 2 10 27 63 64 53 6
3 4 55 13 49 7 42 64 0 53 20 51 43 44 38 24 46 18 28 23 34 61 50 60 11 57 33 35 26 40 2 19 12 52 1 47 41 59 16 37 10 5 39 21 63 31 27 58 30 45 32 36 54 29 6 15 56 48 25 17 9 22 8 14
40 0 5 9 31 16 26 24 35 10 52 29 58 42 15 8 60 33 39 55 46 61 62 56 3 32 44 30 48 4 51 22 37 36 18 54 21 43 13 59 6 12 28 64 23 1 20 17 45 49 34 57 25 38 14 47 41 2 19 27 7 11 53 50
50 46 57 4 37 36 25 41 40 12 3 45 22 9 60 63 49 35 33 61 21 18 62 48 47 55 42 19 16 52 53 24 26 38 44 5 6 8 11 2 29 43 1 56 0 10 30 39 15 23 17 31 51 59 20 13 14 54 7 28 58 32 27 34
