11 62 24 31 20 49 59 25 50 51 28 9 60 63 16 37 34 13 6 40 53 10 54 58 43 47 4 21 44 18 29 55 19 56 36 3 2 33 14 15 42 35 41 22 64 30 57 12 45 8 61 5 23 26 39 48 17 46 32 38 7 52 27 1
23 25 52 9 27 37 55 33 11 17 59 16 18 24 53 22 0 10 20 62 30 58 38 39 26 40 12 43 29 28 51 47 13 50 5 44 60 7 61 45 21 63 48 46 41 49 42 19 3 4 8 36 6 54 57 14 64 56 2 35 32 34 31 15
7 4 36 5 53 43 24 62 45 6 14 0 26 54 34 27 39 55 31 44 1 50 28 57 32 23 19 13 10 40 49 47 41 56 37 38 60 18 25 30 51 33 64 15 21 52 29 20 17 9 22 11 58 42 35 59 3 8 12 46 63 16 61 48
58 60 26 39 38 57 1 21 9 18 46 49 42 11 32 12 56 20 10 4 22 50 47 0 14 51 19 54 48 53 64 30 41 5 61 25 6 33 44 36 16 63 31 37 2 27 40 24 34 55 15 59 8 29 23 28 52 7 13 62 43 35 17 45
37 56 14 12 49 26 52 38 21 6 2 45 16 31 1 10 5 30 64 41 42 55 23 47 13 3 19 28 20 9 61 58 22 46 63 7 40 39 60 11 35 15 33 0 32 24 34 44 25 54 18 43 57 53 29 8 51 48 36 17 50 59 27 62
41 7 30 16 29 21 46 53 62 52 14 44 50 22 55 13 59 24 6 54 12 17 39 38 60 35 28 31 11 10 64 15 48 25 57 32 8 51 63 3 47 40 0 18 26 36 42 43 58 4 45 9 2 37 20 34 19 33 23 49 27 61 56 1
62 22 25 28 35 2 13 9 0 55 17 51 42 33 57 8 5 23 36 63 4 45 12 16 38 44 24 10 50 58 30 32 11 48 59 31 37 19 21 26 29 15 1 41 61 64 27 52 54 20 47 53 46 3 49 34 14 40 18 60 43 39 56 7
28 15 0 43 44 40 11 20 39 47 19 38 64 53 58 24 35 22 14 6 63 45 10 54 57 59 36 17 23 18 37 46 25 29 42 61 55 2 56 34 16 49 26 52 32 4 30 12 27 60 13 8 1 21 62 41 48 51 33 3 9 5 50 31
61 53 19 62 49 26 45 57 6 9 46 33 2 24 20 16 43 0 34 38 41 59 47 51 56 55 64 4 15 27 5 39 11 40 12 32 52 36 22 17 60 44 28 13 31 35 25 54 18 50 29 10 42 7 1 21 58 3 14 23 63 37 48 30
8 25 36 27 54 39 35 26 7 61 1 31 2 10 51 46 40 5 58 47 0 48 22 24 15 37 3 42 14 33 52 55 11 28 17 21 16 12 64 50 56 34 38 57 19 30 43 23 49 18 4 44 29 20 59 45 62 60 32 53 41 63 6 13
52 40 61 54 19 2 50 13 46 17 12 33 35 59 57 44 31 4 16 62 29 37 34 38 26 36 30 48 15 20 18 63 51 64 6 53 47 21 5 60 41 7 27 3 11 14 39 9 22 25 8 0 58 43 49 24 42 28 56 1 32 45 23 55
22 6 3 17 45 56 25 26 42 8 32 29 0 64 33 58 59 1 40 7 36 63 62 49 57 2 54 46 55 38 16 14 5 43 4 37 44 51 9 47 24 31 23 50 48 60 20 21 28 19 27 10 39 18 12 52 35 30 15 13 41 61 34 53
51 5 63 62 45 31 34 52 36 20 28 30 0 16 19 35 3 47 41 33 37 1 46 49 11 2 57 7 32 13 22 14 48 26 21 53 61 29 58 8 18 43 64 4 40 23 25 27 17 60 15 6 42 39 24 38 44 54 59 9 56 10 50 55
12 59 49 41 16 23 63 19 11 58 9 14 3 40 17 62 7 36 2 37 52 35 55 21 0 45 60 33 18 39 50 48 54 29 8 4 31 24 20 25 47 30 1 5 56 28 10 32 61 53 27 64 43 57 26 34 44 22 38 15 42 46 6 51
64 56 28 51 52 35 34 9 46 26 12 53 29 42 24 30 6 27 11 57 21 33 1 43 15 4 48 39 13 18 23 60 55 25 38 32 37 2 3 7 61 59 54 62 8 16 22 63 49 19 45 5 41 47 50 31 10 0 20 17 44 36 40 58
27 59 13 53 58 5 44 17 36 35 11 49 26 64 2 9 37 32 33 63 12 45 47 62 48 51 16 24 31 14 60 55 8 0 46 22 21 18 38 28 6 4 7 10 20 1 61 42 23 34 54 43 41 57 30 29 52 40 3 56 19 25 39 50
61 39 35 58 44 3 53 17 2 59 47 54 29 24 32 50 19 9 1 26 34 33 62 22 18 43 28 21 27 20 6 36 10 30 63 46 51 5 31 12 40 23 8 42 60 15 13 52 37 55 45 57 64 41 4 49 14 38 56 11 0 25 7 48
10 62 47 23 59 41 44 58 37 6 12 18 32 0 1 26 20 43 5 21 27 38 49 64 34 54 11 22 4 45 61 30 14 28 13 36 2 9 35 48 39 60 15 63 57 50 56 42 24 53 55 46 40 52 8 31 33 3 7 51 29 16 19 25
9 13 46 7 52 23 16 53 29 5 30 39 47 32 56 62 63 36 38 58 15 61 64 26 22 6 20 31 60 10 57 48 37 17 4 55 11 50 43 33 45 51 34 35 44 54 0 14 12 25 59 1 8 3 42 41 27 28 21 40 49 19 24 2
33 12 4 24 43 49 26 61 32 36 28 44 57 20 59 2 1 60 52 18 13 48 54 22 7 8 16 31 55 10 58 56 30 17 11 14 15 6 39 62 37 35 47 53 23 45 21 0 50 5 41 51 64 46 25 9 29 3 38 42 63 34 27 40
58 44 55 34 46 26 14 45 35 9 49 24 0 57 62 56 52 4 3 43 8 10 22 32 38 25 47 2 39 51 42 13 21 11 6 64 54 18 16 33 27 5 59 19 30 61 23 7 17 29 37 31 41 1 40 53 28 15 50 12 63 48 36 60
18 48 8 19 13 62 40 10 31 25 50 57 22 45 35 32 64 52 37 56 63 33 43 16 24 30 20 49 58 28 29 36 14 2 42 41 53 47 15 39 55 3 7 17 4 0 61 12 38 23 9 5 59 26 27 11 60 34 54 44 6 51 1 46
13 16 14 60 56 47 17 11 46 26 32 24 4 9 29 6 48 3 55 39 18 63 51 42 33 45 57 25 19 28 50 37 23 15 27 41 30 35 40 44 21 61 34 58 38 0 43 31 12 54 36 64 20 49 62 10 59 2 5 53 52 1 8 7
41 4 38 43 35 45 34 36 19 32 2 12 48 47 63 0 15 17 5 61 54 58 42 8 22 13 64 11 29 59 46 50 7 55 39 9 18 62 27 10 44 25 37 26 24 30 16 28 21 51 3 57 33 56 6 1 31 40 60 14 52 53 20 49
5 64 55 1 2 8 17 32 26 52 21 42 60 30 34 37 20 41 4 22 9 25 57 61 11 47 31 23 6 10 12 51 36 59 28 53 14 58 43 62 63 49 35 15 54 16 0 19 18 50 38 13 7 3 39 44 40 27 48 33 29 45 46 56
37 34 7 46 31 38 35 9 48 60 27 36 49 56 11 0 32 24 61 10 23 39 63 13 59 6 4 28 33 21 52 42 53 5 54 12 41 26 47 2 58 15 50 45 40 1 18 51 8 19 44 30 3 14 29 62 20 55 43 57 64 17 16 22
36 5 53 0 34 61 50 15 57 30 52 21 41 24 59 33 48 16 23 25 44 14 1 3 42 4 32 28 9 40 39 51 8 2 64 11 49 27 38 47 19 54 37 45 63 58 55 22 18 20 17 43 60 62 46 12 7 6 35 29 13 10 56 31
14 51 62 7 12 31 59 49 24 60 5 34 40 16 52 37 18 10 22 45 25 38 48 41 17 50 30 29 55 53 64 4 58 61 0 46 9 63 44 42 15 54 21 43 47 19 6 32 39 11 26 57 1 33 36 3 2 56 8 23 20 35 13 28
44 34 33 37 59 50 6 24 10 36 40 32 12 8 54 19 61 17 46 3 42 4 23 30 2 57 38 47 27 1 21 15 60 52 41 62 25 16 51 43 53 39 35 14 45 9 13 29 0 49 11 18 22 63 5 58 55 56 26 7 31 48 64 20
0 63 35 16 8 41 26 56 28 18 59 1 3 37 11 64 33 25 62 14 13 54 24 39 34 19 49 10 5 7 46 27 38 53 2 32 61 48 9 12 15 47 50 40 44 58 30 6 42 4 23 20 36 45 55 22 60 52 51 57 17 43 31 21
24 54 28 33 63 50 57 36 19 59 7 14 29 9 1 22 62 6 43 53 20 25 17 23 46 55 40 49 16 51 18 45 44 11 42 21 38 32 31 8 10 64 41 0 61 35 15 26 27 60 4 39 5 12 47 37 13 52 58 34 3 2 48 56
61 21 28 16 25 24 17 59 2 52 64 54 58 5 26 6 62 4 9 10 13 15 11 37 18 63 1 47 48 33 41 35 56 53 46 30 3 51 32 23 45 0 19 50 8 49 7 22 12 14 39 38 29 60 40 20 44 36 43 27 55 57 42 34
46 29 35 14 60 40 13 38 26 15 12 9 62 58 43 23 54 2 1 45 59 21 28 44 63 48 61 8 49 37 6 3 55 31 53 50 10 41 22 34 30 4 17 16 11 57 33 18 42 25 64 36 51 5 47 39 56 0 24 27 19 52 7 20
29 20 4 58 10 3 64 22 37 45 42 57 8 24 51 18 14 32 15 2 48 35 13 50 61 38 49 28 47 60 44 56 40 26 59 52 9 31 0 63 19 43 41 21 25 53 11 36 55 39 23 5 16 1 46 62 6 12 7 34 54 30 17 27
27 10 6 60 13 56 52 64 42 53 63 15 7 38 54 0 35 31 33 44 22 9 49 26 17 41 12 61 40 24 19 59 4 25 36 57 11 28 62 32 21 39 45 5 48 47 37 29 46 55 20 51 30 43 16 58 8 50 23 3 18 1 2 14
0 53 50 49 45 20 14 25 60 23 9 40 41 32 44 28 6 38 15 43 63 55 64 33 51 37 1 47 5 16 42 19 2 58 10 12 13 59 27 17 30 36 46 34 21 4 31 48 57 22 54 61 62 39 7 8 3 52 26 29 18 56 11 24
31 10 45 18 29 20 5 63 62 15 60 4 17 47 16 41 49 64 40 59 53 35 39 42 23 51 58 32 14 19 3 2 1 0 27 34 22 13 52 9 57 37 6 28 50 54 48 33 21 26 46 43 24 8 55 38 7 56 30 44 12 11 25 61
24 52 31 50 48 3 39 63 36 1 45 9 32 16 40 6 60 18 38 28 59 62 49 54 41 14 56 8 4 0 5 12 19 17 33 42 27 11 2 43 26 57 10 13 35 25 23 46 47 29 51 20 64 58 15 30 53 22 44 55 61 7 34 21
6 47 22 35 42 34 9 27 31 5 18 15 36 30 45 24 60 37 3 59 13 33 32 23 11 7 39 64 28 58 40 41 48 53 20 57 62 21 17 52 14 4 44 63 0 56 54 46 49 43 2 16 51 55 50 1 61 8 29 25 10 19 26 12
48 40 52 14 61 30 44 62 35 9 34 57 19 3 25 58 15 24 64 0 16 42 11 37 46 12 33 21 63 17 49 20 55 43 59 29 28 51 13 45 26 36 38 6 4 23 47 18 32 7 22 27 1 41 56 10 2 31 8 50 60 5 54 53
44 45 37 5 38 48 50 23 28 39 53 56 41 7 46 62 58 18 63 25 29 64 2 61 4 35 21 42 59 10 60 31 51 54 30 49 55 19 11 27 32 14 8 20 34 9 6 24 36 33 47 12 43 1 52 57 17 3 26 13 22 15 0 16
31 63 57 61 56 52 42 5 21 24 15 58 10 39 22 2 30 54 3 19 26 48 43 37 27 17 9 13 18 59 28 53 23 62 36 8 7 34 4 60 45 47 50 0 38 11 6 46 33 32 1 44 14 64 29 12 40 55 35 51 16 20 49 25
39 56 53 61 49 51 6 22 8 50 54 27 16 14 19 43 33 63 59 45 40 44 35 62 15 36 52 46 23 17 29 25 4 3 2 21 7 58 55 48 60 24 37 5 34 57 20 28 30 32 1 64 47 26 41 9 11 38 0 18 10 13 12 31
55 19 10 54 62 7 64 25 21 6 52 53 11 13 57 31 27 39 28 58 61 18 42 3 33 24 8 38 1 26 22 29 17 50 45 49 40 60 56 23 46 37 4 5 0 2 36 15 12 35 44 20 47 34 30 63 9 48 51 32 16 59 41 14
42 7 27 1 12 34 45 47 20 21 22 33 25 43 56 49 32 6 58 24 41 13 28 5 40 51 53 10 29 8 23 46 14 9 11 48 26 39 19 60 59 16 54 36 18 0 57 2 62 3 61 15 63 55 35 64 30 31 4 52 38 37 17 50
62 49 50 2 51 19 3 39 0 31 57 16 43 40 24 63 33 20 14 52 37 56 4 42 35 9 36 28 29 44 11 41 32 23 10 34 17 7 46 22 38 13 61 64 12 60 5 59 48 55 1 54 26 18 58 6 47 30 53 15 25 27 8 21
2 45 1 15 30 5 29 59 16 9 63 32 22 12 13 43 27 47 35 36 37 18 60 26 0 61 57 10 19 8 17 38 41 20 42 55 33 51 62 4 40 21 54 24 44 48 7 49 14 25 23 64 39 3 58 56 28 6 53 31 50 34 52 11
2 18 13 17 51 55 40 7 11 29 21 37 48 31 16 32 58 52 63 12 1 0 61 43 9 56 59 25 35 19 53 50 23 33 26 6 39 4 46 64 54 15 3 14 22 45 42 49 34 36 24 10 28 5 60 57 20 38 30 27 62 41 8 44
5 24 16 27 59 14 42 49 62 35 63 33 4 51 31 20 44 50 23 9 1 45 56 13 36 3 28 15 21 43 22 11 55 61 41 34 29 8 30 60 2 64 6 0 47 40 58 18 19 7 26 10 52 37 32 12 17 25 57 53 46 38 39 54
4 43 45 12 25 31 35 14 41 44 8 13 9 20 5 63 23 16 37 30 7 19 40 3 64 39 6 11 22 56 58 50 10 48 18 60 36 27 55 38 51 57 17 24 29 61 1 53 32 2 54 59 21 28 26 46 52 33 62 42 34 0 47 15
28 25 0 12 47 2 31 3 11 19 29 57 16 39 26 55 30 59 43 7 35 64 33 45 1 23 63 22 20 14 17 38 18 37 24 42 54 5 36 15 10 56 46 32 44 62 51 41 48 21 60 53 6 8 27 34 13 52 61 9 40 49 58 4
56 32 31 41 57 16 9 23 20 62 53 52 12 19 63 43 61 2 34 7 11 59 8 40 3 35 26 14 37 27 46 45 1 5 17 13 6 39 50 38 48 15 42 64 18 44 10 47 54 25 21 33 24 36 29 0 58 30 28 22 60 55 4 49
62 57 44 13 15 36 39 43 18 20 3 63 5 58 64 55 61 45 60 16 32 28 40 7 59 8 9 48 29 56 47 12 14 31 41 42 24 25 4 10 2 53 22 17 38 23 50 0 27 21 6 51 11 19 34 1 37 30 33 26 49 46 35 54
33 45 55 48 9 20 13 15 27 8 6 37 16 3 54 57 61 52 10 44 38 63 4 23 24 17 21 41 51 11 58 62 64 31 35 34 59 19 0 50 2 7 40 1 30 43 32 18 49 56 22 25 5 42 26 28 47 60 29 46 14 36 12 39
64 6 16 29 61 38 14 27 53 42 36 22 41 44 59 40 32 37 62 55 23 17 1 51 52 35 26 31 57 30 5 63 39 24 13 45 2 50 10 43 3 8 25 20 12 47 9 46 49 48 21 56 33 18 28 0 15 7 60 19 34 4 58 11
19 44 58 12 11 21 25 37 16 40 20 32 47 61 63 39 28 64 50 2 35 29 31 17 59 26 15 43 18 9 52 48 30 5 4 49 36 14 8 38 42 6 62 24 0 34 7 13 10 56 3 54 23 41 51 1 27 60 57 46 45 33 53 22
12 59 61 34 29 64 15 51 62 63 10 17 16 41 57 55 53 23 48 11 37 4 32 7 43 31 30 22 52 3 39 40 45 2 6 13 28 14 27 19 8 0 26 36 35 38 60 20 21 49 50 24 54 58 47 46 44 5 9 18 42 25 1 33
49 29 28 44 45 20 26 56 24 13 31 53 4 61 39 55 18 9 21 7 1 32 43 64 19 63 11 3 35 17 54 2 16 15 8 5 22 40 47 33 34 14 58 25 36 38 59 52 27 50 46 42 12 62 48 41 51 0 23 10 60 30 37 6
30 54 25 62 59 53 47 42 18 4 34 40 31 9 41 48 33 36 51 2 29 49 26 11 27 32 64 19 5 22 35 0 56 23 60 17 38 39 20 44 14 50 16 13 43 24 1 15 63 10 3 37 21 28 46 8 12 45 57 55 61 6 7 52
46 4 20 2 55 43 25 48 42 26 10 33 18 47 1 64 34 50 24 22 49 63 44 58 39 6 30 7 36 5 51 8 38 56 57 11 35 31 16 27 32 23 29 45 52 19 53 37 9 60 17 28 0 13 12 41 3 54 14 15 62 40 21 61
56 34 19 40 3 53 29 22 63 8 17 46 43 27 18 1 48 59 35 54 36 52 58 7 23 6 30 61 51 62 41 20 14 12 11 24 15 47 0 38 50 49 37 45 42 55 31 44 33 5 57 25 64 21 26 4 2 16 39 10 9 28 32 13
12 64 3 2 36 29 31 7 1 23 52 55 27 45 63 10 37 15 28 50 18 26 56 17 39 22 0 33 13 62 48 20 43 49 6 8 57 54 9 21 5 47 51 42 25 16 14 60 34 59 19 46 53 38 30 11 40 44 41 24 32 35 4 58
25 54 9 43 15 32 60 29 19 38 20 26 51 44 21 18 7 27 59 14 46 49 53 50 42 17 33 12 16 35 22 28 24 64 5 0 55 11 37 4 57 3 56 8 48 6 45 41 36 52 1 63 13 58 23 10 61 39 34 30 31 2 40 47
42 36 7 52 1 34 23 20 13 61 39 22 53 25 59 17 6 16 55 33 9 44 24 49 31 48 26 15 37 62 50 5 58 41 30 29 64 3 19 8 12 14 47 0 21 56 51 38 35 2 45 32 18 27 11 54 60 57 10 28 46 43 40 4
2 33 42 31 37 1 58 55 23 19 10 63 20 5 6 41 44 4 7 50 61 30 34 40 22 53 18 15 12 52 8 62 51 43 24 46 27 16 21 35 28 14 54 11 9 0 60 47 25 26 38 3 36 13 45 32 17 29 39 49 57 48 56 59
