83 66 37 39 21 3 74 67 82 68 86 65 69 76 52 81 56 99 44 31 61 10 19 4 41 89 70 71 45 6 54 48 13 98 30 9 88 11 42 15 22 78 62 40 77 87 95 60 53 90 33 85 64 26 58 92 28 73 55 32 29 5 59 16 79 49 38 12 24 91 17 23 8 7 100 46 94 14 96 27 93 97 51 75 1 50 36 25 57 2 84 80 63 43 47 34 35 20 72 18
2 18 5 37 86 23 64 38 81 92 16 46 24 30 67 42 44 45 83 14 58 75 85 82 27 69 32 95 25 28 51 89 39 22 41 80 63 52 17 8 70 71 96 53 4 13 15 19 55 61 60 7 3 76 98 88 97 29 26 74 50 11 100 65 0 99 84 77 59 78 93 33 43 34 48 36 21 35 54 56 12 79 31 66 62 72 40 20 73 49 10 87 94 57 9 90 68 47 6 91
14 62 11 73 63 26 71 77 51 10 68 78 18 80 38 33 85 39 6 59 4 17 32 69 34 21 24 55 52 44 7 30 93 27 1 9 96 98 66 95 56 3 16 99 89 50 35 86 25 53 41 58 97 0 90 81 76 5 84 49 43 28 46 15 64 67 65 37 42 31 23 22 57 91 61 94 79 100 48 92 12 72 47 40 19 8 36 54 29 88 20 83 74 75 70 87 60 82 45 13
74 37 91 20 15 26 29 63 24 72 40 70 39 100 32 12 43 50 19 55 1 21 17 79 33 13 97 65 47 80 81 34 44 89 18 6 38 76 75 53 52 54 58 7 41 83 11 77 27 78 94 56 60 31 86 66 23 9 93 30 0 88 28 45 49 82 59 95 64 8 73 10 35 46 2 36 98 90 84 51 57 96 67 16 99 5 22 71 87 42 69 92 25 62 68 48 85 4 14 61
15 35 10 44 52 98 79 42 56 95 50 58 30 34 57 78 8 63 76 100 51 37 36 5 64 77 85 74 82 62 32 47 61 11 45 87 48 19 26 88 92 22 3 0 17 16 86 97 2 12 60 55 53 13 99 75 83 33 38 25 70 96 65 69 81 29 7 9 49 41 68 67 24 27 28 20 43 14 1 21 80 54 73 39 90 6 18 71 31 94 59 46 89 84 93 66 72 23 91 40
75 1 70 71 26 77 37 66 3 15 44 97 79 54 27 76 4 33 25 93 34 45 81 99 21 69 49 68 8 67 52 73 78 16 94 14 86 51 23 98 13 58 64 57 46 7 22 50 55 96 53 17 29 47 85 6 0 38 20 60 59 41 2 82 74 72 19 9 89 87 43 95 39 42 28 24 61 84 30 62 32 83 11 18 92 63 88 56 48 10 40 65 36 12 80 91 90 100 35 31
28 95 23 62 44 67 0 92 74 18 80 41 29 79 90 93 91 81 24 76 25 49 37 10 13 45 1 33 16 100 15 55 38 84 48 82 72 32 53 57 58 5 22 43 51 70 40 30 26 47 83 34 3 60 64 8 86 61 36 7 9 20 46 54 87 59 66 71 31 21 4 88 27 69 12 52 97 99 17 19 56 50 65 77 75 78 42 98 11 68 85 89 96 2 35 39 14 63 73 94
28 32 44 49 92 3 13 5 75 66 83 8 99 11 88 80 60 89 74 98 53 64 14 67 18 9 95 50 22 41 47 86 96 34 56 24 59 16 42 82 63 97 1 37 27 46 51 29 45 31 57 17 70 10 79 72 20 33 43 36 62 93 6 40 21 38 55 2 78 87 69 68 84 4 39 15 61 35 71 26 91 100 48 19 23 65 58 76 25 85 54 90 30 52 77 12 73 94 0 81
11 27 83 66 40 88 18 31 48 50 95 76 80 26 4 7 72 25 74 21 62 96 63 85 46 57 60 81 58 92 51 79 30 28 13 70 34 97 75 6 49 10 0 65 23 33 61 5 9 84 71 82 55 90 19 44 3 53 68 24 2 1 22 38 14 87 73 35 100 89 77 56 93 37 16 69 86 29 98 78 59 45 17 64 42 43 54 32 47 52 67 41 20 99 91 39 12 36 15 94
35 34 40 56 17 21 54 98 24 60 61 43 67 30 10 49 88 100 7 66 58 33 93 13 77 14 46 95 69 41 57 39 27 45 62 80 20 74 73 16 36 52 23 72 81 11 47 86 89 63 90 25 8 92 82 84 19 94 5 3 2 55 28 15 31 68 4 6 91 51 32 76 26 99 79 85 97 71 18 59 29 44 0 12 78 38 87 83 37 48 22 96 42 65 50 53 1 70 64 75
44 21 93 17 58 59 99 57 61 12 28 100 98 14 95 78 97 79 40 16 85 68 49 41 27 55 48 9 31 60 56 67 36 86 26 70 30 7 33 88 35 4 63 43 62 82 1 23 11 51 2 18 89 0 3 25 69 24 96 66 5 29 15 53 39 22 46 71 54 73 74 13 92 94 80 90 38 32 6 65 45 75 52 64 91 47 34 50 76 20 84 81 42 83 19 87 72 8 37 77
9 88 45 98 77 71 82 63 24 60 5 54 22 18 76 21 26 73 42 17 89 85 23 38 30 51 4 52 12 91 69 32 25 41 3 100 14 92 94 65 2 87 47 19 16 57 58 83 80 56 13 1 79 61 97 49 46 72 53 78 50 74 10 15 37 64 55 59 27 96 8 7 20 0 70 95 84 93 90 35 86 67 48 33 62 39 36 31 81 43 29 68 6 44 28 66 40 75 99 34
92 22 78 19 76 98 67 91 75 63 95 7 15 46 56 11 89 49 51 21 28 36 82 16 6 5 35 31 65 4 33 18 58 90 42 39 41 29 40 55 38 86 53 81 48 2 52 99 17 84 3 20 34 85 26 69 59 68 10 71 24 8 50 60 25 13 62 44 97 87 72 0 96 14 73 27 80 77 94 83 79 93 32 43 30 64 70 54 100 45 74 9 88 37 23 66 1 61 47 57
90 58 81 64 61 0 93 57 70 100 95 86 52 91 44 20 22 23 48 19 96 2 38 79 55 39 30 49 67 16 83 4 87 62 36 28 77 46 76 88 37 12 42 75 65 69 84 6 68 43 45 60 54 94 34 26 24 72 74 92 17 53 25 32 66 73 99 5 21 40 27 80 18 71 50 11 15 82 85 8 56 3 41 47 78 33 14 51 59 29 63 98 9 35 89 31 97 1 7 10
43 86 45 70 47 96 82 87 72 80 12 3 62 37 39 2 97 29 51 92 32 31 71 13 42 73 94 24 67 57 88 48 93 33 61 38 27 46 30 65 54 4 22 85 19 21 76 34 74 56 53 49 66 59 44 28 75 63 6 10 91 89 23 83 100 11 18 41 60 25 58 40 95 55 8 79 98 64 50 52 26 20 17 84 1 16 35 78 69 36 90 15 81 7 99 9 5 77 0 68
45 94 91 30 31 71 86 58 10 11 69 93 26 54 68 17 21 18 61 98 90 75 89 77 97 73 74 78 92 100 39 99 59 87 1 8 76 57 22 80 96 56 53 33 13 55 44 34 6 35 66 50 0 41 48 2 24 83 5 36 16 27 70 29 79 38 43 47 95 46 4 9 49 65 42 20 12 3 72 25 63 7 28 52 67 64 82 14 88 85 32 81 37 40 51 62 19 23 84 60
27 57 69 4 76 85 7 55 48 84 10 41 56 28 62 23 53 71 19 96 60 35 54 0 5 94 91 70 72 66 33 30 6 99 95 34 40 17 51 11 81 97 47 59 61 89 26 3 46 18 80 98 65 78 45 52 50 64 83 73 100 1 82 29 36 87 43 2 49 44 75 21 8 58 79 74 88 20 12 92 31 93 67 86 42 63 32 15 77 25 39 37 9 68 90 24 22 13 38 14
69 91 9 6 46 24 62 25 34 57 76 23 2 75 42 60 77 37 56 19 27 39 100 28 7 64 82 29 18 32 92 83 66 95 98 93 61 50 41 38 33 31 11 87 4 86 71 8 13 72 10 67 48 49 14 68 65 51 84 53 36 3 15 40 78 30 94 5 99 43 70 74 80 0 79 44 73 97 52 16 1 59 35 88 89 85 47 54 90 26 12 22 63 96 55 81 45 58 21 20
90 78 93 50 35 45 29 1 3 37 16 83 62 48 53 71 64 58 65 20 44 74 100 34 99 77 2 95 91 11 60 72 25 46 42 13 82 5 28 19 33 17 68 0 88 97 9 76 39 26 75 98 79 52 40 87 21 86 55 47 43 10 81 61 27 7 56 94 22 14 24 23 12 92 57 59 84 54 67 31 89 15 73 80 8 85 38 51 49 36 96 6 41 30 4 69 66 32 63 70
8 75 44 76 70 87 45 35 66 32 80 50 74 51 38 21 82 77 55 72 88 69 28 39 42 61 59 11 12 78 10 47 67 23 5 58 85 25 4 14 63 81 30 7 94 1 40 46 73 49 27 9 36 31 93 24 97 60 17 48 53 71 54 33 96 92 34 29 98 89 86 84 64 22 43 62 0 91 79 90 6 2 16 20 100 26 52 83 65 68 57 3 37 99 56 41 15 13 95 18
81 89 59 16 65 98 74 45 18 52 92 40 8 34 84 43 49 76 69 13 42 70 30 5 36 83 56 75 1 78 80 79 9 61 71 85 90 86 96 28 62 6 39 10 60 17 82 11 3 26 51 47 99 55 66 41 88 57 14 94 63 33 93 7 64 27 53 68 12 37 48 4 24 44 87 67 2 31 25 100 50 72 15 95 29 32 97 73 54 58 19 22 38 21 35 77 0 91 23 46
99 71 73 96 52 40 6 34 97 61 42 92 33 22 70 82 58 57 66 3 84 65 23 60 76 77 63 16 38 54 11 31 20 64 53 85 25 48 39 2 62 35 81 7 51 68 88 79 94 49 14 24 43 36 26 100 5 17 86 0 41 50 74 10 78 30 95 15 45 47 18 29 67 4 75 89 46 83 9 1 32 8 69 37 90 80 91 93 59 12 19 56 27 44 28 13 55 87 98 72
90 51 69 19 87 33 8 6 36 83 14 70 93 57 67 95 21 20 40 76 71 49 12 98 88 1 0 29 3 30 75 43 78 82 17 97 72 96 24 7 27 99 64 92 32 81 54 13 37 5 73 63 46 38 62 59 53 48 89 10 44 35 56 34 77 15 9 91 85 4 66 80 47 39 52 18 60 55 68 58 25 84 45 42 26 65 86 100 16 2 61 50 23 11 74 31 28 79 41 94
36 90 74 59 15 69 87 41 96 70 72 24 89 10 7 3 51 2 39 54 48 6 62 25 84 28 100 29 22 85 68 20 46 88 76 47 17 64 49 43 95 53 9 13 97 91 32 94 83 73 92 8 77 16 27 18 56 42 99 86 98 19 63 31 33 0 58 60 52 21 14 38 1 40 5 80 45 12 26 37 78 75 55 35 81 71 11 4 57 61 50 30 44 34 79 82 65 93 66 67
47 29 67 96 88 9 93 2 79 90 43 98 18 84 66 91 6 65 81 41 72 94 52 97 50 33 39 4 40 45 15 63 58 22 1 83 11 49 46 54 5 8 75 16 60 30 92 32 35 53 25 27 3 0 68 28 86 51 78 74 62 89 85 57 37 36 17 80 26 13 56 19 55 95 99 77 61 76 20 10 42 59 64 38 71 34 73 44 69 14 21 87 23 100 48 82 70 12 31 7
95 41 76 0 83 59 78 47 28 29 35 32 53 21 72 4 24 60 77 37 73 26 69 8 3 20 70 31 85 86 13 36 98 68 64 80 61 57 23 27 82 74 63 75 62 1 88 71 97 44 42 55 99 40 46 38 66 17 15 50 10 79 33 48 14 81 67 49 11 39 52 96 5 84 65 6 12 9 18 54 22 51 87 91 2 90 93 45 100 7 56 34 89 92 16 43 30 19 94 58
19 27 7 20 86 68 91 57 31 33 77 97 100 35 65 25 36 15 85 52 80 50 92 84 60 47 67 73 21 78 38 75 74 69 83 22 40 49 63 55 99 24 94 56 4 76 41 9 16 8 48 87 93 6 71 5 95 17 43 46 18 14 34 13 53 89 59 32 70 79 11 29 1 45 81 2 54 82 39 28 51 64 98 23 12 44 88 30 3 42 62 61 58 37 72 90 66 10 96 0
94 10 65 86 82 84 98 28 6 43 30 51 92 72 22 25 2 13 55 1 36 40 14 42 68 88 71 34 29 75 59 45 78 56 89 39 54 11 17 38 87 4 15 3 12 62 91 21 8 44 64 58 79 33 16 76 99 41 90 35 96 60 18 48 32 19 37 52 81 26 77 61 100 67 74 47 53 24 66 93 97 69 5 85 63 95 46 57 9 50 23 31 49 70 7 0 20 73 80 83
19 75 59 48 11 37 99 60 47 93 34 3 45 84 89 43 44 90 73 54 32 10 13 67 58 42 79 24 29 40 64 57 52 65 51 62 74 2 17 80 36 4 100 9 21 91 98 97 53 38 66 49 72 95 68 39 20 14 27 33 92 12 18 86 15 76 6 56 16 22 88 35 70 71 69 78 31 1 5 7 50 96 94 25 61 85 23 77 0 26 8 82 41 63 30 55 83 81 46 87
59 85 27 40 11 89 10 65 25 0 92 20 5 16 64 80 94 18 55 4 21 34 76 98 99 37 66 1 50 54 31 68 60 79 15 90 8 74 14 26 2 61 56 41 87 32 52 73 58 77 7 81 63 69 47 38 88 70 100 6 48 82 43 3 13 62 36 75 91 53 23 51 9 46 95 39 35 57 44 71 96 30 83 72 93 22 42 19 12 24 67 45 97 28 49 17 33 78 84 86
27 16 64 68 6 21 70 28 23 48 97 76 35 96 11 22 12 13 43 25 40 84 8 5 20 52 10 98 67 60 39 31 49 32 88 65 91 79 82 15 93 63 59 34 53 7 37 95 17 92 74 73 0 85 94 14 100 50 4 51 57 18 69 3 77 80 19 33 78 29 58 26 75 45 9 41 86 55 89 1 2 61 54 46 81 44 42 83 62 47 90 24 72 38 99 56 71 36 66 87
10 49 23 12 73 4 97 75 83 59 76 84 62 99 68 93 17 32 45 57 15 46 36 51 14 58 19 92 71 80 37 39 95 21 8 50 72 28 16 40 53 18 41 64 86 29 81 52 0 79 82 48 43 88 65 26 56 60 3 34 94 98 74 78 67 69 100 66 33 61 63 54 27 96 5 7 85 22 35 42 55 2 30 6 89 77 13 87 9 91 20 24 1 90 47 38 11 25 70 44
18 78 63 45 91 1 70 10 47 93 79 86 13 76 7 87 42 25 12 4 27 5 0 49 6 60 21 52 50 59 26 62 71 100 2 8 55 88 23 19 67 14 16 92 57 54 9 34 73 66 58 83 35 51 99 81 30 82 56 48 96 46 40 80 41 72 65 24 39 98 3 68 97 28 64 20 29 74 22 94 53 31 15 84 95 11 90 61 33 36 75 43 37 77 89 17 69 85 38 44
49 13 94 3 76 36 41 69 53 57 91 0 60 18 26 61 14 15 21 70 100 73 85 77 89 25 50 98 4 67 39 6 52 66 75 99 37 20 35 80 58 82 34 28 31 24 8 23 38 32 71 40 1 86 95 87 84 59 81 47 7 64 96 93 51 79 5 2 44 30 22 43 29 74 78 62 83 90 65 92 48 27 55 10 56 16 12 68 54 46 72 45 42 19 97 17 63 11 9 88
0 73 6 46 68 78 29 36 49 55 72 74 95 7 92 50 98 86 11 81 5 59 54 21 16 12 76 48 27 75 62 24 58 2 51 63 41 4 26 99 88 1 17 30 67 97 38 64 90 91 14 66 96 89 37 43 52 20 85 44 83 71 35 18 100 28 31 87 65 32 33 79 70 93 25 10 56 3 8 77 13 23 82 53 19 45 61 42 69 94 39 57 40 80 22 15 84 9 60 47
26 100 89 75 25 40 51 30 3 28 60 95 33 61 47 55 4 56 11 10 15 18 87 67 17 64 1 14 34 86 83 84 24 21 68 22 9 54 5 77 69 41 46 19 42 48 37 32 59 97 39 78 79 73 94 85 70 23 93 80 16 74 76 53 6 65 72 62 52 20 88 99 91 81 49 8 27 43 7 12 0 57 98 63 36 31 29 90 82 92 38 71 50 2 96 13 58 44 45 66
8 24 67 9 54 37 26 69 11 82 28 0 57 12 70 85 38 30 83 94 65 100 77 68 60 31 51 53 95 21 66 55 18 17 35 49 89 29 10 92 2 90 96 39 40 91 74 64 50 46 4 5 61 81 48 13 52 84 47 79 97 99 87 23 16 34 3 14 43 75 71 6 33 44 78 76 73 19 41 32 63 20 80 27 58 25 45 72 59 56 93 86 15 7 88 98 42 1 62 22
19 65 28 18 81 83 53 91 47 4 78 13 89 42 21 66 44 22 31 100 90 49 55 93 14 50 61 77 23 46 48 95 17 34 59 40 5 76 57 7 6 29 60 72 16 75 10 2 80 41 71 68 84 99 73 45 30 63 92 1 98 97 24 52 39 82 88 67 54 38 51 85 3 12 33 15 96 94 11 26 36 8 58 0 43 27 25 35 32 79 62 20 87 69 64 9 56 86 70 74
5 16 15 89 78 76 37 93 27 52 77 12 73 9 36 55 83 50 70 51 40 35 49 6 71 82 0 21 87 32 25 11 44 3 34 20 66 13 56 4 84 95 75 61 46 47 59 91 90 29 68 31 14 63 39 53 72 99 22 17 80 2 19 30 86 79 65 92 24 98 28 60 62 74 88 33 1 64 23 41 48 18 85 43 45 67 94 54 96 7 10 42 57 26 58 81 100 69 97 8
97 51 5 42 25 70 16 32 66 72 86 85 59 73 60 29 14 1 95 76 75 17 65 68 34 49 69 63 21 2 46 8 30 27 3 22 50 47 82 58 23 83 33 10 98 62 57 80 71 100 9 31 77 96 61 38 20 28 84 19 78 67 26 87 44 40 99 93 89 94 13 64 52 56 55 4 7 74 35 11 92 43 37 15 36 90 48 81 53 6 54 18 24 79 41 45 88 91 0 12
19 43 75 42 93 59 57 5 6 4 67 26 36 83 17 47 10 39 96 0 55 23 11 8 77 20 80 13 2 54 30 60 71 3 84 62 12 51 50 33 31 49 1 76 87 28 82 88 73 70 98 25 46 94 41 64 69 99 90 74 44 37 78 14 32 16 15 48 21 79 27 85 68 34 9 45 7 86 58 92 63 65 52 18 22 66 72 38 97 61 100 53 95 24 89 91 56 29 81 35
16 20 59 30 1 89 88 5 23 37 62 92 12 24 0 9 34 83 54 56 7 50 43 42 94 84 90 78 68 58 95 6 72 33 98 28 18 65 3 67 31 19 93 74 45 48 79 55 86 47 61 21 4 10 26 69 39 75 96 53 57 29 76 66 60 63 100 13 52 64 36 35 17 25 8 77 70 44 14 22 81 40 27 38 49 87 2 11 46 85 32 82 15 91 73 99 71 97 80 51
64 19 58 68 24 32 99 79 37 49 71 31 80 98 21 45 18 65 50 83 25 14 36 100 43 6 15 59 23 33 26 67 76 17 39 77 85 47 60 63 74 73 57 13 86 82 8 30 66 87 84 38 16 69 89 2 55 91 11 94 44 61 62 0 46 56 48 88 70 90 5 29 40 22 4 10 72 34 35 75 95 96 93 97 81 12 78 20 28 51 9 3 27 7 53 41 52 1 92 54
53 34 26 70 86 52 69 83 23 2 51 16 87 17 62 71 58 6 30 50 32 59 94 12 8 57 13 67 40 64 46 9 1 98 24 29 31 93 79 10 91 73 80 76 41 25 19 11 39 72 81 61 89 38 22 37 60 75 66 5 47 18 99 45 54 55 49 88 42 35 84 20 4 28 21 85 100 7 65 36 48 44 27 63 82 68 0 74 3 95 33 78 97 77 14 15 96 90 92 56
29 35 21 17 18 23 51 54 25 87 69 11 9 6 57 34 38 32 100 33 64 4 58 68 49 60 66 2 89 88 28 30 31 13 36 96 22 71 90 48 82 83 73 50 42 91 70 98 74 99 1 40 5 46 14 41 72 37 56 47 94 24 78 75 97 65 95 43 63 86 27 39 19 16 79 7 0 59 93 77 55 8 12 76 67 10 85 52 81 92 80 45 84 62 3 53 61 26 15 20
20 52 64 1 66 92 89 97 40 60 95 0 37 100 79 7 68 36 26 59 99 74 78 6 67 72 21 84 51 81 39 48 19 88 16 5 15 38 61 56 18 44 63 22 90 54 83 29 42 32 8 87 69 93 85 24 46 11 28 50 75 4 27 23 2 43 91 33 76 82 55 13 65 70 9 34 3 62 10 58 73 96 98 53 41 80 14 77 25 94 57 17 12 31 35 47 86 49 71 30
88 53 37 75 34 86 12 91 36 8 14 33 56 70 73 89 81 61 72 52 9 17 84 60 22 16 98 42 96 35 11 50 10 47 0 30 28 43 5 6 18 82 69 64 77 31 55 4 63 66 59 99 65 21 27 74 7 40 76 58 2 62 1 41 87 44 57 90 45 93 71 54 38 80 15 94 79 97 68 32 95 23 83 78 39 3 85 25 29 48 13 92 51 67 24 26 19 20 49 100
59 82 39 55 16 63 45 3 18 64 54 79 86 7 43 8 51 61 4 66 58 69 74 9 49 95 17 6 13 33 29 70 21 91 12 93 67 71 25 83 26 34 52 30 53 65 75 44 11 68 50 87 81 84 40 20 57 37 46 23 89 92 35 98 19 27 10 48 0 41 22 60 77 56 1 99 36 2 96 78 62 94 15 85 31 88 76 42 14 90 72 100 97 24 38 28 73 80 5 32
73 67 74 36 85 88 6 24 10 9 89 25 64 40 61 62 51 72 38 8 55 69 97 59 66 14 94 52 19 49 99 3 11 35 12 1 84 26 32 54 29 34 91 100 31 63 5 80 43 45 68 7 21 42 81 28 47 83 46 92 71 13 96 60 44 95 2 27 50 4 65 78 57 20 0 22 87 37 75 79 86 18 16 90 98 56 33 41 70 39 15 77 76 58 82 30 53 17 93 23
26 24 55 56 21 85 90 40 42 67 63 10 32 48 20 31 88 5 38 8 93 1 74 91 36 59 96 78 45 84 47 92 43 95 23 80 3 86 50 44 25 72 99 27 6 82 0 46 17 89 37 53 33 13 58 64 97 9 14 4 51 94 18 61 87 54 11 60 73 69 29 68 66 83 81 22 2 79 62 35 34 12 19 100 52 15 65 7 76 28 75 57 77 70 39 30 98 71 16 41
57 3 73 92 18 48 22 32 70 39 93 13 67 42 52 79 88 38 17 26 25 40 85 45 27 60 87 37 19 21 6 63 33 83 46 71 72 14 47 62 89 76 98 61 15 5 51 54 29 91 100 65 77 78 81 20 28 97 59 90 23 86 31 12 9 24 96 44 10 1 66 80 4 2 94 55 58 56 30 0 36 75 41 8 11 82 69 16 7 49 43 53 35 84 95 99 64 34 68 74
3 47 40 27 33 58 88 20 94 0 71 46 73 30 32 93 56 65 35 99 39 43 64 36 57 59 17 8 23 45 68 12 11 16 92 72 85 13 91 25 76 49 87 98 41 18 55 61 89 37 52 2 74 5 86 81 82 26 67 48 78 31 75 10 1 83 95 22 69 50 38 79 29 14 34 70 7 60 9 90 84 44 62 63 24 66 100 28 21 42 97 6 53 4 77 80 96 19 15 54
30 53 8 63 100 99 92 51 59 91 20 87 65 21 67 66 41 32 19 82 97 23 78 10 4 1 93 89 57 7 24 60 11 14 3 58 44 95 33 61 83 26 42 94 12 36 68 69 85 38 62 5 18 56 84 48 86 49 88 16 80 9 39 29 2 40 35 75 98 50 90 64 31 46 22 47 28 45 74 27 73 70 25 17 43 0 81 34 37 54 15 71 72 77 6 13 55 96 76 79
94 79 95 19 84 5 32 59 50 22 70 30 77 57 69 64 83 66 45 27 1 11 91 49 37 82 23 42 63 36 78 68 51 71 100 20 55 2 41 56 99 38 8 39 52 4 34 14 93 28 7 17 86 40 80 47 13 31 81 16 58 98 96 46 89 92 3 74 33 44 76 35 9 73 62 75 87 60 24 26 0 29 67 18 65 48 72 90 25 43 88 12 97 85 15 10 21 6 54 61
28 71 72 56 60 35 0 76 10 36 50 49 2 7 83 48 63 27 68 86 55 96 37 62 92 75 45 80 25 87 52 97 89 6 33 34 39 74 31 22 99 13 44 53 73 100 67 79 19 21 82 26 65 57 64 1 18 47 5 84 8 94 51 66 88 90 69 23 42 3 16 95 91 61 12 41 85 46 20 4 59 9 38 17 98 40 14 43 32 81 58 77 11 30 78 70 15 29 24 93
16 17 21 88 36 9 67 12 53 89 61 44 10 83 98 91 23 81 52 66 42 84 29 5 73 20 65 77 33 95 68 18 24 47 39 34 50 58 25 100 28 41 59 45 6 57 63 87 75 2 37 64 60 27 93 51 32 19 22 3 79 54 38 80 1 40 94 78 74 86 72 70 0 43 48 49 13 31 7 35 56 99 46 15 8 26 4 96 92 71 85 76 14 82 97 11 30 69 62 90
31 22 44 83 68 48 60 38 84 40 63 37 76 26 28 24 11 78 33 2 41 12 32 29 66 15 46 99 73 64 9 98 59 94 3 81 57 30 23 74 89 5 36 43 34 55 39 61 21 35 77 95 58 93 70 20 7 14 69 19 62 0 25 1 90 13 97 18 54 75 85 79 51 10 65 71 88 52 8 4 72 45 87 67 80 42 82 6 49 86 53 16 27 47 100 96 17 50 91 92
11 33 61 31 22 1 25 53 65 73 99 27 52 15 16 64 7 95 43 75 59 91 54 55 14 13 78 34 85 62 89 49 88 63 4 8 77 93 38 58 20 68 29 81 48 9 23 67 40 30 39 21 37 100 19 94 41 46 36 83 70 10 5 74 42 50 98 82 12 97 6 90 2 60 26 71 32 3 76 80 24 17 45 18 69 47 44 87 96 0 86 28 66 84 72 79 92 35 56 51
63 43 95 34 48 16 50 62 32 4 60 12 84 29 15 10 44 82 100 97 0 66 85 80 68 21 2 45 52 75 49 5 70 89 55 35 17 46 39 22 53 79 96 99 54 57 83 98 26 91 77 94 14 90 87 3 88 36 65 37 20 61 72 59 13 56 69 11 18 93 9 81 8 19 78 25 51 24 74 6 47 42 41 92 23 73 67 38 7 64 1 33 31 71 86 28 27 30 76 40
100 4 83 5 9 8 29 34 35 92 62 55 14 0 7 32 94 36 65 52 80 12 47 19 33 43 24 91 88 46 98 20 3 13 2 99 22 25 58 63 48 54 85 6 26 45 50 67 42 21 89 93 31 71 82 49 77 56 18 37 61 60 57 74 64 97 72 96 28 68 41 69 17 40 30 70 11 81 15 10 16 75 84 78 53 38 86 51 27 66 44 79 73 39 95 76 23 87 90 1
32 82 38 28 80 25 74 23 46 5 13 67 93 39 51 48 77 55 49 30 27 72 78 97 2 15 73 86 56 89 0 29 75 90 76 45 91 9 10 47 7 61 8 81 14 96 88 35 17 19 68 1 63 44 71 21 22 65 98 57 99 53 12 69 59 26 31 100 34 62 11 84 42 79 3 83 33 58 40 36 20 50 52 94 24 95 66 18 85 54 92 70 37 4 87 6 64 41 16 43
7 55 75 78 8 65 43 50 42 68 77 80 82 90 33 88 49 51 0 6 12 60 67 81 37 15 30 32 100 36 31 89 58 83 20 39 14 93 64 72 11 96 53 76 66 99 91 5 47 2 98 48 13 54 38 34 69 95 71 16 25 10 79 59 9 46 18 22 52 1 4 86 21 40 27 24 63 56 62 87 29 35 70 41 57 44 26 74 17 85 97 73 23 45 94 3 92 19 28 84
73 97 67 95 91 46 40 89 30 27 22 19 12 56 78 2 50 3 59 25 13 33 34 79 92 0 24 20 64 7 51 82 21 77 4 52 66 81 85 37 48 26 69 47 63 83 72 88 100 57 90 96 17 99 71 80 60 45 87 18 16 10 41 70 38 28 43 68 44 36 5 14 74 61 75 76 6 29 98 65 1 54 93 9 94 31 11 86 32 15 53 8 42 35 55 39 49 84 23 58
62 8 45 27 100 69 64 57 51 2 96 76 83 10 14 82 91 53 34 33 56 37 88 52 41 81 38 17 28 65 44 42 3 35 77 95 40 13 24 73 23 5 99 30 55 18 85 12 0 78 66 61 58 11 36 79 25 6 74 4 9 98 39 49 75 93 26 22 43 92 31 54 60 59 68 84 20 94 71 86 32 97 19 46 87 16 72 15 48 7 50 90 1 80 89 70 29 67 21 47
91 58 98 24 37 4 99 93 46 80 11 16 85 48 78 12 28 45 36 30 89 51 3 73 76 43 82 10 7 14 32 66 54 95 97 26 25 74 81 61 56 60 5 96 86 44 68 100 38 69 20 87 50 57 71 34 59 94 15 22 65 35 67 27 17 52 39 63 18 0 47 40 19 72 42 84 23 29 2 53 83 41 1 6 70 92 55 88 21 79 77 33 62 13 49 8 75 90 9 31
95 90 56 2 92 96 86 77 57 62 74 52 26 27 23 15 66 45 63 81 64 40 69 3 70 17 43 28 21 18 16 39 97 47 98 30 33 22 14 67 100 11 24 46 19 38 10 36 13 49 5 76 44 7 80 50 37 34 91 6 75 61 12 0 78 29 4 83 68 35 60 94 59 82 42 25 73 48 55 88 99 41 79 9 51 20 84 31 1 58 71 32 72 85 93 54 8 89 53 87
6 50 87 41 52 67 84 22 75 94 45 100 73 3 23 37 43 34 95 57 8 98 63 21 48 83 7 47 4 91 62 49 5 2 60 35 70 77 64 88 12 93 20 71 86 96 33 90 56 40 14 36 13 15 89 74 38 27 9 30 80 31 42 53 99 51 92 16 81 39 85 78 82 28 25 24 69 54 11 44 0 59 46 32 72 29 61 76 68 55 79 17 19 18 65 1 26 10 97 58
38 99 10 80 72 81 93 32 2 40 29 92 61 75 30 86 49 33 9 22 69 13 96 94 8 85 24 48 52 73 59 98 5 35 51 42 89 66 45 43 74 54 27 31 11 26 34 58 28 1 14 12 4 37 70 65 91 97 41 7 0 15 57 21 88 100 23 84 17 62 64 76 83 79 6 47 68 78 16 71 50 3 53 18 25 82 95 20 55 60 56 77 39 90 36 46 44 63 87 19
69 28 12 93 70 78 42 9 47 8 40 45 64 18 63 52 26 39 13 81 48 59 60 25 38 71 7 43 0 23 17 84 3 19 67 90 66 87 74 77 44 31 98 14 15 56 51 79 80 96 86 82 85 83 11 54 55 73 75 21 16 61 65 29 10 46 53 50 37 32 62 30 36 1 33 57 2 91 35 49 41 95 22 24 34 100 97 89 76 92 58 27 5 94 99 4 6 72 88 20
54 60 3 71 92 20 41 91 13 55 38 43 47 19 28 27 63 4 99 75 74 78 90 80 16 81 53 52 65 73 39 31 84 95 26 8 59 56 34 32 67 33 17 98 45 50 42 58 96 36 82 87 94 88 72 76 66 51 18 89 49 15 5 24 62 61 100 7 77 2 1 11 48 25 83 68 23 93 97 14 46 21 70 9 6 85 30 37 79 40 12 57 10 29 44 86 22 0 35 64
14 2 8 74 46 69 85 72 80 100 65 99 11 56 88 9 50 53 76 39 17 55 21 92 73 18 28 5 57 44 35 49 27 96 58 45 62 23 36 22 77 67 52 3 54 38 84 75 95 66 91 47 81 0 89 20 59 94 68 30 42 87 51 16 90 29 98 78 15 26 19 71 43 97 64 63 24 82 7 32 83 40 31 33 48 93 37 61 6 60 34 12 1 25 10 86 41 79 13 4
84 54 100 31 27 8 46 36 0 64 52 66 62 11 63 35 24 82 51 73 17 59 96 92 9 57 87 15 79 26 25 90 61 97 55 6 75 80 47 94 34 40 72 99 85 91 95 12 44 42 49 7 30 60 76 98 68 21 5 81 50 88 48 14 45 58 86 22 4 3 70 19 37 23 41 38 74 65 18 2 1 13 39 43 32 29 89 16 33 78 83 53 56 67 28 69 77 10 20 93
78 52 70 75 57 29 8 100 22 6 53 76 44 31 33 11 73 50 99 23 34 16 79 48 54 39 88 45 95 59 1 21 26 86 91 77 68 10 56 3 71 96 38 98 19 87 0 46 63 64 41 24 17 25 89 12 28 5 55 27 18 83 84 49 15 93 60 20 36 13 67 37 30 66 94 80 32 62 4 40 97 2 35 69 9 43 61 14 82 90 81 92 42 65 7 51 85 74 58 47
60 66 91 42 44 67 10 81 43 19 74 48 77 25 64 56 40 88 30 35 28 98 51 47 65 92 70 87 93 69 76 17 12 9 34 22 79 80 68 71 100 1 36 39 13 24 4 86 20 95 45 11 63 46 15 57 38 37 53 90 54 55 82 29 5 31 49 14 89 94 26 2 72 41 16 85 23 52 3 58 33 59 75 0 83 50 27 7 99 18 32 96 78 61 84 8 97 62 21 6
45 19 69 2 0 89 75 48 92 10 93 83 18 7 98 82 58 29 28 30 53 51 9 25 34 15 78 61 77 96 76 87 49 47 27 38 67 52 21 16 57 13 81 80 17 39 1 95 14 90 36 22 91 46 55 71 50 41 35 11 8 23 88 85 54 42 72 79 73 20 86 84 24 4 6 62 31 59 26 99 60 33 32 12 68 94 65 40 70 43 56 37 3 64 97 63 44 5 66 100
100 13 87 84 51 60 22 29 42 65 62 6 26 91 32 89 21 28 58 63 24 7 8 81 70 25 79 31 54 82 16 64 9 94 4 20 67 86 5 55 12 88 17 40 10 76 77 35 52 56 53 66 38 78 1 97 2 49 48 44 61 43 19 93 59 47 68 57 98 11 15 45 99 27 46 96 30 85 0 50 3 18 73 23 95 36 90 14 39 74 71 72 41 69 33 92 80 37 83 34
5 81 35 74 54 62 66 98 51 23 21 78 46 70 72 80 91 75 13 11 95 8 58 79 96 77 19 59 90 12 48 36 93 85 49 26 61 100 89 92 68 55 37 94 42 30 18 3 7 86 73 28 57 10 25 22 99 9 15 20 88 65 39 0 29 6 82 69 64 44 47 97 84 45 83 1 27 17 52 34 56 53 4 31 60 50 43 67 14 63 38 16 32 41 2 33 40 87 71 24
30 25 52 29 43 55 90 65 56 76 95 20 57 39 60 62 40 73 82 11 18 16 24 72 2 15 59 78 49 9 75 37 83 6 31 97 12 14 61 92 41 45 35 53 70 27 3 100 21 74 13 38 1 34 32 46 58 42 47 51 50 88 66 22 68 48 54 99 84 28 36 96 67 94 93 87 23 33 71 0 69 86 10 89 85 98 63 81 8 4 79 64 19 44 26 5 80 7 17 91
16 13 89 42 20 64 65 17 37 28 3 97 92 33 1 63 77 41 60 61 39 9 72 29 52 81 53 38 66 23 30 80 10 76 71 51 68 22 36 62 98 93 0 27 44 91 70 14 15 46 90 85 47 32 43 19 56 54 59 67 75 11 69 8 34 24 87 12 88 45 2 79 99 55 25 6 100 58 26 86 83 94 49 40 31 18 57 48 73 96 95 74 50 7 4 82 84 35 5 21
69 13 43 74 35 52 10 64 23 82 71 63 60 21 85 28 75 25 61 41 53 96 70 98 44 83 0 30 11 68 45 39 58 37 66 65 20 95 67 99 9 47 17 19 31 100 73 27 1 80 7 62 97 42 6 40 57 94 33 38 2 12 54 76 51 3 90 29 84 48 77 59 72 16 50 92 24 93 34 15 36 86 89 22 46 49 56 32 91 87 14 8 4 88 55 18 78 81 5 26
85 62 68 47 53 32 56 81 86 28 91 41 24 42 67 29 14 97 88 21 70 46 52 74 73 36 25 61 19 54 99 20 63 83 33 55 4 65 94 15 64 10 9 57 60 39 12 89 13 22 40 0 72 11 100 51 79 58 8 18 90 59 37 45 6 30 77 27 48 43 23 26 7 35 17 71 38 75 93 1 95 82 84 16 98 5 3 92 50 2 31 44 87 76 78 69 34 66 49 96
90 19 23 61 21 62 68 18 25 92 41 71 4 58 97 13 56 67 33 47 80 15 39 34 2 83 60 7 36 49 44 75 73 70 20 94 69 9 52 93 29 40 27 24 57 74 66 37 45 91 96 77 99 53 6 88 10 82 79 0 46 98 14 31 54 32 78 26 76 35 72 30 16 3 55 48 87 100 28 64 89 1 43 59 84 95 12 22 63 65 85 86 38 51 42 11 5 17 50 8
94 18 7 40 54 35 41 87 48 69 63 66 53 61 20 2 36 43 13 71 97 17 42 99 84 91 55 92 14 81 64 28 80 24 75 31 68 88 93 96 95 22 62 67 19 21 5 9 3 51 27 72 11 39 65 12 52 90 73 79 8 30 23 89 58 76 78 16 1 47 33 0 37 100 10 86 59 98 38 32 85 49 29 56 15 83 6 57 44 46 50 74 26 25 34 45 4 77 70 60
25 35 59 84 31 15 47 27 44 96 42 54 46 91 71 37 28 17 22 49 30 80 55 40 81 2 19 56 26 52 68 21 93 6 61 90 32 53 88 79 33 87 45 67 10 74 8 97 20 94 14 9 100 64 36 0 41 65 76 98 39 92 34 86 18 3 16 75 43 66 99 13 57 89 23 24 85 95 11 82 48 4 70 29 62 69 1 7 77 63 73 78 38 58 51 72 5 12 60 50
65 64 44 3 12 86 78 1 16 4 55 50 62 99 25 49 14 56 81 45 74 61 23 69 2 57 83 80 79 58 52 100 63 21 11 71 46 27 19 40 5 47 17 96 70 30 42 31 24 94 18 34 67 97 51 15 77 22 29 39 8 93 95 10 87 28 0 59 33 35 90 66 68 92 26 53 82 85 98 60 91 75 88 73 38 36 89 32 48 9 76 41 72 37 13 20 54 43 7 6
5 82 17 75 21 91 99 98 60 97 74 41 65 48 16 23 13 18 53 78 95 27 57 11 33 49 25 50 3 29 1 90 58 8 84 86 69 7 96 87 38 37 63 6 80 61 79 2 34 9 32 14 88 83 55 0 20 56 62 47 15 51 28 67 59 31 70 68 81 66 89 4 100 12 39 42 22 43 94 76 40 44 54 36 24 77 10 45 72 93 46 92 26 30 73 19 35 71 64 52
38 31 96 69 79 44 91 49 34 99 40 58 88 92 13 10 41 46 77 37 85 32 66 54 84 35 63 29 17 2 28 26 71 90 51 16 60 78 0 36 65 64 93 100 6 72 81 18 53 59 61 5 47 52 67 39 12 56 27 87 62 70 15 19 75 25 8 80 83 22 97 89 3 21 76 82 23 42 68 57 20 7 94 11 50 30 14 45 55 4 24 98 43 74 48 1 9 95 73 33
84 1 3 17 89 56 32 35 2 7 30 5 34 31 97 77 41 81 15 20 78 92 67 40 61 66 74 70 39 100 57 46 26 51 71 10 28 49 25 91 98 18 62 14 21 55 37 16 64 38 36 50 58 82 95 73 42 12 9 54 44 23 0 94 59 22 76 13 88 4 63 85 33 83 47 8 53 99 27 24 48 86 19 68 60 52 90 11 65 29 75 72 80 79 93 69 96 43 6 45
2 31 28 58 25 97 8 38 48 5 24 39 65 76 11 95 70 7 1 34 22 32 66 60 64 37 83 17 27 40 45 20 26 35 52 33 51 44 81 53 86 21 85 84 15 19 72 42 30 69 16 56 18 91 74 49 61 68 59 13 57 50 82 55 6 93 89 79 75 92 9 99 46 23 96 47 0 43 29 80 4 62 67 78 54 98 87 77 14 73 90 36 10 94 100 63 41 71 3 12
39 3 6 92 54 53 49 34 88 26 30 27 98 85 79 94 91 75 5 2 28 73 68 43 86 90 69 55 87 57 95 7 46 40 74 84 65 93 96 31 42 78 11 19 71 10 66 51 1 99 72 14 25 97 67 83 9 60 38 24 82 21 52 29 100 76 48 17 61 22 33 56 63 70 12 47 59 18 35 20 45 8 80 50 15 0 44 36 32 81 4 16 23 62 37 77 64 13 58 41
49 92 82 73 19 18 54 37 11 93 40 99 78 33 3 66 61 51 64 17 71 45 60 91 52 48 46 28 39 32 8 0 95 62 59 36 9 23 84 63 89 88 20 30 50 81 76 86 58 87 72 10 2 47 67 6 12 27 77 24 42 4 85 98 79 38 56 96 75 13 57 41 14 29 44 70 26 69 65 22 53 31 35 15 43 74 21 83 16 25 34 1 100 68 55 5 7 94 80 97
57 53 23 96 81 16 7 67 18 89 92 21 84 76 47 28 38 94 11 46 22 14 69 49 44 93 42 17 13 1 98 66 48 73 20 24 88 35 5 79 33 74 10 80 77 95 60 41 50 29 34 85 12 15 8 26 36 9 37 40 55 19 25 78 56 2 31 51 54 0 87 82 72 100 52 59 90 63 62 58 6 97 83 32 27 3 39 71 4 30 64 45 86 75 99 68 43 61 70 65
23 29 61 74 32 55 70 72 76 35 66 39 19 100 95 81 22 50 83 65 41 34 44 57 73 79 45 40 37 62 89 38 85 8 28 54 7 24 31 88 18 21 86 43 56 15 78 98 26 87 99 91 68 94 17 53 97 77 82 64 59 58 69 30 5 3 36 6 10 12 20 60 14 47 16 51 80 67 84 25 46 48 42 52 0 9 2 27 93 75 13 4 33 1 63 49 96 90 71 11
79 98 58 49 4 50 87 89 70 57 15 44 46 34 55 99 8 25 11 82 69 28 75 47 26 92 31 30 35 18 78 41 53 32 42 88 66 38 80 91 96 22 33 67 6 86 73 24 17 56 90 60 65 3 13 14 12 85 10 40 0 27 9 39 81 62 100 63 72 7 20 48 97 68 83 43 59 51 19 21 5 95 64 16 84 76 37 94 29 52 1 77 23 74 61 2 36 71 45 54
20 32 76 42 21 36 88 95 28 38 7 64 29 26 33 25 8 9 81 24 10 47 80 40 99 48 18 49 65 44 17 59 61 11 71 93 86 51 54 84 31 1 14 96 30 12 2 91 83 16 98 66 70 57 41 19 55 4 58 22 87 37 63 39 27 60 68 45 75 74 5 0 52 15 46 67 85 6 53 73 92 79 69 89 35 78 34 50 3 90 97 77 23 82 43 100 62 72 13 56
52 30 77 99 96 86 5 85 94 20 67 23 80 0 51 49 19 61 12 7 92 9 76 36 1 44 98 32 93 63 56 64 42 21 71 60 88 65 8 87 90 27 69 35 34 24 29 13 26 45 25 75 57 43 41 58 14 89 54 84 50 66 3 53 17 100 15 11 81 33 40 4 74 97 91 55 2 18 37 83 38 72 78 82 70 48 47 46 62 31 39 59 6 73 68 22 16 10 79 28
13 60 87 38 62 94 27 45 11 82 19 71 81 47 80 98 57 43 73 16 5 37 72 79 58 75 92 53 28 35 41 83 89 4 55 65 77 68 85 76 31 91 95 22 93 33 8 50 3 18 40 59 67 1 15 66 49 2 0 74 61 36 23 12 48 9 86 10 14 51 88 30 64 25 20 100 84 26 54 21 6 63 7 78 99 17 34 24 46 42 69 29 52 70 90 97 44 56 39 32
45 32 20 29 87 35 85 48 53 23 39 24 64 44 21 99 18 17 58 22 75 26 43 47 2 15 100 14 16 8 89 7 65 30 92 36 37 66 63 52 95 82 67 68 77 81 12 62 73 59 27 13 56 3 25 33 78 4 72 86 55 5 70 96 61 46 41 19 83 49 34 76 71 90 42 79 69 28 93 57 0 91 11 80 9 94 84 54 1 38 60 98 6 50 51 31 88 40 10 74
48 95 15 0 59 45 63 94 70 55 30 39 57 84 72 54 16 47 6 91 96 49 4 12 40 42 29 64 22 28 83 82 31 27 13 93 56 35 24 43 17 66 80 18 21 23 58 3 60 32 61 73 88 10 20 69 100 76 50 14 41 38 25 68 74 87 9 1 34 65 53 36 71 89 52 99 79 85 77 97 2 67 11 81 75 33 5 51 46 44 86 90 78 19 92 8 37 7 26 62
52 76 78 69 11 17 55 66 29 36 68 30 26 39 48 74 10 71 85 49 34 96 4 97 7 31 20 6 62 25 12 3 18 38 43 28 22 64 60 19 2 83 13 0 93 86 87 54 15 75 80 21 8 1 77 51 65 44 23 84 50 47 57 46 32 98 53 42 16 91 95 33 72 14 73 61 41 9 37 79 58 56 24 88 70 82 27 100 35 59 81 63 94 5 90 92 45 40 89 67
21 71 56 58 41 7 70 57 94 63 23 88 20 93 11 65 69 66 49 75 47 91 37 53 97 50 55 90 14 9 40 1 78 61 92 24 12 73 60 22 87 5 34 30 85 36 74 83 0 98 48 4 51 27 96 26 10 84 52 80 44 43 6 31 62 16 42 19 72 8 45 3 15 17 32 95 59 68 29 46 38 13 64 33 77 86 79 81 2 67 89 18 99 54 25 76 28 39 35 82
