87 43 75 27 36 93 33 88 79 34 82 51 58 8 70 49 52 100 60 99 23 6 72 11 74 59 17 44 71 24 9 39 76 96 62 25 40 78 46 63 12 57 1 31 21 22 47 67 32 48 18 94 61 68 15 26 97 14 28 7 69 95 41 2 10 45 65 64 83 13 35 84 90 85 50 4 77 98 37 5 30 16 53 29 66 54 80 38 42 92 55 89 19 56 3 73 91 20 86 81
61 84 78 13 99 48 70 19 27 22 32 39 68 46 37 58 82 3 8 87 18 24 90 91 36 35 49 50 31 53 33 100 45 17 44 80 95 88 85 89 73 51 63 83 93 67 92 71 66 41 64 11 7 25 65 34 23 54 21 97 26 94 16 2 47 20 28 59 56 86 30 76 0 40 77 69 12 14 29 10 60 72 15 74 43 96 52 57 6 9 4 55 42 38 79 81 62 5 75 98
88 41 19 34 21 79 58 85 0 51 6 4 80 33 96 1 56 24 31 32 47 74 63 15 84 69 16 67 100 13 77 71 3 11 29 52 83 57 46 23 25 98 28 81 20 91 40 93 26 12 39 61 9 38 30 36 54 42 14 76 66 87 18 17 35 27 7 73 70 99 78 94 62 37 53 60 5 92 64 82 55 45 44 97 86 49 89 95 72 68 59 8 22 48 10 90 50 65 43 75
77 97 98 47 37 68 25 0 48 51 34 99 81 12 1 100 79 8 23 85 14 13 52 67 20 38 10 59 74 11 9 30 72 6 41 65 36 66 61 22 43 2 45 87 18 73 56 54 62 19 96 42 44 91 35 16 49 95 50 60 40 82 94 57 46 88 21 4 84 89 80 29 63 17 69 5 27 93 24 31 76 39 53 28 70 83 71 92 58 86 26 55 15 78 7 32 64 33 90 75
65 27 82 29 43 61 2 96 86 26 51 5 63 18 14 20 11 44 83 12 76 15 69 75 50 24 84 17 46 100 68 23 70 36 90 56 55 99 67 21 38 88 85 80 25 58 9 78 3 1 91 32 62 34 48 74 33 42 41 39 6 31 59 10 19 73 7 93 37 79 54 81 47 95 64 8 66 45 30 97 0 87 40 92 94 52 22 89 72 16 13 98 60 28 49 71 77 53 57 35
6 9 46 29 65 90 85 50 15 19 59 40 91 56 55 20 17 88 66 92 84 16 43 94 36 0 33 73 68 71 83 13 62 47 77 32 14 27 10 24 44 96 38 4 63 21 1 28 22 37 11 60 69 93 72 45 7 86 30 8 78 82 31 35 74 18 52 54 99 64 100 67 80 34 89 97 2 39 76 23 42 57 49 58 81 61 26 53 3 41 75 51 12 48 87 25 70 98 95 79
78 33 92 79 68 43 97 31 0 39 17 61 19 89 7 55 22 30 81 96 67 15 1 86 12 87 95 100 45 23 37 65 5 38 21 18 90 56 28 8 27 35 60 32 53 49 41 63 85 25 71 94 83 77 59 26 74 42 24 48 51 88 93 91 62 11 20 13 76 58 84 52 36 82 99 47 80 98 16 70 54 4 29 34 44 72 69 46 14 73 10 40 64 66 50 2 57 9 75 3
22 67 13 48 0 73 87 34 44 63 79 29 74 81 59 47 64 20 21 27 72 58 80 97 46 84 89 52 57 82 6 53 8 68 70 14 41 35 88 78 95 36 90 18 85 16 24 62 60 37 76 5 4 23 54 94 66 56 32 75 71 45 3 61 19 42 31 93 2 9 65 91 100 49 33 39 55 86 1 69 99 40 43 12 50 25 92 51 96 83 77 98 38 30 15 17 10 28 26 11
90 18 37 76 22 88 7 70 44 81 26 93 92 50 32 59 10 19 67 33 79 40 48 42 77 30 99 72 38 85 87 55 13 45 6 95 5 23 12 36 65 35 75 61 1 49 53 94 66 28 52 14 21 91 9 27 43 2 16 29 86 100 39 74 17 3 68 96 62 25 31 84 54 63 20 11 71 41 78 64 15 98 60 57 0 24 4 73 56 51 58 69 83 97 89 47 46 82 34 80
0 83 11 67 26 34 21 79 64 91 90 58 53 68 24 87 76 23 97 12 98 10 95 44 99 29 7 74 61 71 63 31 82 89 2 25 81 65 47 4 1 77 19 6 13 51 78 84 39 55 86 94 18 100 96 30 33 37 93 52 88 14 80 5 8 57 43 48 15 22 16 42 85 60 20 59 92 3 72 17 45 50 54 70 66 27 56 40 32 46 62 75 41 38 28 35 73 49 69 36
41 54 33 56 75 55 30 31 36 98 68 93 100 69 66 57 43 8 13 14 60 25 87 92 24 2 32 88 26 4 73 90 99 50 65 62 40 11 21 1 17 82 49 84 34 12 51 45 16 97 42 9 79 64 96 48 53 20 89 61 67 37 77 46 72 91 76 5 70 47 18 86 58 44 3 95 63 15 27 59 71 74 83 94 52 28 23 22 6 29 19 38 7 78 85 80 39 81 35 0
58 75 79 94 3 51 1 56 73 14 83 71 16 70 77 38 8 25 43 23 78 28 32 54 12 89 34 0 92 47 84 69 30 93 18 66 88 9 45 39 87 42 5 24 50 10 91 33 67 37 96 36 68 52 63 48 7 100 82 61 44 76 86 98 13 99 40 85 80 22 49 53 46 31 64 26 20 97 4 60 17 59 65 55 6 29 27 21 15 57 62 35 41 2 90 95 72 19 74 81
68 22 44 5 90 62 47 73 21 10 36 50 51 4 66 39 96 95 92 63 80 81 27 14 99 79 1 34 76 3 9 88 71 23 35 40 13 55 69 29 41 28 59 100 56 49 93 6 54 15 43 30 45 89 7 83 98 85 82 31 25 32 91 38 19 74 46 18 17 77 53 84 86 42 61 94 0 87 72 8 24 75 64 60 11 16 2 33 65 20 52 57 58 67 48 70 97 78 26 37
59 52 37 80 64 55 51 18 81 22 53 39 16 69 70 72 87 65 83 6 68 85 28 95 79 40 7 62 92 66 12 8 9 49 96 82 75 21 91 26 77 100 43 2 36 3 23 57 90 38 99 60 71 45 50 44 25 19 63 0 61 73 5 54 14 93 15 94 76 42 27 1 33 78 24 58 29 32 4 47 86 89 88 98 30 41 11 35 31 56 97 34 10 20 48 17 67 46 74 84
22 84 60 51 72 67 86 94 97 92 77 69 5 23 90 91 9 44 66 33 41 20 3 52 54 31 68 43 7 59 32 6 83 12 48 85 27 19 78 46 61 45 21 98 47 79 75 71 39 55 30 88 8 58 96 53 29 35 99 42 2 74 4 16 24 57 26 50 1 38 64 40 25 87 56 62 13 17 28 76 100 36 10 63 18 93 70 34 11 81 15 49 89 82 73 37 80 0 65 95
83 80 19 14 88 72 81 57 91 77 94 27 32 22 18 56 54 85 16 98 87 41 53 4 3 99 36 64 29 84 47 67 2 5 45 26 69 48 28 17 60 49 73 23 100 90 21 7 42 70 78 66 24 6 82 76 43 59 31 71 63 12 1 35 52 33 96 95 30 86 11 74 50 65 75 61 34 37 9 55 62 40 13 79 68 38 0 97 51 10 25 92 58 39 46 89 93 20 8 44
9 1 94 84 4 88 57 20 22 79 70 78 75 17 48 67 96 33 58 11 27 81 26 13 59 100 39 37 77 82 53 41 34 95 52 44 76 0 29 97 73 19 7 85 3 91 54 86 49 62 36 74 99 18 63 6 80 8 51 55 14 2 46 40 35 64 32 92 10 98 25 21 68 56 83 60 71 38 69 90 45 66 30 65 24 43 23 47 42 28 93 87 5 89 31 72 15 50 12 61
48 13 41 20 26 0 1 19 66 55 71 56 12 84 76 6 51 79 63 10 24 97 33 31 50 70 99 80 2 81 82 57 36 90 45 4 100 43 44 32 3 11 54 59 67 65 69 74 28 85 62 23 29 95 40 34 64 46 58 52 38 98 5 75 86 93 16 73 47 39 92 88 27 14 21 89 61 77 53 94 30 96 91 60 83 22 18 25 78 68 49 35 42 15 87 37 8 7 72 9
13 32 28 14 93 57 35 76 62 31 34 75 21 68 92 45 30 22 70 54 25 19 97 89 64 29 84 95 37 20 17 0 73 49 79 43 66 2 38 63 81 48 5 87 65 85 3 40 23 99 8 91 42 10 7 9 78 69 50 46 96 94 33 52 24 71 56 83 100 16 12 58 61 39 55 60 11 27 41 44 15 86 1 80 6 98 90 47 82 67 53 36 88 4 72 77 26 51 74 59
31 57 78 21 98 38 48 10 49 35 33 80 22 75 4 89 77 64 60 54 30 40 83 93 61 39 58 16 69 53 23 99 100 84 51 92 56 67 36 86 81 46 13 14 44 91 17 66 88 9 11 71 43 12 2 87 15 6 1 25 74 79 82 7 59 73 95 8 90 47 27 5 85 34 42 97 96 45 32 28 65 41 52 70 72 94 18 0 50 3 20 63 29 55 37 68 62 24 26 76
79 46 94 59 49 69 37 50 68 19 53 85 55 96 95 62 56 45 90 14 77 92 21 75 15 54 98 25 70 0 17 34 66 2 83 78 4 91 42 63 1 52 58 72 81 93 57 32 60 33 11 76 43 84 22 7 44 64 30 100 40 74 71 29 3 89 80 9 13 36 18 82 65 28 99 61 6 41 97 16 35 87 10 47 12 67 26 38 27 48 86 23 51 24 5 39 31 73 88 8
61 88 0 8 14 74 7 15 62 73 30 48 16 11 17 31 90 85 45 68 29 97 51 10 98 83 60 66 93 81 82 34 41 47 86 53 80 32 23 77 70 69 59 89 28 35 76 99 75 96 95 71 87 100 65 33 92 56 43 3 19 2 91 6 44 38 79 40 9 52 54 37 64 12 26 63 46 39 84 27 18 25 55 22 49 58 4 42 57 13 94 24 78 5 72 67 20 50 36 1
99 45 91 28 72 20 18 92 55 62 50 26 47 100 51 33 75 60 70 25 36 97 54 83 17 31 4 73 8 34 42 21 6 23 58 15 59 35 63 0 82 69 80 16 7 68 53 93 19 95 44 85 2 79 43 14 10 90 48 98 52 66 88 5 41 12 77 67 29 40 24 39 89 74 84 37 61 1 13 87 78 49 94 96 86 46 64 76 11 65 38 57 30 81 3 71 9 56 32 27
81 52 88 94 70 55 77 38 47 13 83 33 15 25 22 29 91 9 78 82 14 6 27 30 16 31 79 68 39 32 98 67 74 42 28 12 73 65 97 34 2 89 93 76 53 62 99 46 61 45 40 11 35 37 5 24 80 26 86 90 49 69 3 63 0 50 84 48 60 58 8 66 71 18 10 87 54 7 57 41 72 92 19 1 85 75 64 4 95 96 56 51 36 100 43 59 21 44 17 20
3 21 12 31 66 93 48 44 79 42 64 41 63 37 19 18 69 20 30 6 78 13 29 55 74 4 8 90 81 34 17 39 72 10 100 36 77 46 22 97 67 87 0 99 98 84 35 89 56 54 51 5 27 58 26 71 82 95 16 32 28 62 80 91 57 25 92 50 76 9 68 49 15 11 14 96 2 38 33 53 7 45 73 43 40 94 61 60 47 1 70 75 52 65 83 23 59 85 88 86
30 71 5 49 80 7 98 8 39 100 17 81 15 56 99 46 58 78 57 52 6 35 43 48 64 23 87 16 33 34 72 50 69 95 13 36 53 4 67 11 74 31 27 54 3 59 42 32 97 91 40 76 77 26 22 70 10 60 92 79 83 94 84 85 66 14 12 9 55 96 20 82 18 1 88 65 62 37 28 93 45 41 63 90 19 68 38 73 29 24 2 44 86 75 0 89 61 21 47 51
31 100 61 9 23 20 56 76 79 94 99 98 65 59 0 19 45 7 37 74 84 62 17 2 38 21 8 33 63 46 12 97 49 53 87 24 11 27 10 36 15 75 88 25 91 72 14 70 69 68 60 64 47 82 92 89 50 80 1 40 22 90 28 29 66 67 42 86 3 39 73 32 54 5 30 4 52 6 78 95 35 85 44 51 16 93 83 96 81 18 13 71 41 48 34 57 43 55 77 58
60 34 51 88 40 67 44 61 57 56 52 80 96 15 9 7 1 43 46 68 24 2 85 28 22 23 66 64 100 70 6 30 89 42 58 3 37 35 29 59 50 93 47 83 92 77 99 41 26 38 18 95 75 97 17 84 20 55 45 91 33 62 72 31 81 87 49 48 8 13 5 98 11 53 39 69 71 79 0 86 21 32 54 78 73 14 4 82 10 63 76 25 36 94 19 65 74 90 16 12
11 41 9 65 5 99 1 33 69 60 14 24 35 80 10 51 75 89 6 7 2 61 74 48 81 83 27 21 45 100 36 66 13 95 38 54 56 15 96 77 70 39 49 32 53 93 31 78 50 92 17 3 47 12 26 88 34 18 30 29 42 57 40 73 64 91 0 67 55 86 63 59 72 94 37 46 8 23 82 85 22 62 4 58 79 71 84 90 68 52 20 44 97 76 98 25 43 19 16 87
12 20 48 97 61 81 96 83 66 60 14 70 46 9 67 7 56 64 95 84 78 13 25 39 1 42 51 44 19 37 86 54 71 33 47 8 65 76 3 98 68 87 50 53 15 74 92 93 49 30 43 28 24 40 59 0 41 5 73 89 27 2 72 79 17 99 80 10 34 38 26 100 32 57 75 58 18 45 91 4 21 36 22 90 63 6 77 94 62 23 16 69 88 82 52 55 85 11 35 31
96 89 12 18 81 100 21 88 93 15 86 46 3 6 98 91 41 53 57 54 23 60 8 31 29 22 56 80 66 82 90 49 97 58 63 95 51 78 11 79 33 27 83 40 9 45 28 43 4 70 10 48 0 76 65 36 37 17 44 84 67 25 39 7 61 71 34 50 94 59 32 72 20 1 24 55 26 68 99 42 16 13 64 14 19 35 47 74 5 62 85 2 87 92 73 52 77 38 69 75
94 12 52 38 30 90 55 53 64 49 96 21 2 44 17 93 25 99 82 45 35 92 16 11 4 37 40 24 77 61 81 74 34 54 85 27 28 78 87 56 60 75 57 22 48 89 39 1 46 58 71 73 72 7 6 41 23 91 98 79 8 70 18 0 5 51 10 65 3 69 95 13 68 36 9 62 80 63 83 42 20 50 33 100 88 19 29 43 97 86 32 14 59 66 84 26 15 67 47 76
23 17 55 72 73 79 76 61 98 11 81 24 84 60 46 51 52 59 71 13 88 38 74 49 3 18 90 64 36 40 89 66 77 48 35 6 15 37 56 19 7 82 53 0 12 10 4 62 65 96 67 30 44 95 41 16 9 50 58 14 75 2 68 54 80 20 99 78 43 25 34 97 42 70 1 91 33 27 63 8 57 26 93 83 100 69 22 45 94 87 31 92 86 39 85 47 29 21 5 28
4 61 87 66 65 89 83 29 38 10 73 76 96 74 93 15 21 71 36 55 53 17 25 11 64 48 59 52 42 86 49 43 77 46 63 56 9 31 97 92 60 14 45 91 100 70 78 7 68 50 67 32 84 72 88 13 19 35 20 2 40 22 62 94 5 75 6 1 69 79 18 26 34 27 51 95 28 0 23 24 37 98 85 8 47 3 41 12 16 44 80 30 82 58 39 57 81 54 90 99
73 82 59 91 100 63 96 85 92 72 81 93 89 4 10 80 37 74 69 98 90 21 20 17 9 30 35 46 40 78 79 11 14 70 12 42 53 86 45 39 36 29 6 55 64 8 66 50 18 52 25 48 54 32 62 0 65 49 31 13 1 22 61 60 76 19 95 94 75 26 57 15 7 2 28 84 99 38 67 88 97 47 58 16 27 77 44 43 5 41 56 3 87 68 71 33 51 23 83 24
23 30 100 16 9 62 76 18 59 65 91 57 37 25 82 22 38 40 77 67 53 84 96 55 10 72 47 31 78 54 44 7 27 83 45 49 60 34 61 56 2 26 74 92 70 94 80 20 19 86 58 8 50 51 85 1 81 52 93 5 39 32 87 46 4 17 21 88 79 68 29 33 43 28 11 89 95 66 90 97 12 15 98 99 63 6 41 73 24 0 75 42 64 36 69 13 48 71 3 14
74 44 12 56 5 3 94 100 41 17 25 28 89 21 26 66 59 78 47 18 24 54 80 87 71 70 42 2 84 97 88 62 37 90 7 23 22 75 27 19 31 68 14 52 77 13 76 45 10 40 95 93 48 63 20 6 29 9 83 98 57 69 1 11 85 67 64 38 49 34 53 51 43 55 91 33 92 50 58 96 15 81 35 73 39 86 99 60 72 65 79 8 0 30 61 46 4 32 82 16
70 69 33 28 11 3 36 27 2 0 63 99 66 10 87 72 14 40 90 94 35 32 91 31 39 25 77 13 24 100 8 57 34 12 42 19 71 55 18 56 68 4 75 98 64 48 30 26 81 73 44 20 17 60 79 76 92 1 52 9 41 7 6 67 78 51 62 83 22 5 16 93 50 88 43 38 97 54 47 82 96 84 80 89 45 15 65 23 46 85 86 53 21 74 95 59 61 49 29 58
10 15 81 3 37 58 33 74 61 82 30 73 36 90 13 21 55 71 11 25 49 51 75 52 43 8 79 19 70 88 54 24 47 63 94 53 31 45 14 84 83 46 4 32 86 68 27 89 77 59 56 35 91 92 69 6 9 17 41 93 0 29 26 96 18 22 76 99 78 62 64 72 60 85 87 66 48 40 50 1 95 16 7 67 23 80 28 97 100 65 20 12 98 57 44 5 34 39 42 2
62 48 26 14 2 66 78 44 92 59 88 31 20 58 84 15 51 23 57 63 4 93 27 61 68 85 75 52 13 35 71 0 6 70 90 95 97 96 40 47 19 33 74 87 83 67 46 32 99 79 7 65 49 12 5 54 76 18 25 30 94 89 24 60 41 50 77 82 64 72 16 38 53 55 29 45 56 11 37 21 69 22 73 1 10 86 42 36 91 17 3 8 34 28 9 80 98 100 43 81
29 60 36 20 21 37 1 76 86 92 83 98 34 14 12 6 32 28 53 55 85 70 3 87 54 78 0 68 13 56 71 11 17 61 58 79 57 73 66 62 52 27 84 33 75 91 43 7 81 94 44 31 2 38 45 19 26 99 96 50 80 100 51 24 39 88 48 90 47 9 72 97 25 67 35 15 4 42 16 69 10 64 22 46 23 59 93 77 74 8 18 89 63 49 95 65 41 30 5 82
77 5 76 50 86 22 49 3 99 91 25 54 56 63 58 37 38 1 65 31 94 51 74 34 7 47 46 29 100 19 33 39 28 73 69 92 64 17 12 79 27 68 26 75 53 0 89 18 59 83 67 4 45 82 66 2 43 32 57 9 95 62 98 13 48 16 90 88 72 44 15 78 20 42 40 21 61 84 11 35 8 93 80 85 71 23 36 70 24 96 6 52 60 55 97 10 81 30 87 14
13 64 98 55 34 37 49 51 75 22 85 47 92 14 15 45 82 63 33 10 61 89 59 97 35 9 72 5 26 81 94 87 80 21 70 18 96 68 57 73 12 52 95 39 78 86 28 54 20 76 36 43 46 79 23 60 71 8 3 84 44 17 99 91 74 29 69 50 67 88 1 2 27 77 32 19 16 62 65 6 53 41 66 90 25 24 11 38 93 0 83 48 31 30 100 40 58 7 4 56
74 40 55 97 79 19 3 42 21 34 50 39 93 4 75 91 87 10 57 86 46 32 81 78 80 17 99 63 16 22 5 13 59 49 37 72 30 2 20 33 88 0 96 84 64 58 62 47 14 100 61 44 18 71 89 70 77 60 45 12 36 76 7 66 85 35 8 90 9 31 26 95 52 41 73 15 92 51 65 53 23 82 56 68 6 27 83 11 28 67 29 94 25 69 24 1 54 38 98 48
9 60 17 64 94 63 11 32 33 96 90 13 67 43 100 20 61 52 4 50 55 27 59 89 70 34 35 37 53 24 54 41 56 36 93 16 22 84 80 99 87 74 45 51 88 72 48 42 83 30 71 25 15 68 66 2 73 46 28 58 86 82 39 7 5 40 21 8 3 91 26 38 23 92 10 78 81 77 57 12 0 69 79 97 18 31 95 65 85 19 76 14 75 98 1 49 47 29 6 62
84 92 8 67 21 56 82 33 27 12 81 55 32 63 94 41 40 16 13 71 51 5 18 74 39 86 1 72 20 38 15 87 19 80 4 73 42 77 83 58 64 75 2 57 46 65 30 17 96 50 98 70 11 25 85 89 68 54 49 78 66 62 93 22 59 31 34 100 47 14 3 29 95 91 48 79 9 69 0 76 37 88 52 23 97 10 24 44 60 61 7 28 6 36 35 53 90 99 43 26
59 17 77 3 94 88 24 91 50 71 72 84 64 10 19 75 66 7 6 20 45 11 13 33 21 42 69 5 38 18 61 63 95 79 1 25 41 39 92 98 26 14 62 67 51 54 85 4 97 36 60 55 0 34 43 27 32 70 90 68 12 52 87 49 56 44 65 78 8 9 83 89 35 100 73 48 31 29 16 58 80 15 93 86 82 96 81 76 40 23 99 74 2 37 47 28 53 57 30 22
43 20 44 60 92 18 75 57 56 72 26 79 25 3 31 76 78 40 36 42 0 22 64 28 58 69 61 52 7 77 53 34 6 38 68 10 85 29 11 80 98 89 74 70 66 67 14 46 81 97 41 93 48 54 33 45 12 8 9 16 59 51 96 87 65 21 83 2 86 99 5 90 15 37 73 17 32 50 84 91 100 30 95 49 35 1 55 88 39 94 19 62 4 63 24 13 27 23 71 82
26 70 93 94 59 82 23 38 98 46 41 89 62 92 35 55 12 11 24 33 65 8 77 61 52 51 68 36 39 75 3 28 90 72 60 42 84 9 18 64 53 67 25 85 66 50 73 43 45 96 87 17 2 58 83 95 76 1 5 44 6 79 0 21 32 20 54 71 27 29 81 86 19 91 47 99 13 100 34 16 30 31 74 63 40 69 78 56 15 97 49 7 37 88 14 57 10 80 22 4
31 43 3 82 50 4 59 46 52 93 27 71 48 74 22 41 10 20 8 23 57 53 86 36 0 81 87 76 85 92 37 29 64 33 30 100 75 17 80 54 11 58 35 45 19 25 77 83 39 72 34 62 98 55 12 44 2 28 68 95 69 51 90 7 60 99 97 6 47 89 91 38 94 70 42 21 40 96 14 67 63 56 26 73 15 79 65 18 16 5 9 88 24 61 1 78 32 66 13 84
23 47 16 9 3 75 68 78 34 44 43 22 97 74 0 62 69 19 17 100 84 36 73 90 89 55 98 6 95 93 26 1 30 64 11 7 57 12 83 33 51 40 61 91 67 58 85 82 18 76 88 10 70 65 96 39 4 48 56 94 42 60 92 52 28 37 46 54 38 72 87 14 24 80 21 27 20 2 71 99 66 31 32 29 86 15 49 79 53 59 35 5 77 41 81 63 25 8 45 13
7 59 34 21 45 33 31 15 98 67 58 35 38 81 24 94 11 9 69 82 75 91 65 56 72 96 88 29 30 70 42 95 26 63 5 54 79 8 18 14 84 93 61 19 90 36 4 52 17 50 57 49 100 92 85 48 89 10 71 99 55 3 2 87 53 22 74 16 20 1 6 83 0 47 25 60 46 44 68 39 32 77 66 80 28 23 41 78 40 76 43 86 13 27 73 97 62 12 37 64
47 59 27 69 25 88 19 67 92 1 57 58 46 41 13 21 55 51 68 54 30 35 3 56 45 31 38 28 0 29 49 4 11 23 66 50 8 6 7 80 53 15 81 77 84 73 83 42 63 90 10 64 48 33 18 22 24 9 70 65 36 44 98 99 97 43 86 82 89 34 91 2 39 40 20 32 75 100 72 60 87 37 61 5 76 62 12 95 26 14 71 17 94 78 93 96 16 74 79 85
33 35 3 22 41 36 67 2 63 27 83 97 58 64 69 89 42 82 78 0 46 34 50 9 96 15 23 94 5 87 32 84 98 68 10 54 91 75 79 100 8 92 57 56 20 90 43 47 72 13 14 6 85 45 7 18 60 73 24 38 76 65 16 29 12 62 17 21 26 49 30 95 59 99 37 86 61 25 31 39 80 51 48 66 52 4 74 77 70 1 81 71 93 11 19 40 55 44 88 28
45 31 25 1 76 94 87 10 35 64 79 17 21 56 97 26 30 23 60 7 66 82 29 69 77 9 3 16 85 51 75 90 71 88 13 95 41 81 4 19 67 20 18 50 80 38 12 93 2 99 57 47 40 58 84 91 36 6 86 32 72 33 42 73 70 96 28 98 22 34 49 24 65 46 55 27 89 100 8 0 53 48 61 59 37 5 68 15 44 14 11 74 43 63 92 52 83 39 78 62
9 64 39 72 28 23 8 1 34 98 50 52 61 47 71 92 63 20 88 65 51 3 40 86 17 77 35 27 73 2 13 89 29 82 7 32 6 24 45 4 56 96 90 38 12 31 97 41 15 78 85 14 70 57 10 81 58 18 19 76 60 36 5 80 30 37 67 91 68 46 53 49 42 69 100 99 11 59 84 25 48 75 16 21 66 62 54 79 26 43 44 95 74 93 94 0 87 83 33 22
69 3 24 81 48 11 10 19 17 38 7 66 34 88 51 36 71 50 80 61 13 65 68 47 44 92 67 0 93 27 87 94 18 41 70 64 5 31 97 39 55 60 62 91 40 8 73 46 2 96 89 90 100 74 63 1 23 16 84 75 20 35 26 12 30 9 22 85 98 15 53 32 43 77 82 52 28 14 45 37 6 95 58 76 79 29 99 59 54 83 86 4 72 21 42 57 78 25 33 49
5 42 100 99 78 9 10 11 53 23 18 90 94 48 62 83 68 44 32 13 51 8 61 45 87 3 27 66 38 98 67 25 31 16 55 95 37 89 47 28 1 88 22 24 96 40 19 60 49 59 41 2 91 56 86 39 52 80 15 0 43 82 74 54 34 29 26 73 64 7 93 65 30 71 50 12 21 6 85 81 4 76 79 75 17 97 36 63 70 35 14 33 72 20 77 46 92 69 84 58
61 73 60 19 39 59 14 100 88 36 66 81 86 55 37 63 11 38 42 96 48 49 57 9 31 5 10 17 93 26 24 90 98 99 97 75 28 83 21 71 92 87 91 7 51 25 84 70 45 12 52 41 44 6 4 85 1 40 94 47 2 33 76 22 56 27 77 95 16 35 62 72 54 89 34 13 20 23 67 78 46 65 68 8 53 15 74 69 79 29 30 0 43 3 80 82 32 18 64 50
17 86 65 64 41 4 94 70 14 57 90 61 100 45 63 66 49 72 36 88 46 62 18 73 12 6 87 85 1 7 89 80 55 40 99 28 50 83 23 76 60 10 9 82 52 29 0 42 21 75 79 54 92 84 95 30 37 5 31 39 8 3 15 98 78 91 38 27 97 96 32 48 51 25 67 24 53 11 71 47 44 74 16 20 68 34 35 2 81 58 13 22 77 93 19 26 56 43 33 69
79 99 55 8 38 10 37 9 11 95 77 45 93 6 88 15 23 70 65 96 89 17 26 32 33 52 74 94 71 85 51 76 2 49 90 82 22 41 48 54 64 13 14 62 67 43 58 20 30 16 72 84 27 25 53 24 98 0 86 1 35 18 92 80 34 57 87 44 47 50 66 31 73 75 61 29 56 97 7 63 5 83 21 4 81 3 68 19 69 78 42 28 59 46 40 91 100 39 12 36
66 55 11 93 88 45 13 57 80 6 71 36 16 24 64 50 97 22 10 82 38 96 58 20 73 47 87 44 3 2 84 43 99 40 83 0 7 72 91 68 19 65 51 23 8 12 79 85 94 18 4 42 63 39 21 14 34 29 53 67 48 27 78 37 33 52 59 95 60 30 9 25 100 90 32 81 17 5 89 77 86 74 54 26 70 31 1 69 98 15 56 41 35 62 46 76 49 92 28 75
42 55 24 23 4 13 48 51 99 77 11 16 8 67 95 96 83 73 100 2 9 97 84 89 6 18 49 46 37 82 92 30 78 53 43 3 72 27 35 98 1 10 54 28 74 0 39 57 52 5 17 36 85 81 38 26 44 75 93 7 34 32 45 19 15 29 71 25 70 33 69 79 20 22 41 60 68 61 87 58 80 76 12 14 63 56 86 59 21 64 31 66 65 40 47 94 50 91 88 90
24 48 50 66 33 30 92 68 19 1 77 15 85 93 22 89 2 55 23 65 49 59 52 4 38 53 32 14 11 47 20 13 73 72 78 41 79 27 96 51 28 74 34 98 84 54 6 7 88 39 17 71 60 81 87 12 57 90 67 10 75 42 31 43 35 26 9 21 62 44 91 64 69 95 18 40 70 25 8 100 36 82 58 56 94 45 76 0 83 61 3 46 5 29 97 99 86 16 80 37
31 23 41 3 27 40 53 79 58 45 48 16 65 82 98 85 74 47 15 68 33 80 75 44 67 11 42 8 13 36 96 100 57 69 10 5 1 97 21 87 30 22 26 52 95 46 54 72 93 7 84 25 83 51 37 94 78 86 71 70 91 92 32 0 60 63 89 14 66 43 55 56 81 9 38 76 17 77 88 49 73 34 4 28 50 19 61 18 29 12 90 99 59 20 6 2 35 24 62 39
83 56 59 4 93 44 23 35 50 1 84 28 37 11 55 82 39 48 15 79 95 73 45 18 8 10 33 19 90 31 62 81 76 57 88 40 38 58 51 89 27 14 68 99 91 100 96 54 63 47 12 72 42 61 97 67 32 98 77 34 7 94 16 60 6 86 24 13 22 9 36 29 70 74 0 85 64 20 80 46 30 2 53 78 66 21 52 69 5 49 17 43 87 25 3 75 41 26 71 92
14 83 68 80 82 55 35 76 23 74 81 97 46 45 34 41 98 44 8 96 61 19 65 43 47 32 63 92 40 0 36 17 2 39 78 86 10 7 72 31 77 1 13 89 64 94 88 26 24 73 70 91 57 22 60 67 51 42 4 95 75 28 30 56 6 85 93 69 90 9 11 12 71 18 99 33 20 48 84 87 54 52 59 38 15 3 58 49 62 25 5 37 27 53 100 79 21 29 16 50
19 6 96 94 26 80 77 18 86 0 20 71 52 29 34 70 39 22 66 35 83 84 1 14 43 99 53 36 28 82 95 31 51 41 27 63 25 12 10 61 88 4 59 98 87 17 54 56 7 48 69 24 9 32 73 81 62 68 33 30 21 3 46 2 74 8 50 15 79 11 58 72 5 13 97 23 55 45 37 57 40 76 65 44 90 47 85 49 64 75 38 92 60 93 16 78 100 91 42 89
1 66 28 23 47 85 76 27 98 34 24 100 53 75 81 63 26 95 89 9 12 90 6 86 94 15 69 57 5 78 82 65 73 13 2 83 35 67 3 30 99 49 92 64 58 91 61 22 72 59 54 17 60 37 71 18 62 46 77 45 48 8 41 16 19 31 93 10 79 51 97 74 96 42 33 88 4 39 21 44 29 11 70 0 52 55 7 43 25 56 36 80 87 50 84 38 20 40 14 32
38 4 100 78 16 46 81 51 25 24 19 39 68 50 5 33 55 40 47 44 92 56 87 22 96 35 67 6 11 79 36 63 60 77 43 41 17 0 23 76 62 14 97 95 10 75 30 66 37 1 59 48 54 26 74 31 57 61 53 42 88 94 52 84 9 45 85 82 27 99 86 3 34 93 90 72 91 28 15 64 73 32 21 98 8 58 65 12 80 7 13 2 20 49 29 18 70 89 83 71
39 37 35 44 63 2 52 79 17 24 46 75 69 23 20 53 60 4 18 90 10 28 55 74 62 56 49 1 15 96 42 68 67 78 3 41 33 66 84 76 5 43 97 100 83 93 26 73 14 9 36 11 72 81 65 71 57 80 95 50 19 8 22 61 51 82 77 32 13 27 7 88 12 85 48 89 54 99 59 98 30 21 94 87 31 58 86 92 38 25 29 91 47 64 0 16 45 34 40 6
62 28 77 37 81 76 74 58 52 63 66 33 38 19 46 82 21 0 6 84 2 27 42 41 30 34 65 22 17 36 25 15 88 31 59 86 45 32 83 14 72 93 57 100 12 69 64 92 9 3 51 78 75 47 98 60 20 73 67 55 24 29 13 70 94 7 8 97 56 43 85 91 1 26 40 18 90 48 61 87 95 4 80 11 49 89 53 39 5 44 96 54 35 68 50 16 79 10 23 99
29 78 76 58 33 84 50 68 52 44 97 98 4 3 47 62 19 22 91 63 0 75 31 53 73 25 89 92 37 90 82 9 45 32 10 88 67 85 38 55 14 30 1 15 12 18 61 65 42 21 59 8 2 39 11 87 70 96 13 69 16 26 81 93 43 66 95 6 64 56 23 51 57 71 99 79 49 74 5 24 27 28 41 36 83 86 77 48 60 80 46 54 94 40 17 34 20 35 7 100
57 67 100 29 93 42 14 66 98 38 45 90 13 46 43 51 54 33 2 24 7 50 49 87 28 30 3 36 35 88 41 78 77 83 68 86 26 99 72 20 65 32 89 62 94 6 76 95 25 12 60 71 44 4 11 85 59 81 39 96 27 84 82 48 0 58 23 18 61 63 40 69 8 37 10 70 47 74 92 64 91 5 53 17 56 16 15 1 19 22 34 52 31 75 55 97 9 21 79 80
26 65 9 90 77 73 36 87 94 28 76 47 42 88 48 40 66 29 55 52 86 2 11 54 71 39 5 16 82 81 43 13 98 56 35 41 44 91 30 79 84 20 51 53 83 0 60 63 27 46 38 1 78 15 61 18 59 72 25 97 12 62 96 50 67 99 64 85 19 80 100 68 22 10 3 92 14 32 70 58 4 49 33 75 37 93 8 23 45 17 7 57 24 21 6 89 34 95 31 69
53 42 43 72 92 9 99 36 80 91 68 25 37 64 13 1 52 23 7 21 84 10 50 18 47 3 77 44 55 45 95 96 81 16 56 86 65 76 40 26 82 4 57 63 19 38 29 88 33 98 85 48 6 83 30 12 20 32 59 11 87 14 74 22 34 66 93 58 39 79 73 69 97 90 46 24 49 70 94 2 17 67 41 5 28 35 60 89 100 8 61 15 51 0 27 31 54 71 78 62
5 75 6 82 17 72 88 42 14 8 32 25 7 44 100 22 30 96 67 21 69 29 19 57 2 20 60 16 47 95 77 10 13 53 78 89 52 34 87 79 94 74 46 1 86 99 61 81 71 90 27 37 45 15 49 39 68 84 4 70 38 58 83 63 11 50 41 51 18 40 28 24 66 85 9 35 80 31 64 92 12 43 54 55 48 36 59 56 3 97 98 93 65 91 23 33 62 26 73 0
70 83 67 6 86 28 44 29 74 8 37 61 64 46 91 32 60 89 7 76 14 2 47 24 65 21 0 18 56 12 34 1 19 43 94 95 63 50 41 79 82 38 80 11 73 39 42 72 57 93 3 90 55 17 53 13 69 33 81 5 36 48 85 75 23 58 59 49 10 20 27 45 16 31 87 4 66 40 78 26 99 68 62 71 100 54 52 84 9 97 15 22 30 88 96 98 92 51 35 25
20 11 5 58 26 43 79 74 14 73 57 30 94 65 99 17 15 49 37 12 59 13 41 63 76 97 23 72 4 83 50 95 48 68 9 33 80 3 87 91 1 84 81 56 40 55 61 2 35 96 36 86 46 71 31 100 60 54 10 66 8 19 42 69 29 90 34 39 85 88 32 77 21 62 44 45 93 67 51 25 16 52 6 70 47 27 24 64 75 92 0 53 98 82 28 22 7 38 18 89
35 67 87 57 27 47 44 8 59 71 20 43 18 3 7 98 73 34 52 33 16 51 12 38 48 91 32 50 85 39 97 6 66 0 26 64 15 2 62 9 53 81 77 90 25 5 93 4 89 22 30 82 11 17 96 61 56 76 41 94 100 10 37 99 31 23 45 58 83 86 63 28 24 54 80 36 49 13 1 40 88 78 92 60 19 21 46 68 42 74 55 14 84 72 95 69 75 29 65 70
4 82 51 8 13 88 89 21 40 11 86 5 33 50 2 46 61 47 7 78 66 56 76 98 39 32 45 14 15 0 26 9 43 64 25 49 38 70 48 91 23 99 68 97 63 17 36 44 41 92 93 6 29 85 1 3 30 12 54 35 22 52 16 67 53 57 69 95 18 60 10 58 72 94 84 75 71 62 74 55 20 37 96 24 31 83 79 28 42 87 34 77 19 100 81 73 59 65 27 90
61 20 73 85 84 70 8 94 6 74 68 64 26 39 23 3 67 87 22 46 9 30 45 21 76 90 35 86 50 38 63 2 11 88 80 96 77 14 4 83 49 93 97 5 100 71 62 82 52 19 7 17 89 58 18 60 12 79 42 10 51 28 78 29 91 55 48 34 25 65 0 75 72 57 13 53 66 31 98 24 40 59 43 41 37 47 27 95 16 69 54 33 99 36 92 56 44 32 1 15
76 6 14 78 45 30 12 66 84 99 75 15 8 57 3 19 17 5 48 44 49 10 95 55 51 41 60 53 70 81 4 0 50 34 92 54 24 77 86 58 91 29 59 22 38 67 80 61 79 74 27 72 47 28 88 46 11 7 39 87 35 83 71 36 98 85 9 33 64 97 18 73 31 69 37 25 89 63 40 13 32 23 26 1 43 2 65 21 16 52 94 56 100 68 20 93 96 62 90 42
81 79 31 42 74 41 6 49 57 82 14 60 65 84 37 28 90 5 24 45 7 59 61 68 50 58 67 62 26 75 13 3 71 17 86 11 29 76 27 4 95 32 52 15 66 39 99 78 97 23 72 8 94 36 47 51 10 21 22 46 55 34 54 33 48 38 80 1 69 9 85 63 64 93 12 96 19 77 100 20 73 40 92 70 56 2 18 98 53 43 87 88 89 91 25 0 44 16 35 30
53 52 8 35 99 14 22 5 50 24 7 61 21 43 13 20 11 93 36 59 82 25 78 23 77 64 81 85 45 47 31 57 55 32 44 26 96 89 40 16 39 42 83 68 33 87 74 75 66 56 73 76 67 28 70 69 15 30 80 92 12 46 38 37 19 49 27 17 2 79 72 98 60 6 58 18 48 54 9 65 95 1 41 3 88 29 10 63 90 34 97 62 94 4 100 71 86 0 51 91
37 2 76 49 72 25 0 54 1 65 58 40 59 35 39 73 10 80 74 44 67 50 36 29 19 45 41 77 87 63 98 82 97 15 75 11 42 86 88 13 21 6 12 7 30 57 52 55 79 96 92 16 94 48 84 17 38 20 27 23 99 34 81 18 5 71 60 91 32 33 22 51 90 89 78 46 28 14 53 24 93 68 62 26 31 64 70 100 47 69 4 83 61 8 95 43 56 9 3 66
47 56 85 54 99 52 98 92 6 61 32 53 22 2 91 90 59 7 68 23 17 30 74 25 94 70 96 63 27 13 82 73 35 11 75 24 34 55 0 3 57 93 16 46 78 80 49 43 36 71 20 12 50 15 14 83 42 97 41 69 88 29 66 76 89 38 21 9 26 84 45 18 33 62 40 1 48 58 95 51 39 37 79 100 60 81 65 72 19 5 28 31 87 10 67 77 64 8 4 44
15 2 76 72 51 11 46 38 20 28 40 45 68 70 49 74 30 86 82 77 12 35 96 73 79 39 98 27 57 26 23 84 42 97 44 7 88 0 53 3 21 95 37 43 56 31 93 64 54 67 1 85 52 24 61 71 36 94 55 4 78 66 19 5 92 65 60 59 32 69 6 18 17 48 41 99 33 91 25 83 34 58 29 16 10 81 8 62 75 63 22 9 14 47 13 50 89 80 90 100
65 92 18 58 52 31 89 78 13 2 19 76 10 82 7 100 73 26 6 29 95 9 39 61 69 36 16 14 12 4 57 79 72 8 24 51 62 53 84 71 98 23 47 99 55 30 15 83 11 64 50 32 43 96 87 93 97 45 91 77 17 66 22 54 0 21 25 56 42 49 46 5 70 35 59 34 60 37 28 80 63 68 44 90 81 74 1 38 67 20 86 48 3 33 85 41 40 75 27 94
44 86 23 71 60 79 56 57 90 11 58 9 16 84 14 41 83 2 42 76 13 50 88 96 12 70 45 63 78 47 59 91 3 99 31 4 15 38 29 10 97 18 95 30 64 35 82 26 19 0 62 28 34 54 5 37 20 24 55 77 25 48 21 22 94 32 17 81 80 75 68 53 7 100 6 87 33 67 52 69 98 8 27 65 72 74 49 85 66 92 51 40 61 93 36 1 73 39 43 46
10 22 16 27 93 68 69 33 61 71 72 62 45 54 41 11 70 7 73 77 79 40 26 65 88 100 99 56 34 75 19 82 81 6 28 60 31 38 18 9 32 42 13 64 4 15 48 86 63 47 50 96 30 21 39 91 0 5 49 51 12 43 76 89 37 85 98 67 92 1 24 53 94 57 55 8 84 23 25 87 29 36 58 74 46 44 14 52 35 97 20 83 3 95 17 80 66 59 2 78
78 62 90 45 27 49 97 86 6 85 9 31 40 14 71 28 88 11 76 46 24 19 87 43 1 65 8 38 20 32 30 81 72 63 10 64 25 77 80 22 69 56 58 94 57 16 0 98 21 55 26 36 34 59 75 66 67 92 95 61 79 37 23 54 5 74 96 18 52 53 83 13 35 60 82 29 39 73 70 17 33 42 3 68 47 2 89 50 93 4 44 41 15 51 84 99 7 48 100 12
34 35 12 39 84 82 48 65 32 71 93 4 87 20 75 0 58 33 21 25 15 61 16 27 51 46 72 30 19 42 99 37 81 52 17 7 22 47 28 68 38 2 88 5 91 8 62 49 80 57 100 97 41 76 74 45 63 53 23 3 66 90 24 11 9 89 73 94 83 78 50 85 77 13 6 31 44 36 26 98 79 56 40 96 69 1 55 95 14 64 18 59 86 43 70 60 67 10 29 54
37 56 2 5 9 32 1 48 77 34 63 67 52 15 65 74 3 78 54 4 31 25 6 58 21 62 90 14 60 76 26 57 8 55 28 68 53 35 17 13 100 27 19 81 86 42 64 75 40 84 45 98 46 59 79 71 30 0 29 95 72 10 94 24 41 33 43 51 97 92 87 16 99 96 12 88 91 20 11 39 82 73 80 47 61 69 36 50 70 83 18 85 22 66 23 89 44 38 49 7
44 26 45 52 43 60 8 34 31 10 11 89 85 50 20 100 62 28 14 15 1 35 83 82 18 22 55 73 96 25 39 54 81 12 5 90 23 46 56 78 30 67 38 84 42 91 75 61 48 93 63 57 88 58 49 76 41 37 19 9 24 4 47 0 51 16 71 13 53 17 33 68 95 40 29 27 99 2 7 92 32 87 72 77 66 3 59 98 64 97 69 80 70 79 65 74 6 36 86 21
16 10 74 86 53 92 45 33 39 17 79 84 37 89 48 68 81 27 60 62 3 59 63 90 83 100 78 76 43 96 32 97 91 98 35 31 94 61 2 66 26 13 88 1 85 44 36 23 4 49 38 55 50 67 87 7 73 75 5 99 6 34 40 65 69 51 64 15 70 42 72 29 14 54 93 19 9 0 41 77 56 30 20 21 58 80 22 8 71 18 57 11 25 24 12 47 46 28 82 52
73 81 94 24 89 44 19 7 4 83 42 58 100 31 98 45 85 50 13 8 74 78 76 18 34 48 59 37 90 21 72 68 38 57 14 33 67 55 69 39 95 80 65 84 46 54 47 40 49 88 66 12 79 0 16 10 99 11 77 64 15 36 75 2 61 25 30 91 62 93 5 63 22 43 3 17 1 26 87 82 71 86 53 28 56 51 20 52 70 97 27 92 60 32 29 35 9 6 41 23
55 7 25 19 72 58 76 60 77 10 23 99 53 63 35 65 48 85 41 3 40 49 31 52 21 61 13 34 95 27 24 68 79 51 57 43 33 80 6 20 90 32 39 89 5 75 87 70 28 84 2 12 74 91 46 100 22 78 69 98 38 17 82 4 1 96 59 8 64 47 30 37 54 88 73 94 44 50 14 45 67 18 92 66 9 26 0 42 93 11 62 81 16 71 83 36 29 15 56 86
45 40 61 79 17 46 7 54 44 82 50 49 81 64 1 52 71 65 19 37 5 89 35 43 47 11 6 51 48 60 99 9 3 53 31 93 33 72 56 41 70 38 62 67 26 96 20 23 86 30 91 8 94 63 59 34 76 69 100 84 95 18 87 25 14 39 90 88 24 29 2 92 21 68 32 58 4 27 10 74 78 12 28 66 55 73 13 85 83 36 22 15 80 42 57 16 75 97 0 77
27 47 67 59 43 62 55 7 80 75 69 86 93 39 83 74 88 60 16 46 32 63 11 84 45 66 95 54 97 8 70 71 65 6 56 28 100 98 0 34 94 13 42 87 40 49 91 89 3 31 68 15 18 12 9 72 29 73 30 44 77 57 82 38 1 64 17 92 51 50 90 37 78 19 24 23 5 79 21 25 33 20 58 52 81 53 4 2 41 10 35 14 85 48 26 22 76 61 96 36
5 37 46 61 12 90 58 1 39 34 72 31 88 17 36 71 50 80 94 79 7 87 29 82 97 22 20 57 38 41 89 11 76 35 28 10 25 0 32 93 85 27 60 77 48 69 84 30 59 66 4 54 91 44 23 45 19 64 40 68 3 15 86 55 26 81 9 47 6 78 56 8 65 13 2 98 62 67 74 18 96 16 73 99 52 33 92 70 42 51 83 43 49 21 53 95 24 75 14 63
