18 75 54 69 71 4 93 36 65 37 55 67 86 68 63 3 16 32 1 57 87 80 38 40 14 2 19 99 20 74 30 17 92 77 6 25 41 45 94 8 13 98 95 78 83 82 62 91 26 10 46 35 7 52 100 61 24 72 23 9 59 85 79 47 48 60 89 64 76 56 81 50 21 66 11 15 73 42 12 28 96 51 27 29 97 39 22 43 88 70 84 31 53 5 44 58 90 49 34 33
71 50 57 30 45 95 68 49 14 69 59 29 7 87 40 33 16 91 23 75 19 2 41 5 15 25 27 13 28 55 90 24 100 76 70 80 92 31 98 88 4 8 85 36 65 46 26 51 42 67 21 6 89 63 12 3 58 54 84 32 47 97 38 96 74 52 17 99 34 81 60 66 20 43 0 79 48 37 64 18 93 72 82 77 83 73 44 56 62 61 53 94 35 10 39 11 22 86 9 78
91 38 10 72 9 98 93 23 78 90 75 5 64 24 39 71 31 57 49 68 51 99 28 22 13 15 70 33 43 56 83 94 46 97 20 62 69 86 17 63 92 19 4 1 42 54 100 80 12 37 34 95 11 66 6 8 35 44 96 67 61 3 47 53 58 55 73 89 85 18 30 79 27 84 0 48 88 32 87 29 82 7 81 60 21 76 45 41 36 65 50 52 77 25 40 59 14 26 74 16
15 26 2 96 88 51 42 84 95 70 55 24 38 74 100 11 39 97 20 4 49 71 16 31 63 58 60 37 23 64 30 21 50 65 73 57 10 67 56 45 8 40 0 99 46 9 81 44 14 94 7 87 75 48 61 13 69 43 86 91 18 82 6 79 66 83 72 90 78 17 80 93 41 89 33 25 92 1 76 85 54 35 12 28 29 19 5 59 98 36 34 77 52 47 53 22 68 62 32 27
12 81 98 41 1 58 78 65 76 87 83 14 100 71 63 34 52 95 47 72 70 2 38 60 26 56 8 5 64 35 54 59 27 53 37 19 77 30 32 6 79 46 11 91 31 61 75 3 49 15 45 68 89 21 25 57 10 74 7 96 20 23 17 50 94 39 24 93 92 67 42 86 48 73 85 80 13 99 40 82 43 36 88 16 84 44 0 69 33 29 66 22 55 18 97 9 51 90 28 62
93 95 32 30 66 28 72 49 33 44 100 37 73 20 31 43 36 42 82 0 89 86 4 54 79 70 69 58 80 1 29 41 38 8 10 71 75 18 24 90 19 83 76 6 62 68 40 84 65 11 67 14 91 45 9 27 15 99 59 25 85 53 23 64 74 78 97 51 2 55 13 52 12 35 7 50 39 92 63 3 60 48 26 57 16 77 21 17 87 96 81 34 47 22 94 46 56 98 88 61
95 40 87 67 21 78 94 100 77 57 49 2 25 74 0 75 70 99 47 23 8 64 28 26 30 62 82 96 22 1 72 20 42 35 43 31 91 80 76 44 38 37 11 81 48 34 56 58 36 15 61 16 84 83 63 92 52 5 69 27 9 54 24 68 10 19 12 14 51 46 18 55 29 45 39 59 7 53 3 41 60 93 65 90 79 17 33 4 86 85 50 98 32 73 97 88 66 89 71 13
61 53 21 16 60 48 83 15 5 20 57 46 31 90 42 56 4 99 19 14 33 18 55 44 97 3 82 43 62 50 40 64 80 41 12 51 37 68 35 63 71 29 81 87 38 98 91 11 74 76 78 6 34 52 96 66 9 26 13 58 73 10 1 23 69 24 25 17 67 30 94 75 39 70 45 100 27 36 93 86 79 72 47 92 88 54 84 95 49 28 22 32 89 65 0 59 85 2 8 77
36 1 45 13 86 83 43 20 9 57 25 39 59 37 87 71 81 60 75 24 56 61 19 44 88 68 79 11 85 42 94 53 91 64 23 84 18 49 96 66 41 73 22 54 10 100 26 62 90 32 72 2 52 63 98 92 35 5 50 78 74 55 12 21 80 4 58 46 15 16 0 29 6 38 89 31 67 65 40 76 47 28 99 70 14 97 30 82 48 33 69 7 34 27 51 77 17 3 93 95
49 76 51 97 39 84 4 28 43 77 67 48 18 37 98 86 61 17 31 34 63 19 66 87 10 2 0 91 41 69 20 73 82 23 3 52 22 94 62 33 58 13 40 8 50 30 96 5 90 93 6 60 85 88 83 45 42 46 47 89 57 95 14 24 21 25 15 68 7 36 32 72 64 44 70 12 11 35 99 27 59 55 16 1 29 54 92 75 65 79 56 81 74 38 100 26 78 71 53 80
63 35 47 50 85 97 17 39 88 67 28 60 77 43 1 96 5 95 89 13 57 46 36 61 38 23 44 65 52 25 66 21 19 84 18 54 74 33 69 93 81 4 0 55 49 29 48 71 2 83 59 64 78 76 100 99 90 8 51 11 6 42 3 20 53 68 58 56 98 14 12 79 92 40 26 82 94 72 7 91 27 32 80 15 86 45 16 73 24 22 37 75 9 87 62 34 41 70 31 30
89 22 53 62 41 60 67 52 47 20 81 78 37 54 56 36 83 27 17 87 91 38 0 97 46 42 74 72 88 79 75 73 70 14 71 23 12 19 5 57 76 26 99 3 69 77 31 39 13 25 98 49 80 9 6 100 84 68 94 16 50 65 7 58 2 55 93 1 10 63 28 33 82 51 29 30 44 95 21 96 86 64 85 48 45 18 4 35 61 59 32 92 90 8 40 43 66 15 34 24
30 16 48 5 4 89 46 44 29 50 98 79 82 66 68 24 55 25 31 92 83 3 21 53 38 7 78 36 80 76 88 26 77 37 63 43 65 84 67 40 62 58 87 35 19 54 15 39 6 17 81 90 10 85 74 57 95 71 34 18 94 45 59 91 1 8 42 93 64 11 61 73 27 69 49 14 52 75 20 99 97 13 22 9 47 72 2 33 32 23 100 41 56 0 96 70 28 51 86 60
63 20 43 24 41 26 73 34 86 17 91 83 3 69 92 76 100 8 51 55 97 82 88 35 18 68 53 57 21 84 0 25 54 52 12 33 30 96 59 15 19 95 58 22 48 81 50 93 79 42 39 5 74 16 60 70 72 4 77 2 80 56 65 99 11 98 44 28 94 67 14 9 36 7 85 40 71 29 1 78 23 37 6 64 90 31 61 45 89 38 87 47 32 62 46 49 27 66 75 10
27 3 5 89 72 49 30 11 83 54 18 52 1 97 99 71 13 46 69 96 40 56 50 29 60 22 86 81 59 9 87 98 76 39 48 90 93 80 53 31 37 2 20 36 100 33 43 24 28 68 95 25 10 85 62 75 17 73 79 23 65 44 0 8 94 26 61 70 57 77 91 42 66 67 16 12 41 58 82 6 63 21 15 88 47 38 64 45 35 84 34 92 51 78 74 55 7 19 32 4
91 43 46 37 20 59 45 33 53 60 85 97 12 55 52 7 98 66 13 42 4 24 8 80 35 87 90 54 21 73 94 99 0 93 51 34 29 64 95 49 83 27 56 67 78 2 16 96 44 62 71 41 82 18 100 38 25 19 84 61 72 17 28 76 3 92 50 57 47 89 32 22 48 58 86 30 88 70 5 26 69 65 14 74 36 1 31 77 79 40 11 68 6 9 63 23 81 10 39 75
67 76 77 60 50 2 1 52 55 71 80 15 0 28 4 61 9 41 63 35 90 21 78 33 64 72 100 83 74 8 5 20 73 29 32 87 53 3 88 51 24 66 97 14 11 22 56 58 25 43 65 95 89 93 10 68 6 19 85 26 48 54 99 31 46 18 94 38 49 13 30 57 17 82 34 81 59 98 42 96 7 44 40 84 37 70 91 75 45 12 39 86 47 23 92 27 62 36 69 79
33 48 21 26 57 37 97 64 93 66 13 47 79 39 74 42 68 10 29 71 14 92 11 12 23 6 55 44 75 54 80 76 98 41 35 20 46 40 4 18 5 62 77 65 51 3 60 52 86 15 53 59 78 82 85 95 28 81 16 31 25 24 38 87 8 67 27 0 43 30 22 89 94 36 32 56 72 70 34 100 50 1 9 90 61 7 84 19 73 69 83 2 49 99 58 88 63 91 96 45
88 49 66 85 81 95 20 97 15 37 55 35 11 79 32 92 4 34 77 89 44 24 8 65 19 90 52 33 73 76 87 98 42 86 99 28 59 96 83 6 67 75 78 64 39 54 45 94 100 31 38 63 62 46 43 0 57 3 80 36 68 51 82 23 7 12 61 74 27 1 70 50 72 93 58 13 69 21 5 22 14 17 41 60 9 10 16 30 48 56 2 91 47 40 25 53 84 71 29 26
90 34 47 5 24 48 85 46 82 35 3 10 79 86 50 17 70 98 95 93 76 68 54 53 26 81 100 88 89 4 0 15 67 69 91 71 1 21 56 94 42 80 52 99 51 62 22 16 59 37 8 12 97 87 92 74 83 30 9 66 78 44 38 75 64 6 31 55 72 60 27 58 29 36 65 41 25 84 77 45 40 11 14 43 57 96 28 39 13 2 73 33 18 63 32 7 49 20 61 23
79 89 3 49 24 70 16 37 30 63 12 92 43 48 83 28 5 88 44 4 84 75 45 95 26 68 52 76 61 18 67 85 87 97 77 62 9 0 74 93 46 8 71 38 15 50 17 11 96 69 64 36 31 58 32 86 90 2 13 6 27 80 35 53 65 25 59 54 14 22 21 57 91 33 41 42 60 99 94 40 19 81 56 98 23 10 100 66 7 34 78 55 39 51 72 29 1 82 47 73
15 39 14 84 11 29 79 10 50 49 88 41 71 7 72 28 100 47 55 33 20 0 92 98 42 37 69 17 70 54 87 59 60 81 3 77 86 80 85 30 97 96 74 66 31 62 68 5 27 95 36 67 52 38 90 58 6 89 25 78 8 34 23 26 46 24 61 48 76 43 82 64 40 65 53 75 4 63 2 93 57 35 16 12 44 9 94 99 19 83 13 45 73 91 51 32 18 56 22 1
49 78 27 20 68 52 60 75 39 11 24 3 89 93 8 95 58 96 33 76 77 62 32 16 84 91 64 71 31 29 55 83 37 1 0 48 94 15 85 74 28 13 10 18 79 69 46 63 66 72 53 99 92 40 51 61 43 50 90 100 80 35 14 26 6 23 45 44 2 65 88 9 36 56 42 81 86 19 59 82 67 41 25 21 38 87 73 7 5 47 34 12 30 57 4 70 17 98 97 54
29 36 82 65 20 79 97 60 45 88 55 73 92 70 17 94 8 69 38 40 46 91 31 37 57 26 6 18 13 12 24 33 59 22 54 83 44 0 10 63 47 43 72 98 75 87 28 50 71 76 68 61 16 85 52 14 51 49 81 42 84 99 100 95 90 66 27 53 2 48 67 41 34 77 93 5 39 19 78 56 9 64 1 58 32 74 30 11 35 96 86 62 21 4 89 7 25 80 3 15
40 4 61 19 86 67 51 57 5 32 17 37 74 78 65 84 53 96 60 18 22 87 23 3 27 49 81 99 6 34 63 28 38 62 72 16 68 9 39 31 21 47 90 1 73 92 48 69 70 13 43 100 7 58 29 79 76 89 11 12 10 41 97 30 64 80 26 98 83 8 45 42 2 0 93 88 33 20 44 52 35 95 66 82 56 55 14 46 36 75 25 54 94 91 77 85 59 71 15 50
23 41 94 64 95 42 35 97 51 62 36 87 73 75 59 82 10 50 14 13 100 69 48 15 63 28 24 37 22 98 34 86 38 68 92 54 79 31 1 29 11 44 60 53 56 88 6 40 67 45 20 21 43 33 32 72 19 55 30 0 8 47 90 46 83 2 18 66 4 12 85 91 74 99 78 89 58 84 93 61 76 17 26 52 57 16 7 80 49 71 81 96 27 70 9 39 77 5 3 65
52 85 71 76 32 88 70 55 51 95 2 66 91 4 20 1 90 72 34 68 100 9 61 6 17 56 74 94 13 22 59 19 69 84 49 93 30 40 16 31 83 41 28 10 60 96 21 81 77 23 25 67 58 42 24 97 3 15 36 89 47 46 80 38 45 33 98 5 39 35 14 29 75 73 63 86 54 43 37 12 62 99 53 65 18 82 87 92 8 48 64 78 0 50 44 7 57 27 79 11
65 77 6 11 33 26 32 17 34 93 69 62 46 56 76 13 12 71 50 94 66 60 99 37 83 40 68 70 19 25 21 20 97 39 84 89 53 87 95 3 63 49 100 54 30 73 96 90 43 44 31 67 82 48 98 92 4 0 64 85 24 23 41 88 80 45 1 22 75 15 86 57 10 36 59 78 35 38 72 81 47 5 14 61 79 16 58 52 51 2 28 7 29 9 8 55 18 74 91 42
40 63 56 73 100 61 96 41 24 42 97 0 87 64 69 48 1 35 84 70 27 16 80 6 46 25 49 62 26 30 45 32 90 19 85 86 71 72 82 75 11 12 39 18 37 4 83 21 8 10 29 59 55 67 58 7 54 9 68 31 50 17 81 92 3 53 78 98 95 36 99 60 34 2 91 76 65 47 52 94 13 88 44 23 33 5 66 79 15 77 74 57 51 20 89 93 14 43 22 38
35 90 68 3 85 51 23 14 73 46 52 59 12 57 28 77 27 15 83 2 80 42 82 58 86 79 36 26 41 69 62 99 19 43 81 18 88 13 11 94 0 74 9 100 39 34 67 92 84 53 66 89 63 96 65 6 61 44 95 98 25 22 4 71 60 55 49 76 45 97 78 16 17 10 64 20 37 72 70 21 47 33 32 38 87 48 50 40 30 93 54 75 5 91 1 24 8 56 31 7
66 100 73 62 86 84 80 65 9 70 97 95 3 46 8 45 92 5 28 23 27 61 72 96 33 35 18 31 74 67 12 89 37 17 79 81 20 38 56 43 77 22 85 50 34 13 11 54 87 10 90 6 36 19 14 83 71 39 47 51 68 16 25 41 69 21 40 91 2 42 99 24 52 98 49 1 82 60 88 0 29 63 76 48 32 53 7 57 75 59 55 58 15 93 94 78 44 64 26 4
68 18 34 21 65 36 20 90 94 7 91 62 63 75 15 71 51 22 4 80 45 82 61 37 67 52 47 19 85 53 74 42 98 78 29 23 33 49 1 3 60 35 17 92 27 14 8 59 56 100 95 70 69 48 72 12 25 76 86 40 46 50 32 16 89 43 0 81 83 5 99 9 13 96 39 26 77 30 2 11 41 97 54 64 84 73 24 93 28 44 58 87 38 6 66 57 88 79 10 55
0 35 58 3 77 59 4 41 1 54 82 61 22 64 78 52 9 21 2 12 51 10 33 97 6 71 34 19 45 55 43 23 72 76 85 46 93 20 28 8 25 42 37 11 40 92 69 80 94 7 53 13 26 81 95 56 70 89 88 50 75 60 73 83 38 90 68 48 74 67 57 91 63 99 16 18 15 65 86 24 84 49 31 14 66 87 62 27 39 79 29 47 96 36 44 30 5 98 100 17
87 7 0 82 24 15 34 91 27 10 20 36 47 26 35 32 19 94 92 18 48 80 69 60 73 70 53 17 54 42 23 100 64 4 41 16 84 8 5 38 96 88 50 57 22 79 59 77 46 52 55 44 83 72 68 89 58 81 37 29 71 51 97 9 86 21 43 99 63 56 65 3 76 67 45 66 12 98 2 61 31 13 78 95 39 62 6 93 1 85 28 14 11 49 30 25 90 74 40 75
56 72 24 40 93 38 0 39 63 5 10 75 52 25 96 35 22 14 68 99 46 81 73 51 2 11 1 43 89 69 9 79 57 78 12 47 65 37 71 91 50 26 98 92 45 55 48 27 97 20 66 49 85 16 53 62 74 42 31 61 77 44 86 82 100 33 80 21 54 90 64 19 83 36 8 3 41 94 29 28 60 84 70 17 59 6 7 87 95 32 76 15 13 23 18 88 58 67 4 30
26 30 95 51 12 8 37 91 27 75 64 55 25 72 70 65 62 2 16 86 6 82 93 68 54 14 39 10 41 69 52 96 43 76 100 42 67 29 77 7 81 20 83 92 24 87 85 11 31 98 0 73 1 32 58 71 66 23 99 18 33 56 5 88 21 13 78 50 48 19 79 45 4 80 57 90 59 9 36 47 38 46 53 34 63 28 3 74 44 97 17 15 89 22 49 40 94 61 84 60
44 84 37 20 71 68 16 7 23 8 54 14 6 67 31 80 46 17 86 99 93 79 81 78 72 13 82 29 51 9 49 56 48 70 10 30 4 41 77 97 47 59 2 94 61 15 24 88 34 32 87 60 83 75 35 12 64 58 27 28 57 96 42 52 33 21 55 1 50 85 69 73 89 0 40 25 91 38 18 53 95 74 65 76 39 90 92 45 22 100 3 43 63 5 66 26 98 62 11 19
97 69 70 99 79 85 23 48 60 65 61 89 78 74 44 73 13 81 82 68 64 1 16 20 52 41 63 43 54 38 67 2 25 32 98 11 86 53 34 91 95 26 4 49 75 8 100 47 35 83 15 3 33 93 50 18 46 80 40 30 42 88 56 94 24 39 22 66 84 45 51 19 27 31 9 36 21 17 92 0 90 55 87 59 7 71 29 14 6 10 5 62 96 28 72 77 58 57 12 76
61 22 75 60 90 10 1 94 62 9 74 16 37 34 77 46 91 85 54 97 79 100 33 8 86 58 24 3 23 29 36 32 35 6 52 95 55 51 14 20 59 81 92 21 89 69 65 4 41 73 57 7 5 2 56 45 88 40 80 84 27 31 50 87 53 18 12 82 96 71 26 63 67 70 99 30 15 47 42 28 25 68 17 49 93 48 19 43 72 76 11 0 39 13 83 98 64 66 44 78
96 6 26 35 2 40 0 50 30 18 73 23 91 32 19 33 90 74 47 75 60 14 4 76 66 7 34 88 24 59 31 83 56 57 20 17 9 3 72 8 71 45 51 22 100 92 16 15 79 11 62 38 89 58 49 77 27 93 67 37 25 78 80 94 53 48 54 68 97 61 85 12 41 99 10 1 87 29 69 21 43 98 84 46 63 86 52 64 70 81 82 42 5 44 28 95 36 65 55 13
31 59 67 85 17 4 20 71 94 96 10 55 32 27 41 35 15 90 30 75 11 63 66 48 65 19 21 83 1 23 95 44 13 70 36 72 73 25 18 51 50 76 42 14 74 99 38 7 98 58 16 12 64 26 24 0 81 78 46 3 29 62 86 84 77 80 79 92 2 97 37 54 100 22 88 93 5 53 91 47 61 33 56 60 9 45 39 49 28 87 52 43 57 69 68 34 6 82 8 89
85 9 71 70 1 21 3 49 84 99 43 96 27 28 40 80 74 89 16 94 39 65 83 5 33 92 67 22 35 60 6 25 46 44 90 32 72 14 87 64 50 8 73 15 42 51 59 29 81 18 55 68 78 12 86 75 57 4 82 58 17 48 30 10 63 11 66 38 88 13 26 97 93 54 7 19 91 77 45 53 23 34 36 62 20 100 69 52 47 98 37 56 24 79 61 76 31 95 2 0
33 47 64 41 5 2 49 54 94 23 28 43 81 96 68 100 84 59 77 76 26 72 38 37 15 35 21 98 22 14 88 27 48 39 46 6 61 75 91 56 53 20 44 34 90 83 66 80 3 8 86 89 65 97 13 51 92 25 7 85 45 40 24 32 62 63 52 78 17 57 60 30 4 36 58 10 18 82 73 16 70 19 95 55 0 74 29 71 67 1 11 69 9 93 31 87 50 99 12 79
85 2 74 48 25 53 83 35 99 28 68 84 7 76 50 24 49 97 60 11 33 17 39 21 47 93 6 46 29 58 31 56 90 51 71 63 30 77 88 36 37 75 13 3 14 79 44 34 57 55 54 69 91 62 40 98 22 38 4 94 23 70 89 9 100 16 8 73 80 96 86 92 81 64 12 87 82 1 72 67 59 15 45 78 52 20 0 10 5 18 26 65 32 27 61 41 19 95 66 42
78 19 46 73 0 10 9 40 88 63 86 67 70 13 24 50 91 8 87 48 76 47 65 82 71 33 30 62 60 34 93 84 4 12 5 53 51 80 75 36 31 32 17 72 83 74 28 29 25 92 58 57 54 95 21 42 22 26 79 3 100 81 68 20 18 11 55 52 2 16 66 69 64 38 14 35 61 59 77 49 97 56 45 23 7 43 27 41 1 6 96 98 15 99 37 39 89 85 90 94
73 24 60 28 61 81 68 4 75 98 83 100 59 69 94 57 78 72 32 82 51 74 36 30 70 14 77 37 38 92 87 47 26 15 79 10 43 55 6 20 19 27 29 71 33 66 1 16 12 0 99 44 93 58 23 86 9 46 25 48 64 63 39 50 8 76 3 2 42 62 41 96 67 17 40 21 54 31 85 65 13 5 53 34 95 88 89 91 90 52 84 49 11 35 56 97 18 22 80 7
3 95 68 81 1 27 8 82 49 20 21 41 56 75 61 60 12 19 47 30 97 29 63 84 36 76 15 14 64 89 51 87 78 25 70 91 72 99 52 4 5 32 100 86 6 69 93 17 71 7 79 44 24 45 73 96 38 80 65 28 67 0 90 16 53 2 22 48 34 62 39 37 83 92 66 54 88 26 40 35 58 11 55 31 18 98 59 33 94 43 77 42 10 9 23 57 50 85 74 13
30 94 40 25 51 42 70 12 23 96 7 65 57 21 93 98 52 17 87 63 48 11 4 74 62 97 91 37 41 1 53 69 18 31 60 6 75 15 36 84 5 19 34 32 89 71 8 26 82 46 44 3 86 2 92 99 73 83 80 9 13 56 33 100 95 39 49 88 85 16 78 20 38 81 72 90 61 45 0 58 79 66 64 77 35 10 68 67 59 50 28 29 55 22 24 14 27 43 76 54
34 95 27 79 20 12 59 18 53 32 3 17 92 14 60 41 15 100 96 1 31 97 94 71 13 88 23 39 33 98 75 2 84 83 62 10 22 70 29 42 36 73 63 51 74 58 76 50 16 4 87 66 57 64 25 21 26 55 86 37 81 8 93 78 11 89 49 19 43 91 24 52 99 82 38 85 67 35 65 7 0 90 44 61 9 30 69 54 80 40 77 46 28 45 5 68 47 56 6 72
63 44 71 48 43 36 17 9 15 98 62 29 64 6 68 72 89 79 91 26 58 28 54 2 25 3 78 27 61 96 60 7 4 22 34 67 69 85 76 45 18 21 51 92 100 52 11 30 23 74 70 94 56 50 81 41 80 88 33 99 77 38 93 59 5 87 95 0 57 84 8 1 53 10 82 47 46 14 86 90 75 13 66 35 55 83 31 65 39 40 42 97 12 20 73 37 19 16 24 32
16 26 86 71 48 9 77 63 31 15 20 45 55 28 58 82 22 38 11 30 12 49 94 92 17 67 74 68 80 29 79 62 43 47 23 54 34 70 85 66 84 51 72 40 83 4 13 1 2 24 73 75 3 98 88 21 69 35 10 90 56 33 57 97 44 64 18 96 7 27 81 46 0 65 6 76 53 61 52 91 59 78 100 60 42 14 93 5 36 8 32 19 41 95 99 89 39 25 37 87
50 88 5 47 95 49 79 2 4 35 30 60 7 16 71 98 66 69 55 11 48 85 44 21 59 83 18 40 89 34 41 1 24 70 57 99 14 63 20 32 64 27 29 61 58 25 15 93 12 73 23 86 10 96 76 42 87 75 81 13 94 65 33 80 84 38 91 45 53 82 37 62 68 19 28 3 39 52 74 67 8 9 0 22 100 54 92 6 77 46 97 78 43 90 36 31 26 56 72 17
21 94 3 1 35 60 23 37 14 44 59 33 69 10 82 84 48 66 90 85 71 97 57 41 11 70 54 31 78 32 46 55 99 36 22 29 77 68 88 73 2 20 64 86 4 89 100 9 5 96 25 61 98 62 43 7 83 58 76 81 75 39 19 42 74 47 34 26 53 63 17 30 24 45 16 67 56 8 6 27 51 87 65 15 93 40 50 18 95 28 13 92 0 72 79 12 38 80 91 49
46 34 24 57 83 30 62 64 47 42 97 91 94 21 55 61 29 68 18 65 58 45 48 51 19 92 40 44 100 87 50 17 59 33 70 27 7 89 78 13 63 3 6 72 69 71 84 4 10 8 66 20 86 76 12 56 41 95 85 2 80 38 11 90 16 75 67 98 23 60 54 77 96 15 39 88 22 1 73 32 37 31 35 99 14 26 36 9 74 25 52 5 49 0 79 28 43 82 93 81
33 22 32 29 21 69 97 94 44 86 76 43 59 30 52 27 17 96 40 63 20 61 24 55 39 100 89 8 75 6 47 68 93 78 2 51 99 35 12 28 19 49 80 65 90 4 10 88 38 98 62 31 13 82 77 41 84 64 34 9 50 18 23 58 83 67 3 5 91 66 60 70 25 7 26 53 36 95 92 56 73 79 15 1 81 46 85 45 72 14 16 42 11 37 48 57 74 71 0 87
49 94 31 56 78 9 16 26 75 40 44 70 54 92 17 48 88 41 24 25 1 18 14 99 85 47 30 87 93 37 68 81 45 50 58 23 28 53 69 72 57 5 90 11 39 3 59 46 71 38 65 82 86 21 34 19 13 10 52 35 60 22 32 73 97 29 0 77 62 63 67 61 36 43 7 2 84 66 76 83 89 20 27 8 74 15 98 33 51 42 6 91 96 79 64 4 95 100 80 12
48 91 74 16 79 45 95 64 59 44 60 22 36 87 63 84 4 34 62 89 68 99 26 42 41 76 18 38 67 12 0 28 88 9 24 75 54 93 25 77 52 65 69 96 47 35 43 72 7 23 14 90 73 8 46 86 10 53 61 57 37 2 5 55 98 21 94 80 49 66 19 11 51 20 82 1 97 3 33 15 31 100 27 92 58 70 29 81 85 6 30 17 50 32 39 40 13 83 71 78
15 55 86 40 31 6 54 83 9 47 20 66 69 91 12 22 4 71 51 37 25 49 36 18 72 65 10 0 95 76 35 13 53 87 2 98 48 100 7 21 19 89 1 81 17 67 46 82 74 32 33 80 39 41 96 43 11 58 63 84 30 3 77 5 90 23 27 42 85 68 75 16 59 44 92 61 79 52 8 78 29 73 93 94 38 28 60 56 50 14 88 70 34 64 97 24 45 99 26 62
57 17 6 51 82 7 30 94 88 81 50 63 100 28 65 90 46 98 93 48 3 95 23 62 24 11 12 53 99 32 21 60 89 37 38 8 45 97 86 27 80 79 84 1 16 85 39 74 67 72 52 56 68 55 42 25 66 4 47 20 44 19 78 49 15 14 36 35 18 75 13 92 10 41 9 73 59 22 43 54 2 76 33 83 31 40 70 77 87 61 71 64 91 69 96 5 34 29 0 26
1 82 77 86 37 6 16 24 61 70 96 13 44 98 27 89 12 97 18 43 22 56 93 2 32 90 100 14 21 31 3 55 69 9 36 84 52 78 45 42 4 49 65 57 8 91 80 79 87 63 5 28 39 47 81 51 50 99 88 83 29 71 35 85 67 20 62 73 66 72 11 53 30 54 33 34 38 0 19 95 26 75 40 60 48 23 64 76 7 15 17 68 94 10 25 41 92 46 58 74
68 76 3 98 14 8 19 35 12 75 1 21 11 16 70 4 86 51 10 31 42 55 56 40 91 32 20 77 13 59 41 92 45 28 54 46 26 57 17 37 85 39 27 50 88 81 48 90 84 78 72 65 23 7 0 99 87 22 69 89 9 67 47 58 49 29 53 97 82 62 64 18 25 5 34 79 95 33 93 43 73 24 61 66 96 80 83 52 15 94 63 44 2 74 38 71 36 6 30 100
14 33 68 11 51 100 17 79 54 84 96 90 39 24 70 83 58 48 77 23 91 59 3 82 10 0 41 16 9 25 47 26 57 35 52 69 32 65 89 53 19 56 86 37 7 13 28 4 43 94 49 2 44 74 1 62 98 34 75 20 5 99 46 27 95 29 50 78 15 76 45 64 55 6 92 97 73 93 21 31 8 30 40 12 80 66 87 85 63 71 67 81 42 60 18 36 22 38 88 72
65 9 39 71 98 12 44 40 1 90 47 61 6 10 29 22 72 76 16 70 56 5 59 36 28 54 7 78 84 100 17 23 95 91 55 81 41 53 38 50 99 30 20 37 45 89 14 33 32 75 87 60 21 42 93 52 8 73 4 83 46 94 49 86 64 0 63 27 51 97 13 79 24 31 88 69 82 18 66 58 26 2 11 96 3 25 67 80 35 34 15 85 92 57 77 19 68 74 43 48
91 30 3 50 21 28 18 0 88 69 22 74 54 47 93 51 76 52 8 55 1 65 36 11 62 99 64 97 73 29 24 42 79 70 90 59 26 94 13 4 92 27 80 5 81 32 48 75 19 7 71 85 10 66 31 23 12 83 44 40 16 98 53 15 20 89 33 87 77 17 45 78 25 39 2 46 84 9 38 67 37 58 49 41 86 14 6 95 82 61 96 57 43 56 35 72 100 60 34 68
50 21 88 40 11 15 91 20 18 96 83 66 47 4 99 92 33 84 22 19 34 46 77 63 53 41 1 59 14 8 7 97 52 16 79 86 9 31 56 80 23 35 55 26 100 70 39 60 72 2 76 45 42 24 61 13 67 75 90 87 3 73 68 38 65 81 0 44 29 37 95 85 93 74 51 43 5 48 58 28 82 49 30 89 10 94 57 12 69 6 27 32 98 36 25 54 78 62 71 17
94 35 20 13 90 10 47 46 96 48 60 99 66 83 76 70 28 30 72 32 1 52 57 17 73 75 95 27 63 78 16 43 5 82 0 79 23 19 71 34 74 8 58 22 69 15 29 53 100 9 77 24 12 33 86 38 88 85 51 84 21 3 25 6 91 61 44 36 80 40 7 49 45 18 2 41 81 26 31 14 89 64 55 11 50 97 67 59 62 42 93 39 56 54 37 98 68 4 87 92
90 30 15 64 16 12 56 69 67 68 78 29 44 22 47 96 2 71 31 24 84 6 7 26 93 94 77 49 72 99 81 41 3 80 53 85 20 9 14 88 34 28 8 5 36 39 59 79 63 1 95 25 51 52 48 98 27 46 62 37 33 0 17 65 92 40 61 18 54 58 89 11 21 57 13 73 75 10 35 42 19 60 4 70 50 76 83 100 43 38 82 45 23 86 87 91 55 74 32 97
19 87 98 52 76 2 86 53 0 48 38 61 49 32 96 62 31 15 11 78 68 60 65 47 84 34 1 40 22 46 35 27 39 37 71 29 13 30 72 51 7 85 41 94 56 89 58 4 97 8 14 33 73 6 9 70 93 23 42 64 57 28 77 88 50 43 20 81 79 5 99 17 45 63 16 10 66 21 95 92 24 36 26 100 90 83 12 75 55 91 82 3 44 18 74 25 69 54 59 80
40 81 2 12 61 3 24 31 0 56 59 82 60 72 25 91 52 8 62 84 77 64 57 95 48 55 88 45 41 87 54 39 38 73 85 99 23 50 5 51 47 1 28 49 13 76 97 79 66 36 19 100 98 69 70 67 75 32 63 58 42 65 27 46 20 35 80 37 89 4 14 74 94 34 15 93 7 17 33 22 92 53 71 29 16 6 90 30 26 96 78 83 44 10 9 43 86 21 11 18
61 52 42 79 17 31 23 63 97 32 41 59 24 47 87 0 38 50 19 68 25 8 60 65 14 96 74 16 94 58 7 28 98 89 3 9 83 30 43 82 51 56 80 92 11 1 84 35 34 57 48 78 91 66 64 72 18 4 36 27 86 100 29 37 95 67 81 15 26 40 33 39 71 10 45 85 12 76 6 53 49 21 75 88 73 44 22 2 5 90 55 54 77 99 62 46 93 70 20 13
17 85 66 13 19 37 28 91 100 46 65 54 14 87 35 39 75 90 41 34 7 51 79 89 59 22 11 16 44 45 33 36 60 49 88 68 72 32 0 24 96 2 8 18 1 78 50 55 57 73 15 94 62 64 25 29 69 67 74 42 26 38 82 20 97 63 56 43 71 95 52 3 31 23 84 99 6 80 27 9 48 86 58 76 77 53 12 98 92 30 61 21 40 5 81 93 47 83 10 4
74 38 96 91 31 76 34 30 62 72 83 18 64 67 90 47 48 13 41 89 78 94 1 53 46 97 25 44 68 6 2 75 37 22 15 63 65 42 7 32 11 50 33 79 88 0 52 24 80 61 16 10 73 23 82 20 60 9 39 17 93 27 12 21 43 92 28 84 59 70 58 36 98 87 85 55 69 77 100 56 49 5 40 19 8 95 86 99 4 35 54 57 81 45 3 51 14 26 66 29
27 18 7 94 19 54 29 22 14 84 0 46 48 40 60 85 8 78 58 80 47 63 3 2 36 73 21 16 35 71 74 50 57 59 20 25 88 64 86 31 56 89 83 66 33 5 95 6 24 70 41 42 34 11 65 45 81 10 69 37 17 100 75 53 62 39 1 55 96 92 13 68 99 79 30 23 44 82 52 26 98 38 51 93 90 4 97 32 43 9 76 91 12 87 15 49 28 77 67 61
40 33 91 1 59 88 93 23 2 96 53 5 8 35 85 14 17 26 79 76 0 42 10 34 95 84 20 89 90 50 60 4 31 92 87 45 72 3 7 99 67 22 38 68 48 81 61 11 94 41 36 46 77 13 37 100 6 39 21 65 16 63 83 74 80 54 70 51 57 30 64 15 47 28 43 52 27 78 9 58 98 12 86 19 69 29 97 44 75 18 25 82 55 66 56 32 62 49 71 24
55 11 50 100 60 3 17 2 70 63 97 85 46 69 37 20 89 52 4 96 23 94 53 40 30 31 66 57 64 68 92 86 99 80 79 83 73 49 35 59 58 24 78 18 16 10 1 48 39 44 62 5 87 14 98 67 27 54 8 81 72 32 51 12 21 93 36 88 84 76 90 65 61 91 47 6 9 34 43 95 45 56 13 42 38 75 22 28 41 33 15 0 77 29 82 25 71 26 7 19
79 69 8 89 73 86 44 24 62 84 66 45 58 96 33 43 37 28 3 22 18 6 70 53 77 35 71 12 19 17 14 16 87 88 48 42 4 13 47 10 15 57 21 80 32 23 100 90 27 9 36 72 39 11 78 95 63 81 74 93 54 50 65 52 55 56 92 94 46 7 0 20 91 49 31 82 38 1 40 68 60 98 25 59 34 5 97 99 83 41 67 2 29 51 85 76 30 61 26 64
28 69 25 48 84 56 36 8 96 95 60 94 65 19 17 53 93 14 49 75 45 11 97 30 74 77 68 35 54 67 21 82 47 92 27 99 46 86 81 70 98 71 83 79 44 78 64 73 37 12 51 38 58 5 22 41 33 24 26 40 88 89 7 87 1 6 52 39 55 80 16 42 34 18 66 63 13 57 0 3 59 4 62 100 72 29 91 43 50 20 90 32 31 61 2 23 15 85 10 9
69 97 79 99 94 47 78 57 60 96 82 62 37 98 38 67 44 12 26 2 74 70 17 87 45 84 41 25 55 14 46 21 8 48 80 68 72 58 6 39 19 100 29 71 1 59 51 92 73 95 50 54 24 66 88 18 33 27 42 31 91 9 64 30 75 28 3 22 7 35 23 65 16 36 11 85 76 32 81 34 63 0 43 52 93 13 10 90 56 5 86 53 40 89 4 20 15 83 61 49
97 41 55 99 1 7 68 61 30 100 2 75 5 57 35 96 62 79 26 11 18 58 15 17 37 90 76 8 43 88 40 63 29 39 91 67 82 93 10 74 47 42 22 9 12 20 44 64 53 77 48 25 72 95 52 66 92 34 69 56 32 13 49 71 54 81 14 19 38 94 3 45 24 70 87 60 59 84 21 50 73 33 89 98 86 31 46 4 36 23 80 6 83 85 16 28 0 27 65 51
86 49 47 10 50 48 41 25 39 85 99 27 45 32 30 95 6 35 92 74 16 98 24 63 22 12 83 3 56 55 62 71 34 73 96 60 42 89 53 33 65 44 2 84 40 70 26 69 68 5 77 93 94 19 57 87 15 80 11 0 46 82 38 52 8 88 37 76 61 66 21 75 91 78 18 17 14 23 59 36 13 1 29 72 31 20 43 97 51 67 54 9 7 64 58 4 28 100 90 81
13 15 70 97 26 38 62 72 96 84 63 36 9 85 65 91 83 68 100 69 67 20 1 40 11 22 54 92 16 21 98 24 99 64 71 77 52 61 90 4 27 12 75 58 79 82 55 23 14 44 10 74 48 25 31 59 29 35 60 30 42 86 19 32 95 0 46 41 51 66 93 78 5 89 28 43 81 2 49 33 50 3 17 39 88 87 34 57 47 94 53 18 56 37 6 8 7 76 45 73
54 98 11 87 5 79 53 51 2 93 6 33 29 15 21 40 84 68 16 23 22 80 32 9 48 60 31 69 66 95 59 100 82 89 45 49 88 4 39 42 91 55 30 61 35 58 94 27 70 83 12 74 65 90 46 57 0 50 7 52 14 97 92 37 47 17 99 10 41 67 8 28 38 44 34 1 26 71 72 75 78 77 36 96 62 18 56 73 43 13 85 64 86 76 20 63 25 24 3 19
38 34 71 61 60 26 67 27 80 21 69 16 43 84 70 6 0 96 94 77 87 45 15 56 9 33 29 2 90 8 53 97 25 63 11 24 31 75 50 55 1 22 42 10 14 20 44 49 92 95 72 19 86 18 81 58 40 3 93 48 13 28 7 89 52 46 39 32 100 5 17 83 23 91 66 65 73 35 54 57 4 12 51 30 74 68 47 37 36 78 64 76 62 88 59 98 79 99 41 85
98 3 91 20 62 6 78 25 59 23 53 48 51 22 36 30 15 29 81 61 55 72 27 31 79 33 9 0 95 76 66 77 60 2 17 28 58 37 54 38 82 52 18 5 63 74 92 94 44 10 56 75 42 1 11 64 35 84 87 39 93 34 99 24 7 85 96 68 14 88 32 50 8 90 65 26 46 19 21 89 16 47 43 86 80 45 73 40 67 49 97 13 69 41 4 100 70 57 71 12
81 80 30 14 59 29 21 71 13 33 86 42 26 88 38 87 78 18 27 32 31 90 62 16 73 57 37 12 36 24 1 85 20 11 51 96 66 48 49 82 4 19 69 2 94 95 60 56 50 23 52 5 91 3 97 53 92 100 58 64 61 79 89 34 41 15 75 68 17 67 93 7 46 83 77 74 76 99 54 0 70 44 22 39 47 10 45 72 25 28 35 63 8 9 98 40 43 65 55 6
53 2 96 23 15 72 69 63 18 35 74 27 56 6 82 78 43 91 38 90 77 59 34 19 39 97 94 28 29 13 8 33 30 99 62 42 45 37 70 81 12 17 44 0 95 1 84 52 47 61 22 54 16 58 49 31 5 68 55 80 64 100 93 36 4 21 86 71 20 26 50 14 88 7 60 11 32 83 98 40 73 41 89 87 3 67 92 25 48 75 79 46 10 9 66 65 24 51 57 76
13 50 64 20 19 6 44 84 88 14 7 29 25 70 65 92 35 23 90 94 18 43 67 98 11 62 95 79 91 59 81 10 42 34 39 22 69 75 16 30 36 5 31 26 74 66 37 85 97 32 38 49 0 40 48 1 61 56 63 58 17 54 77 45 8 83 55 21 28 27 47 76 80 12 9 15 82 87 100 52 72 73 51 71 93 41 53 96 3 89 60 46 24 57 2 33 4 99 78 68
67 26 39 78 68 31 89 61 48 76 93 94 81 14 2 38 70 18 7 16 100 79 98 72 20 13 88 25 97 90 96 75 33 0 5 63 46 17 62 86 71 41 44 95 92 84 73 43 6 24 57 40 9 28 80 29 69 1 10 4 11 49 45 12 8 22 82 85 58 50 52 56 42 34 91 55 23 27 35 74 3 30 51 60 32 21 83 99 77 66 15 47 54 36 53 65 59 37 19 64
53 64 21 5 97 18 51 28 35 94 95 40 26 96 49 43 13 12 82 16 34 22 48 86 47 31 55 83 80 98 79 20 78 52 74 0 19 27 65 68 81 33 8 30 76 58 6 61 92 42 66 46 93 23 41 77 70 14 37 71 10 15 100 29 50 24 45 85 44 17 84 72 39 73 2 7 9 57 63 11 99 69 4 75 90 89 91 36 54 56 25 67 62 59 32 38 3 87 1 60
99 67 4 91 19 55 10 62 7 68 39 63 13 66 98 77 42 36 75 84 65 43 14 16 1 0 93 82 49 46 83 3 50 87 70 71 24 78 56 79 31 34 48 22 15 81 72 100 30 45 74 76 96 17 54 20 18 94 85 26 38 28 61 57 80 53 37 64 21 73 44 97 12 59 90 23 40 8 69 52 11 25 95 32 51 33 27 6 58 86 41 29 5 35 88 60 2 9 47 92
2 39 43 78 6 60 77 27 72 58 80 19 45 75 86 46 21 68 83 7 93 61 1 17 4 55 42 95 47 87 91 89 88 100 73 22 52 0 98 33 20 99 8 14 97 31 57 81 51 24 64 69 26 32 25 44 30 12 28 18 70 84 59 54 3 34 48 65 11 71 94 23 36 66 76 85 15 16 74 40 62 9 38 50 92 10 37 82 96 5 63 67 13 29 53 79 41 49 35 56
5 37 89 10 56 17 85 63 50 7 90 76 32 64 25 51 68 59 8 96 80 18 57 33 98 30 97 74 94 27 84 77 66 29 48 75 11 12 46 42 31 93 9 70 19 86 83 13 40 88 82 21 2 72 53 55 0 39 38 41 73 35 28 99 65 44 1 22 36 34 43 47 69 92 81 24 20 62 23 16 87 52 100 4 49 67 60 54 61 6 78 14 26 3 58 79 45 71 15 95
87 24 91 81 14 10 39 65 63 27 5 94 9 41 40 95 96 20 51 100 47 85 60 0 83 23 52 71 18 2 16 66 79 84 3 12 75 48 17 7 61 77 53 25 8 13 36 38 78 35 62 34 42 31 54 30 64 90 69 68 1 89 37 76 86 67 55 80 93 4 11 73 28 70 19 33 29 59 74 15 26 82 22 45 97 88 44 99 32 49 56 46 57 72 6 98 43 21 58 50
27 88 69 44 52 7 34 86 31 48 28 26 99 67 95 66 5 9 20 70 75 62 51 83 41 46 91 71 30 11 19 38 2 39 82 64 49 3 16 85 43 90 17 54 25 60 6 42 58 35 21 84 0 8 63 96 14 10 55 12 77 45 94 40 18 74 68 24 92 98 4 36 100 32 1 37 22 15 97 61 89 76 57 73 47 56 72 13 65 78 53 81 50 59 23 29 33 80 79 87
79 8 14 21 13 53 91 18 7 3 96 10 100 54 43 31 51 90 92 42 25 39 56 44 60 35 59 97 0 2 58 32 22 12 70 40 93 68 89 34 76 20 57 16 74 72 9 36 83 15 46 66 45 52 48 67 85 73 37 4 27 64 65 6 77 61 82 62 84 49 78 81 24 87 75 23 86 63 98 1 5 26 11 50 88 47 55 29 28 30 80 71 33 38 99 95 69 17 41 19
99 89 27 7 52 83 84 36 68 55 15 45 44 61 78 98 77 100 25 26 5 67 6 76 57 39 63 92 13 31 0 17 37 42 73 62 12 71 11 49 38 80 69 54 2 46 8 3 75 93 40 21 65 74 9 94 88 22 34 86 19 50 10 66 29 1 20 30 32 59 70 16 96 51 64 48 82 28 14 53 97 90 81 23 24 4 87 60 85 43 91 72 33 47 41 58 79 56 35 18
22 19 40 17 0 72 10 14 75 73 77 57 78 47 83 64 53 42 9 30 1 32 50 33 46 92 66 54 76 38 2 21 34 15 23 24 29 65 31 62 28 90 41 49 3 59 56 86 91 52 79 94 27 43 13 5 39 71 98 8 37 35 87 51 12 95 16 20 81 85 100 55 88 58 97 60 80 89 67 11 70 45 48 68 61 36 99 18 7 63 4 25 93 84 44 26 6 69 82 74
29 55 25 16 89 28 37 14 91 59 100 90 70 40 27 3 35 21 72 56 45 61 84 88 80 60 54 33 98 78 82 71 53 31 51 58 17 46 11 68 41 18 77 5 15 38 65 36 24 49 8 44 57 63 0 76 22 48 52 34 19 30 39 12 43 26 7 6 87 64 85 99 83 94 67 2 69 4 66 13 75 9 32 86 47 92 10 74 79 62 1 42 93 73 96 81 23 95 50 20
43 32 46 51 48 97 47 77 10 19 44 16 86 68 88 79 24 15 94 83 92 2 14 96 36 30 72 1 80 45 75 95 21 11 5 41 61 58 73 18 70 27 55 20 60 63 26 4 62 40 49 69 29 38 25 7 13 90 81 100 66 84 31 53 35 23 39 57 91 85 37 12 8 74 28 93 71 64 52 3 34 76 42 54 6 22 17 67 82 33 89 9 99 87 78 65 59 0 50 56
51 57 81 12 37 42 8 62 25 27 91 65 48 70 83 31 96 28 39 44 45 54 84 90 4 98 3 6 47 38 56 61 1 86 29 50 74 10 26 52 77 34 55 71 59 7 13 19 76 24 73 63 79 21 35 16 53 95 30 85 80 67 49 33 22 5 75 41 46 87 58 9 17 66 97 100 20 68 18 2 88 23 64 40 69 14 78 93 60 0 15 43 32 94 92 11 72 36 82 89
34 46 82 28 8 56 25 5 40 57 90 43 67 19 72 74 78 44 59 86 10 61 97 42 32 50 1 49 7 21 20 94 2 6 84 55 79 68 48 77 98 47 52 4 31 35 99 27 51 17 14 22 70 85 9 89 45 69 83 36 95 24 92 66 11 41 64 62 75 29 16 76 54 26 88 39 71 87 60 58 18 80 15 63 12 73 93 23 38 65 13 81 33 3 30 91 53 96 37 0
