100 73 97 55 42 90 1 50 69 6 51 68 53 95 62 67 22 19 18 32 47 24 33 29 70 96 5 80 36 30 25 83 8 12 71 64 79 9 61 92 2 66 89 60 98 27 23 44 46 10 93 85 14 34 74 58 84 78 40 35 15 75 99 17 52 31 77 13 65 21 41 56 7 26 11 49 38 48 20 81 76 37 54 86 39 72 63 3 91 4 82 43 16 88 28 57 59 45 94 87
12 85 2 97 72 68 73 14 71 93 20 82 92 18 87 94 88 44 41 30 4 10 57 80 23 21 17 65 66 16 9 53 100 22 33 76 95 99 70 38 42 13 45 51 89 63 39 77 3 90 27 26 8 11 96 15 64 19 0 47 6 91 35 25 75 83 54 49 28 67 24 59 40 69 81 31 7 52 84 62 36 58 48 60 34 46 50 74 98 86 43 78 5 61 79 55 29 37 56 32
15 17 1 37 90 14 60 66 49 47 81 36 72 58 74 83 10 65 70 19 53 46 84 94 34 35 22 20 28 86 40 24 76 4 64 30 9 8 11 100 80 59 3 39 0 25 77 78 97 29 54 61 55 21 42 32 75 16 23 89 82 18 44 73 38 93 13 56 52 88 45 71 7 62 27 87 67 92 57 6 41 31 99 85 33 98 79 91 96 95 12 48 5 63 50 51 43 68 69 26
42 71 94 13 24 93 35 1 74 44 34 41 45 33 53 90 30 84 95 51 40 22 4 47 21 99 37 86 12 83 57 0 5 72 67 64 43 61 10 17 15 46 20 75 52 28 98 60 78 8 100 63 69 48 85 29 58 96 88 66 81 27 38 79 87 19 89 25 80 6 77 31 55 62 56 23 73 18 11 92 2 68 49 26 36 97 39 65 50 32 59 76 82 16 91 9 7 14 70 54
5 53 46 77 96 26 34 33 3 24 80 0 40 67 29 10 85 37 100 69 2 15 91 18 76 22 64 28 78 13 94 74 81 93 83 17 48 38 49 1 52 57 39 62 82 31 27 54 75 51 92 65 21 68 6 42 9 50 55 44 58 11 79 97 89 98 41 84 66 14 90 20 35 32 23 61 95 25 87 73 71 30 70 16 47 45 8 72 86 19 36 60 43 99 59 7 63 56 12 88
71 29 62 91 9 1 26 21 81 55 11 48 77 88 3 98 20 99 58 41 30 84 25 0 49 16 33 27 59 23 87 53 4 78 40 76 18 28 47 72 64 32 39 8 66 61 12 52 95 51 100 80 54 6 69 46 63 93 43 70 19 2 34 85 89 50 57 15 22 94 10 75 44 24 17 74 31 14 56 38 82 73 42 67 13 96 68 90 37 7 97 45 92 83 65 86 35 60 36 79
71 51 44 15 17 57 34 45 26 90 64 14 32 49 70 80 92 59 95 37 35 61 9 41 76 21 48 4 87 43 91 74 2 36 11 66 55 79 69 19 7 20 5 28 58 62 67 83 68 88 53 63 85 42 16 98 46 31 52 10 1 96 50 93 77 12 65 73 13 38 22 78 82 29 56 97 0 94 33 60 84 39 47 40 24 54 23 99 86 89 18 30 81 100 3 27 25 8 72 75
68 62 34 31 90 19 92 69 27 25 33 40 76 94 83 97 59 10 80 64 24 2 52 12 54 89 5 13 30 0 21 16 15 95 79 44 84 82 26 65 11 47 88 53 86 18 71 57 14 99 63 3 36 58 51 49 6 9 67 78 28 37 81 85 22 74 93 42 45 20 50 96 29 17 1 38 43 56 39 66 35 23 4 8 91 70 46 98 48 41 75 87 55 72 32 100 73 60 77 61
90 22 3 29 4 94 0 86 61 57 68 32 24 30 95 17 100 19 39 11 37 21 53 83 20 7 88 47 44 9 66 60 6 46 99 23 56 91 41 87 98 76 34 70 25 36 33 55 64 38 81 74 50 14 18 69 72 71 63 65 35 93 97 89 96 43 73 45 79 10 77 15 67 78 58 82 42 2 27 26 51 49 62 84 59 1 54 52 13 92 31 28 80 12 5 75 48 85 40 16
73 25 39 89 8 40 20 81 46 76 82 4 78 97 77 36 74 61 88 58 50 95 21 0 10 85 11 37 42 98 24 60 90 52 55 65 38 31 49 94 7 53 67 64 68 83 92 44 19 84 32 99 29 35 70 93 66 3 87 27 48 72 14 51 28 33 100 1 16 17 80 62 56 71 43 23 54 96 18 5 91 57 63 34 69 47 41 45 26 6 86 75 59 15 13 22 79 30 12 2
49 8 85 9 69 60 27 64 97 24 100 46 20 80 75 52 72 81 77 71 74 53 82 28 7 99 48 68 87 88 15 93 36 41 2 3 12 55 83 58 43 14 59 79 11 90 47 17 78 96 44 50 45 32 57 6 67 25 98 94 31 5 92 22 30 70 56 89 66 84 33 21 86 39 18 61 40 13 95 4 23 76 0 91 65 19 51 35 16 54 73 62 1 26 29 63 37 42 34 38
45 86 91 19 93 6 43 16 42 97 80 49 51 88 81 68 27 74 92 71 29 65 52 89 17 33 21 35 26 10 7 66 64 0 8 50 20 96 77 90 100 44 63 60 24 48 99 69 28 18 9 22 3 30 87 82 62 84 55 79 54 36 85 41 39 23 58 37 4 2 53 67 5 61 73 25 31 40 94 1 70 12 56 47 13 38 98 76 34 32 46 75 15 59 95 78 57 14 83 72
92 67 75 80 19 1 20 40 55 8 82 45 86 10 73 38 24 94 3 51 64 23 70 5 95 54 66 2 43 4 90 63 50 37 13 56 46 44 29 35 17 84 27 25 7 22 59 32 85 88 78 98 62 97 42 79 16 33 77 39 60 14 34 61 89 65 99 100 49 41 71 76 69 53 91 57 52 0 93 96 18 28 74 26 81 87 6 83 31 30 72 11 68 21 48 36 58 9 15 47
90 67 29 32 80 27 47 60 58 22 94 19 92 51 5 91 55 10 83 71 38 72 50 85 53 35 17 86 54 12 99 6 21 84 48 24 39 41 3 89 14 96 56 16 49 28 18 43 64 57 63 31 82 77 98 68 87 70 7 1 65 97 69 15 26 4 75 46 88 95 62 2 34 59 8 45 93 9 33 100 30 79 42 37 78 40 73 52 20 76 44 81 0 23 11 36 66 74 61 25
62 70 63 80 41 83 32 54 15 38 9 72 69 77 21 6 73 29 31 22 7 58 5 94 100 66 93 97 16 90 61 67 27 53 60 92 34 19 96 35 79 47 40 20 88 28 33 76 82 71 56 87 8 17 12 43 49 81 98 11 30 25 13 44 86 57 64 4 37 78 84 99 95 75 45 1 51 50 0 89 24 91 39 68 74 48 46 10 52 59 85 18 2 42 65 3 23 26 55 36
66 16 18 45 54 99 59 62 48 77 80 63 71 9 7 34 19 87 11 25 93 17 42 41 74 14 68 23 67 91 10 70 79 78 37 46 83 58 49 50 43 44 33 89 55 22 90 47 27 3 1 12 21 72 8 30 100 92 81 56 76 73 97 32 2 96 60 69 94 53 84 13 65 24 61 82 38 51 0 52 29 36 26 28 20 31 88 98 75 86 95 35 6 64 39 4 85 57 5 40
23 17 37 95 77 87 66 80 54 79 98 73 55 15 94 58 41 93 0 4 68 35 38 53 13 14 36 25 40 3 89 26 56 47 63 18 43 91 97 85 33 50 7 70 19 88 75 34 96 86 82 99 60 83 5 76 65 57 12 49 64 20 78 10 71 31 9 1 100 51 59 42 44 72 22 84 11 24 29 2 67 92 81 28 46 69 39 8 62 48 21 32 74 30 45 90 61 52 27 6
55 50 39 68 99 93 91 8 5 90 1 71 72 85 44 76 29 60 97 89 45 64 16 65 61 80 88 0 74 26 38 70 53 58 19 98 82 75 36 78 40 6 67 4 37 10 48 20 18 11 27 94 13 81 49 43 66 31 77 92 34 22 84 12 2 52 79 42 41 57 54 87 73 28 95 96 25 23 59 24 46 86 62 63 14 83 9 69 100 47 56 21 35 7 30 3 15 33 32 51
9 17 51 93 21 61 98 85 20 80 45 84 34 99 59 10 72 91 22 78 67 79 8 5 1 4 44 81 89 62 94 60 7 43 39 36 42 38 41 6 86 88 65 40 32 24 23 77 3 58 30 33 55 63 47 82 71 16 52 68 75 46 14 56 66 31 96 73 25 95 27 90 76 92 37 48 35 100 0 53 19 97 83 50 28 13 74 57 69 54 64 12 26 15 87 11 70 2 49 29
21 89 65 58 47 100 94 51 50 72 39 59 10 13 2 20 27 28 71 9 61 82 97 18 38 0 77 22 43 5 78 95 73 36 63 91 57 6 37 44 15 62 56 98 31 48 88 29 76 4 90 16 11 79 96 24 41 1 52 60 30 87 23 93 49 42 84 54 34 92 64 45 25 46 81 86 68 3 67 26 33 53 85 12 17 14 32 70 8 40 75 83 66 80 55 7 69 35 74 99
99 67 51 58 43 73 46 27 92 50 22 11 31 81 37 86 1 45 76 84 54 57 89 56 83 49 5 24 80 55 33 70 62 16 100 78 15 94 87 85 23 79 71 8 66 41 34 30 68 18 88 17 13 52 59 97 65 63 61 75 14 40 72 7 19 26 28 74 42 39 90 98 77 3 35 48 32 44 69 12 53 60 64 82 25 0 6 93 10 47 2 4 29 21 95 38 9 96 36 91
55 52 28 100 3 42 40 27 61 98 91 14 83 25 26 0 85 69 7 75 39 65 33 43 35 32 36 16 86 66 88 20 74 72 10 97 5 64 73 2 60 56 94 48 68 12 47 17 53 45 15 78 54 23 99 92 44 62 34 95 46 38 67 51 58 8 37 13 87 24 93 81 18 19 31 1 30 59 41 63 29 11 79 9 80 84 77 71 49 4 70 89 76 6 90 96 57 50 22 82
30 32 90 42 92 79 64 60 33 24 13 59 89 18 15 17 98 12 72 76 38 7 25 20 21 8 63 54 67 96 80 58 66 85 71 27 69 46 94 37 74 56 62 41 47 35 86 31 57 50 82 53 77 95 1 83 28 87 36 2 78 44 5 61 3 0 9 91 100 11 70 93 26 48 34 14 55 81 45 52 68 84 49 23 10 29 51 39 40 4 16 65 43 75 19 6 99 73 88 97
24 12 48 59 51 91 10 28 55 37 33 18 90 84 3 43 19 1 97 49 99 52 71 80 81 77 85 27 92 65 7 58 69 20 67 0 5 29 8 50 4 61 6 17 100 41 36 83 14 31 45 9 66 70 98 87 93 76 47 95 32 74 54 56 94 34 63 46 26 13 53 89 22 30 21 72 39 38 88 15 2 40 64 16 42 75 82 44 68 62 73 35 60 11 78 86 79 57 25 96
29 26 66 97 79 88 34 60 91 21 83 65 18 69 84 16 8 53 10 23 57 43 73 72 94 28 99 61 48 33 31 27 64 41 70 75 95 49 1 62 87 63 30 14 93 98 20 86 46 76 89 51 52 92 68 2 22 54 55 12 67 56 71 50 39 78 40 37 47 77 0 42 35 44 13 38 25 11 32 15 80 58 96 90 17 82 81 36 100 19 7 3 6 85 45 4 59 5 9 74
60 14 51 18 9 95 32 4 78 27 45 89 16 58 8 44 52 72 81 79 83 80 36 59 24 26 43 68 7 0 17 38 70 93 86 65 12 3 5 88 63 94 13 61 37 84 21 75 29 62 77 10 34 71 20 35 6 2 39 73 28 69 91 90 96 56 67 66 99 100 41 53 55 74 23 92 48 30 40 19 54 42 49 22 98 82 85 97 11 15 46 31 57 87 1 64 33 76 50 47
5 23 48 60 90 29 37 39 50 24 84 31 67 33 80 68 30 93 79 6 11 35 81 61 57 95 1 91 41 99 7 69 32 53 14 21 77 64 43 76 94 22 65 4 55 47 71 63 66 62 8 92 27 34 18 28 2 98 3 96 58 44 75 87 0 17 72 86 42 54 40 9 45 10 15 59 46 56 36 85 78 13 100 88 51 49 12 52 97 73 19 38 70 89 83 20 25 82 74 16
37 83 3 92 34 25 50 32 12 38 39 17 11 48 40 54 63 68 65 86 85 2 80 20 42 13 94 28 95 0 55 10 99 31 35 67 14 81 15 49 91 53 96 30 69 100 70 6 84 9 22 47 59 66 89 1 71 57 74 45 79 8 23 44 73 19 21 98 60 88 33 58 41 87 76 5 90 24 97 52 77 62 51 93 56 7 16 75 61 64 46 29 78 4 36 72 43 18 26 82
3 61 43 16 97 58 46 60 17 52 92 53 13 87 14 40 82 11 65 72 70 89 51 76 44 33 9 6 85 62 50 75 23 18 68 95 36 39 84 81 8 32 26 54 78 12 73 63 93 86 31 22 79 77 94 83 100 74 25 42 41 71 66 34 88 56 49 24 2 64 10 35 59 99 47 48 30 7 4 55 80 96 20 29 91 5 27 21 69 67 90 1 19 98 45 15 38 0 37 57
88 79 1 0 60 41 35 89 86 75 19 68 58 31 2 22 90 85 37 59 39 64 43 8 16 30 61 13 20 48 24 3 56 100 36 18 27 26 10 57 67 12 66 33 97 51 5 96 93 38 47 49 82 42 94 63 4 7 25 53 23 72 78 77 80 46 28 50 62 69 34 81 44 95 74 6 71 17 14 76 65 92 73 52 84 55 91 83 70 54 99 45 15 40 21 11 9 87 98 32
59 78 74 19 69 100 76 87 8 42 27 13 36 95 57 15 35 77 94 28 67 99 79 58 47 51 49 46 55 7 93 29 92 31 65 89 0 34 70 37 14 32 80 91 84 54 2 71 90 33 60 17 96 10 83 86 97 11 52 56 3 4 21 66 48 24 43 5 72 39 64 82 9 38 22 44 6 73 50 23 62 61 12 25 85 26 75 68 88 41 20 40 53 45 98 81 16 18 1 63
86 55 16 47 69 94 2 1 58 29 53 44 91 28 23 36 24 88 3 30 5 65 45 21 49 43 46 52 32 98 93 9 51 83 60 19 50 37 12 99 89 25 15 61 13 48 39 0 34 10 75 70 57 41 81 96 92 4 62 18 80 64 82 27 26 38 78 72 40 22 73 6 77 100 42 84 59 35 67 66 90 95 20 71 74 87 14 8 54 17 85 63 97 79 7 56 11 76 33 68
3 45 37 24 63 68 28 47 15 10 89 8 84 62 73 50 16 35 1 58 75 38 33 26 6 81 69 43 2 99 14 44 93 5 51 83 55 11 67 80 34 4 0 30 49 52 57 96 23 77 13 9 60 25 27 61 48 74 7 64 46 17 72 71 36 95 20 39 94 18 76 53 91 78 82 40 65 88 56 66 42 19 12 31 90 41 97 87 79 86 85 21 100 29 54 22 98 92 59 70
60 80 89 72 41 1 93 16 79 61 20 18 49 15 85 57 48 14 55 38 54 65 70 19 73 86 76 51 39 63 98 94 95 81 34 82 17 13 42 99 26 23 37 88 47 3 75 77 78 29 59 46 2 5 96 45 12 92 71 58 10 7 8 97 69 67 36 56 28 21 53 83 35 40 90 84 6 68 50 11 32 44 30 64 66 4 100 25 43 91 62 27 0 74 52 22 24 9 31 87
61 77 37 15 64 79 44 76 36 92 88 67 94 28 29 42 89 47 100 51 39 2 0 30 80 35 81 49 50 90 18 69 41 75 16 45 72 74 1 85 57 95 71 32 54 96 53 43 46 62 56 25 19 93 87 21 7 65 27 99 52 84 82 63 98 13 12 14 40 4 17 10 59 38 22 91 8 33 24 3 78 11 97 31 20 48 73 58 68 55 9 26 70 83 86 6 5 60 66 23
59 91 53 39 86 5 24 98 87 96 83 73 36 40 22 60 32 100 74 27 47 4 21 65 68 26 78 50 77 2 19 63 17 9 46 81 79 12 38 48 54 52 18 43 80 7 90 37 75 3 14 71 30 49 6 82 10 97 57 84 89 33 64 45 13 29 0 93 76 58 41 23 94 62 44 70 16 15 55 72 85 56 8 31 42 34 95 11 51 92 66 67 69 99 25 1 61 88 20 28
45 92 9 10 87 41 62 3 35 42 59 43 39 67 52 73 19 37 54 6 30 44 91 72 20 74 79 4 17 29 84 50 71 1 58 21 51 24 25 63 61 81 5 55 77 83 65 18 48 53 46 96 34 31 11 68 97 27 70 99 56 22 76 13 40 85 93 89 64 47 80 49 28 26 32 7 95 15 86 66 14 0 90 12 33 88 57 94 16 8 23 38 2 69 60 75 82 100 78 98
82 32 31 3 18 79 70 39 65 62 20 85 58 4 41 61 78 84 80 69 0 83 45 50 6 16 13 34 66 24 81 74 23 5 75 29 93 36 11 21 25 15 89 60 53 88 87 7 30 91 64 48 67 43 99 47 19 40 52 14 12 49 100 35 26 71 17 28 77 98 76 97 63 54 9 10 95 57 92 46 33 59 94 73 1 96 68 22 42 44 2 86 8 38 51 90 72 56 55 27
72 76 77 8 24 45 61 12 39 56 47 99 58 33 90 7 52 10 49 64 18 2 15 50 83 40 96 36 19 5 71 13 48 82 17 20 93 80 85 74 35 4 73 63 65 42 6 29 81 32 70 11 69 92 3 97 41 59 51 26 84 31 44 75 54 95 27 67 57 30 16 55 94 28 9 60 22 1 89 43 98 91 86 66 78 53 46 88 34 87 79 0 14 25 68 37 23 62 100 21
46 38 5 15 11 3 61 31 59 1 65 99 49 80 84 72 16 19 50 89 36 87 44 52 24 17 14 51 33 41 94 40 95 81 0 37 55 75 7 92 63 93 83 45 70 73 12 25 35 48 88 76 53 18 26 34 82 100 4 43 13 57 77 74 10 86 67 54 29 21 66 2 58 28 91 64 68 97 22 90 20 69 85 23 78 30 47 71 98 96 79 27 8 56 6 42 32 62 9 60
33 46 5 38 30 67 82 12 93 65 63 92 44 50 98 66 4 56 81 57 69 34 72 70 37 2 49 52 28 75 68 64 26 45 3 39 73 21 90 10 29 89 42 35 11 100 79 36 43 99 83 74 18 32 27 23 14 1 97 15 96 88 80 76 61 77 58 9 95 84 13 22 86 71 20 59 53 78 91 0 48 25 47 24 19 41 17 87 51 55 94 60 31 16 6 7 85 54 62 8
45 11 29 53 16 69 50 65 96 20 26 67 74 80 62 87 77 91 94 83 10 36 99 19 25 43 70 12 51 93 9 33 34 85 2 32 72 82 100 89 44 13 68 56 71 66 98 88 30 55 37 61 46 92 21 58 79 28 42 63 60 78 47 73 5 57 48 97 54 49 27 0 17 86 15 75 59 18 3 35 8 40 4 76 39 1 14 95 81 31 38 84 7 90 6 52 23 22 24 64
49 2 97 65 37 20 8 85 47 1 66 75 87 84 4 73 16 55 23 61 24 7 82 58 90 54 3 62 25 48 36 33 95 81 44 46 89 94 91 79 70 40 32 76 39 6 27 45 57 22 35 72 68 0 78 34 14 10 18 63 53 29 30 28 93 41 71 86 67 83 69 43 31 96 13 38 19 80 98 59 11 74 15 50 52 9 64 21 17 60 88 100 5 56 51 26 77 12 99 92
77 20 15 9 29 94 55 90 46 98 14 93 1 78 70 34 72 48 38 3 74 86 96 26 8 6 5 21 81 65 7 0 31 62 59 80 68 32 41 49 64 88 42 17 75 89 91 22 36 24 13 73 79 57 53 56 28 40 66 23 27 100 50 35 76 84 16 12 19 95 71 2 58 45 63 47 11 92 97 83 69 85 39 51 54 25 60 37 67 87 30 4 44 99 10 52 18 82 61 33
47 59 22 48 78 61 14 97 49 15 17 43 35 3 90 73 55 70 86 60 62 7 32 68 94 76 80 9 28 83 64 42 5 85 16 25 63 84 36 52 46 92 57 71 29 21 75 20 51 91 72 23 96 0 31 40 38 93 4 58 24 54 26 89 34 74 56 27 18 88 6 45 66 53 82 99 12 33 100 13 2 11 39 37 79 77 81 50 69 1 30 19 10 67 95 41 98 65 8 87
61 21 1 28 97 5 13 82 8 42 54 71 24 53 88 65 23 25 15 18 74 11 32 76 46 59 83 90 35 58 40 56 94 68 3 79 63 7 57 91 51 16 66 69 20 12 22 64 36 87 73 0 92 67 99 50 10 84 6 31 96 86 2 9 19 27 55 29 75 41 72 95 81 80 34 70 60 37 33 38 48 43 4 14 85 98 47 77 44 93 52 26 49 78 30 39 17 100 62 89
0 57 93 41 19 5 31 89 28 10 68 76 32 58 42 84 87 44 83 45 95 43 11 69 49 94 24 80 70 2 14 16 34 86 7 26 3 4 100 98 66 59 38 15 92 18 36 90 29 97 61 12 91 53 55 65 47 79 40 73 1 20 88 17 25 51 74 67 54 96 62 64 9 60 99 13 78 52 50 63 30 37 82 27 85 75 77 81 56 39 22 48 71 6 33 35 72 21 8 23
23 25 34 41 88 38 81 97 53 42 33 57 30 80 12 19 75 100 73 61 62 46 58 17 3 84 51 0 1 72 29 56 24 44 49 99 5 13 6 92 54 50 18 78 27 94 90 68 35 21 83 28 9 69 14 48 66 86 70 59 89 96 93 64 71 36 55 85 16 43 95 32 52 4 67 7 11 91 98 60 22 2 45 65 63 77 79 40 26 8 10 76 31 15 20 82 39 37 87 74
23 11 79 80 15 98 58 93 52 68 76 64 39 100 90 31 1 92 55 50 53 17 32 29 73 59 4 10 35 18 47 63 85 28 34 24 5 51 9 37 78 26 77 46 71 81 60 27 91 49 43 6 65 94 30 36 67 7 86 69 16 54 99 20 19 72 21 14 83 75 82 0 22 95 3 40 42 84 87 12 61 88 2 45 66 74 97 70 62 57 33 56 41 8 38 96 25 89 13 44
94 12 67 39 68 97 33 53 73 28 14 9 40 85 30 18 88 75 62 96 54 35 50 46 11 93 99 15 86 90 41 20 2 6 4 82 45 78 44 61 89 92 57 80 13 42 81 21 64 8 16 38 69 29 25 65 59 23 84 74 31 26 71 100 17 47 37 36 27 32 87 72 51 22 34 83 55 63 48 43 3 66 10 60 24 52 91 98 0 58 77 70 1 79 5 56 95 7 76 19
36 45 75 77 74 76 73 4 42 55 48 61 11 80 69 83 5 31 66 63 16 39 10 40 100 34 22 56 67 59 37 71 57 98 85 95 9 90 24 33 78 94 89 49 91 51 93 44 88 46 27 32 82 97 47 15 53 13 38 84 1 72 54 2 17 0 19 43 99 79 35 14 62 41 8 65 58 20 29 87 18 70 6 60 68 21 12 64 81 30 23 96 26 92 52 7 3 28 86 25
88 5 96 85 48 13 65 24 92 38 69 0 83 29 52 9 100 94 64 60 68 56 82 97 71 74 32 31 40 72 58 2 84 30 3 36 80 70 73 95 53 41 4 81 76 89 67 99 19 44 28 43 8 45 20 7 87 27 90 14 75 1 42 86 11 79 49 57 10 47 26 91 17 62 39 33 22 15 46 23 50 54 37 35 93 78 25 59 21 18 6 98 12 55 61 66 77 34 16 63
62 73 46 26 22 45 61 36 64 21 31 81 87 19 33 37 79 35 43 34 96 25 7 82 71 12 6 68 3 54 1 75 0 28 42 93 15 74 67 8 9 51 23 11 14 100 13 39 85 66 20 99 27 48 40 29 4 98 89 80 60 47 77 84 5 38 16 56 88 95 44 97 18 57 90 50 59 55 58 92 78 72 91 30 94 2 76 10 53 86 70 24 41 49 17 69 63 83 65 32
65 13 45 70 11 31 89 15 52 6 99 74 92 81 48 84 25 63 22 20 83 94 49 7 18 14 16 5 23 78 96 28 47 86 2 79 32 68 75 73 27 58 72 67 19 61 41 10 12 24 36 56 35 50 60 37 97 51 64 26 46 55 21 43 95 62 76 93 39 3 90 100 38 30 66 54 4 9 59 85 91 80 87 34 69 88 98 42 44 33 29 71 82 17 40 1 0 57 77 8
69 30 84 27 14 75 47 22 21 52 55 4 20 73 94 81 0 31 64 8 2 19 1 9 43 92 33 76 66 3 97 23 67 60 45 87 28 78 26 89 15 7 70 74 38 12 72 40 63 99 80 71 37 34 61 57 6 35 65 41 50 53 82 90 5 17 83 36 86 25 95 44 11 39 68 51 48 18 58 93 77 10 62 91 46 79 96 24 98 56 13 59 16 42 85 49 29 100 88 32
10 82 18 81 88 68 79 29 56 64 6 24 19 89 34 48 45 83 54 76 42 75 65 53 14 9 28 31 2 60 72 36 32 96 3 84 62 11 20 4 43 39 58 73 67 35 98 78 15 46 99 80 50 71 44 61 17 69 7 1 49 95 92 37 26 86 16 21 70 77 12 51 5 85 40 23 90 66 22 59 0 30 91 33 52 87 94 74 41 25 63 27 93 57 97 100 38 13 47 8
1 20 78 81 55 61 67 90 30 72 69 83 7 21 44 32 35 65 31 99 15 11 68 39 71 28 66 3 36 9 51 27 64 50 22 70 86 75 60 29 91 4 23 17 0 54 98 26 84 19 53 38 59 93 58 16 45 12 49 95 10 37 62 41 43 52 42 77 14 74 79 18 85 82 13 34 5 97 46 33 2 100 40 24 92 8 48 63 87 80 6 94 57 73 88 76 89 96 47 25
6 55 15 9 94 74 91 24 28 88 64 93 2 16 56 96 20 37 25 80 42 5 63 90 0 36 86 23 76 41 21 61 47 44 68 35 27 4 29 7 62 67 10 18 84 31 11 69 38 53 48 65 30 32 60 99 3 79 40 100 82 87 33 85 26 71 66 17 95 8 39 22 75 50 58 73 59 89 70 98 43 13 1 51 92 77 83 46 34 52 14 72 49 19 54 12 97 78 45 81
15 14 8 67 79 42 33 51 64 39 49 59 89 71 19 6 92 95 17 4 80 60 10 12 18 62 1 20 77 68 5 28 81 98 13 43 30 66 50 82 35 22 63 47 24 72 90 54 99 41 16 29 57 38 86 78 91 100 56 87 3 46 48 97 83 65 85 44 73 74 11 96 31 75 70 45 23 40 0 53 2 34 52 9 37 55 32 88 61 76 26 69 84 36 94 93 25 27 7 21
97 14 45 68 83 79 6 71 28 35 90 32 20 51 72 43 64 30 85 23 69 27 40 63 37 62 70 91 88 77 22 98 11 13 42 39 36 60 100 19 9 5 94 8 56 12 7 95 26 55 4 21 34 50 80 0 31 99 75 61 33 76 58 49 16 3 44 73 57 96 47 65 29 38 15 25 2 10 74 24 41 66 54 67 18 53 52 84 17 82 87 86 78 1 92 81 48 46 93 89
80 65 76 48 33 96 28 72 71 66 23 22 25 21 20 29 38 1 63 81 70 19 97 61 95 77 4 49 27 79 36 88 42 53 100 34 18 14 68 67 9 11 45 0 12 32 86 51 85 78 40 46 15 62 69 41 84 13 74 47 26 90 30 16 7 64 31 6 73 89 2 24 44 35 87 5 83 37 56 93 91 92 98 52 55 50 17 43 58 39 3 57 8 54 59 10 99 82 75 94
58 29 54 81 51 79 70 19 48 45 46 33 16 60 91 62 75 68 86 77 66 23 94 83 39 96 76 12 26 17 37 32 42 7 25 38 20 67 21 71 57 4 14 22 3 49 8 88 50 11 28 65 41 69 34 27 78 18 43 59 53 80 10 90 52 9 95 85 72 92 56 44 93 13 36 99 63 40 100 5 1 15 47 82 73 89 0 84 55 35 31 6 2 87 24 97 98 74 64 30
36 25 99 10 41 66 80 4 38 86 77 84 52 65 69 26 23 82 87 88 96 75 5 72 95 59 79 57 56 50 40 16 33 68 64 90 100 31 0 47 49 19 28 78 32 81 46 89 8 51 54 9 85 83 70 93 53 98 63 30 18 76 24 6 55 39 34 48 42 35 74 58 12 1 61 11 29 91 21 71 17 7 92 43 60 14 13 73 15 67 22 97 2 27 20 37 94 45 3 44
95 26 68 41 2 50 30 16 18 91 70 46 99 69 44 7 75 48 59 100 24 36 71 47 32 25 43 33 84 21 11 34 1 65 85 0 61 81 6 40 38 77 37 83 73 13 78 5 20 10 31 45 49 90 76 39 56 53 28 42 35 74 97 58 57 51 9 54 12 19 82 8 62 93 94 79 55 27 15 86 96 98 14 17 92 23 60 89 88 22 87 67 72 52 64 4 80 3 66 29
91 36 8 93 10 77 44 12 78 16 100 7 41 40 70 92 51 55 71 9 98 4 25 86 85 74 88 95 57 3 89 29 76 34 79 87 42 30 59 27 96 54 31 32 17 94 56 49 28 67 80 84 50 43 15 37 14 68 66 81 69 46 90 82 73 53 19 61 72 24 2 38 21 62 45 75 39 97 47 52 0 18 26 23 58 65 83 33 48 1 6 11 13 22 63 20 60 5 35 99
72 90 26 3 21 22 40 97 42 17 73 34 98 9 8 30 80 67 10 83 11 48 81 46 75 25 95 1 18 27 66 45 39 55 33 94 50 77 92 56 52 70 93 2 28 29 68 64 12 15 61 6 78 91 0 76 19 88 36 47 100 54 69 37 99 62 44 31 79 14 59 74 49 84 96 20 58 87 4 41 32 63 86 23 60 82 53 57 43 51 35 16 7 13 89 85 71 24 5 38
62 67 65 56 19 16 95 72 45 49 71 34 69 2 64 86 33 23 6 18 90 75 44 0 89 47 37 36 7 77 100 63 50 59 29 35 14 3 70 81 74 88 54 5 10 80 38 97 12 76 27 82 24 39 40 99 25 87 73 11 83 30 52 31 17 57 84 42 85 68 1 32 79 46 61 26 21 43 78 20 9 92 93 48 55 22 8 13 94 41 58 91 28 51 4 15 53 60 98 96
0 6 37 80 60 70 77 73 68 27 4 26 55 91 54 50 18 86 39 43 8 5 2 12 41 83 31 13 1 48 87 63 92 15 9 46 61 23 76 17 64 25 40 44 3 35 30 29 47 16 74 34 19 7 69 78 65 10 100 71 96 24 45 11 22 90 89 94 20 52 38 53 75 85 51 81 84 98 32 62 21 49 97 93 66 14 82 56 28 59 33 58 57 42 79 36 88 72 99 95
100 38 43 34 51 81 78 64 69 30 98 12 45 31 4 63 70 7 75 49 99 6 62 5 28 80 90 37 96 54 20 0 17 19 15 84 57 33 26 2 65 27 11 52 74 94 87 47 92 16 9 93 61 1 85 79 83 13 44 91 60 25 82 48 97 42 41 53 73 88 18 95 3 50 21 10 32 14 77 39 66 58 24 67 23 40 86 22 76 56 35 46 59 8 72 89 55 71 29 36
18 0 43 89 2 41 70 63 5 20 66 65 47 11 54 46 23 88 15 61 33 13 84 44 91 59 32 34 86 94 68 39 37 97 35 16 52 36 85 9 67 77 71 22 79 25 55 99 64 31 1 87 60 90 12 98 100 17 78 19 57 10 92 50 83 49 80 82 93 27 74 96 56 3 29 73 42 72 51 30 95 58 75 26 40 48 24 6 81 45 14 62 7 8 4 21 38 76 28 53
9 28 19 72 20 38 59 82 29 99 78 83 10 93 6 22 45 32 27 1 17 34 75 51 40 89 48 0 23 55 36 88 54 42 58 62 81 49 37 13 56 41 69 53 80 63 24 71 60 7 100 46 21 16 92 77 3 87 68 25 8 26 95 76 90 66 15 96 73 74 33 57 94 61 5 79 98 12 64 4 11 97 84 50 44 35 47 43 31 86 18 91 39 14 67 52 65 2 85 30
46 21 11 2 56 68 95 41 42 29 0 31 52 85 14 26 38 96 50 70 82 4 48 88 81 75 83 5 94 17 63 64 51 92 62 1 32 98 13 20 40 16 39 37 8 35 69 33 54 15 27 43 84 90 44 34 73 86 77 67 80 100 78 58 89 28 7 3 47 36 19 74 76 87 93 6 57 23 49 9 22 10 91 30 61 24 72 60 99 65 79 12 97 25 55 18 53 45 59 66
13 31 14 92 16 53 11 96 38 43 9 68 83 80 94 26 62 49 6 79 57 65 54 60 27 0 78 61 82 18 28 37 59 75 55 64 4 56 19 34 91 40 98 50 86 69 81 85 74 32 5 21 77 12 42 20 33 3 73 52 97 95 84 30 89 1 48 39 51 45 25 15 90 47 10 100 23 44 8 76 63 70 41 99 2 29 22 58 93 24 46 7 17 71 67 66 87 88 36 35
67 41 61 49 20 14 77 58 51 54 88 70 24 21 46 0 29 23 59 92 86 57 78 26 53 82 66 91 85 10 98 71 96 13 69 44 4 35 79 75 15 22 3 8 55 17 63 39 64 7 18 81 25 90 37 31 50 40 72 38 62 89 9 34 68 27 87 45 97 80 47 52 94 19 36 43 12 1 16 2 93 56 83 60 95 33 28 76 99 11 5 30 42 32 48 84 65 100 74 6
70 37 85 49 45 77 9 27 5 41 99 7 20 68 30 51 100 1 28 34 88 14 76 81 92 48 52 79 82 33 43 25 63 29 31 24 62 50 11 12 56 98 13 90 96 8 16 46 23 4 60 2 47 22 21 32 36 71 91 15 66 57 38 69 83 86 6 75 18 87 54 42 10 17 89 59 26 35 19 53 58 97 95 61 55 67 3 73 84 72 78 80 39 44 93 94 64 65 0 40
45 31 25 3 76 78 28 79 18 34 33 93 59 66 20 70 95 32 12 61 55 13 36 83 0 58 4 27 40 73 51 57 97 72 60 14 86 16 94 11 1 22 24 50 87 62 2 17 88 74 98 100 46 19 43 52 54 38 10 8 92 81 82 42 41 6 49 39 96 89 47 65 37 21 64 67 30 56 85 69 26 15 71 7 53 23 80 29 5 9 90 48 68 63 35 84 77 99 44 91
40 56 45 79 98 92 49 42 65 21 12 89 13 97 25 81 14 23 28 68 67 55 29 63 36 91 50 88 85 5 99 83 8 90 15 30 35 80 48 77 16 9 73 47 53 10 52 33 46 94 39 75 78 41 84 61 1 74 0 51 26 66 95 54 19 62 57 17 93 11 7 70 64 27 72 22 31 32 38 34 100 58 69 18 87 60 24 6 43 44 82 20 96 4 2 3 37 59 71 86
69 63 39 84 65 30 40 99 88 19 32 75 60 16 71 61 34 31 51 35 95 13 23 41 26 55 78 53 58 59 90 3 6 66 48 4 97 29 80 86 82 17 79 27 38 98 45 10 96 72 46 83 1 56 12 5 81 24 9 100 70 52 25 50 20 94 18 68 64 44 85 73 76 47 0 15 2 93 74 7 92 14 11 89 91 87 37 49 28 57 8 33 22 54 21 42 67 36 43 62
41 59 89 84 31 29 30 3 40 56 60 95 9 68 55 46 2 39 38 99 61 21 5 4 1 13 74 82 57 100 8 51 25 81 48 7 65 79 87 91 34 37 44 18 62 43 54 12 70 50 73 19 23 32 98 15 45 24 90 20 26 69 72 10 47 22 11 27 16 6 85 58 67 97 86 28 49 77 64 88 17 63 36 66 75 94 93 42 83 71 14 53 33 35 0 76 96 92 80 52
62 85 61 7 34 42 10 67 32 71 73 1 16 30 11 12 77 95 18 63 70 64 3 53 76 0 92 33 40 98 35 54 13 27 81 72 6 91 4 96 88 65 60 87 17 93 2 38 23 82 58 97 22 26 69 90 21 52 83 50 29 99 78 84 28 68 20 75 57 48 14 66 8 25 86 36 9 19 47 59 41 49 39 100 89 55 43 94 15 45 5 44 31 80 56 74 46 51 24 37
73 8 21 72 43 40 20 83 85 95 48 24 31 27 50 42 14 12 46 64 39 59 37 18 11 38 91 69 54 98 53 29 17 36 23 32 4 51 58 68 1 60 76 49 99 97 66 25 55 81 89 70 41 78 26 79 71 96 63 62 52 44 35 77 9 28 3 16 5 87 22 7 30 56 57 19 6 90 74 93 2 86 0 61 45 65 94 47 92 75 15 33 13 82 84 10 34 88 100 67
69 95 62 18 41 22 59 94 89 24 72 70 79 34 45 23 15 30 86 8 50 46 90 43 33 26 66 64 40 2 74 35 58 27 71 99 60 57 76 14 93 85 10 91 75 36 83 3 47 65 5 4 98 55 82 61 63 67 87 54 6 0 88 13 12 100 68 77 17 42 96 31 39 56 20 48 73 84 16 9 37 29 11 49 51 52 97 7 28 53 21 44 80 32 19 38 1 92 25 78
93 39 37 51 0 32 79 65 16 89 28 5 18 77 88 46 11 4 81 43 55 53 9 66 74 36 41 44 23 33 61 50 56 10 40 98 60 17 13 57 26 84 68 80 97 54 6 3 30 87 62 85 15 71 29 47 86 24 8 64 49 96 58 34 52 31 75 94 73 59 70 95 38 48 35 1 22 92 91 69 2 12 83 45 99 72 14 7 25 67 21 78 100 20 27 76 90 42 19 63
7 94 80 96 55 57 4 11 73 49 36 50 19 87 54 60 15 41 51 42 43 26 70 65 97 17 89 48 24 2 66 81 84 37 90 10 58 3 74 31 67 23 8 30 33 72 92 79 62 64 98 77 22 61 75 13 76 28 14 0 29 85 63 93 25 18 82 16 9 1 53 32 5 88 99 6 100 45 38 68 56 52 69 44 86 35 78 91 95 21 46 40 59 39 27 34 71 20 47 12
14 60 36 9 4 38 29 100 54 40 30 6 34 78 92 20 63 57 42 41 3 33 45 23 97 61 15 86 43 77 50 17 94 18 52 91 95 2 74 25 90 53 28 76 26 88 0 55 89 49 80 32 82 98 65 47 93 8 83 35 48 96 73 31 71 87 7 79 22 27 16 81 12 1 51 5 58 44 39 68 75 46 37 24 11 85 72 59 69 64 66 10 56 70 13 21 19 99 62 67
51 87 55 11 2 73 66 32 77 96 93 30 14 45 72 84 47 54 18 29 79 4 25 26 37 39 63 78 41 52 8 12 49 91 89 34 0 97 70 40 15 98 74 69 68 65 43 7 46 24 57 20 92 38 23 61 99 27 76 5 95 10 1 83 82 90 19 75 53 31 22 36 44 13 28 58 48 81 60 35 3 56 33 59 62 86 9 16 42 71 6 50 17 21 100 67 64 94 88 80
58 61 55 48 83 28 43 78 2 91 57 59 93 92 45 11 39 52 42 82 26 73 72 81 98 89 40 6 3 80 88 66 90 36 20 15 33 100 68 13 74 60 35 23 70 37 4 65 32 30 53 29 9 10 85 17 87 31 27 25 7 71 75 79 62 95 41 5 0 38 24 69 77 56 51 46 97 34 54 8 84 64 63 1 76 99 22 67 44 16 14 96 50 47 49 19 21 94 12 18
6 64 94 2 67 96 99 7 21 48 57 16 25 90 41 98 46 9 95 89 4 74 33 59 60 66 43 20 35 15 47 61 44 34 31 91 28 23 81 93 82 92 12 39 52 49 80 65 78 54 32 0 1 68 5 45 36 72 56 10 73 70 29 40 69 84 83 14 8 17 42 79 55 3 62 18 38 27 26 50 58 51 30 37 71 63 85 86 100 11 77 75 19 24 88 53 13 76 97 22
46 21 7 99 67 80 48 54 61 68 97 78 70 89 9 66 85 16 20 43 53 84 30 77 93 19 5 87 71 82 32 95 50 24 45 13 90 25 33 41 15 64 49 58 39 34 28 69 22 75 2 76 63 59 29 31 83 98 51 10 96 56 35 18 65 57 26 0 14 55 94 73 52 62 79 8 12 72 11 27 17 6 81 36 4 74 100 37 92 91 38 1 60 42 23 47 40 86 44 3
28 19 51 48 4 37 17 94 65 98 85 43 76 64 18 82 81 70 75 80 5 91 59 22 97 96 16 57 31 49 23 87 1 3 36 86 50 62 39 58 69 90 47 13 33 54 11 20 41 55 73 61 7 52 100 72 32 88 42 12 10 29 14 92 60 30 68 84 34 8 38 9 26 56 35 21 0 15 2 95 99 63 25 45 46 44 71 83 6 53 78 79 67 66 24 40 74 77 27 93
40 8 67 53 17 62 92 69 81 7 51 57 13 83 74 23 54 94 58 21 73 10 42 93 0 33 15 37 65 96 52 28 85 98 50 84 48 76 16 87 97 43 44 61 72 11 26 64 25 46 22 1 12 68 19 71 2 36 49 32 78 41 88 66 86 79 59 38 4 5 29 99 39 27 91 45 35 100 60 31 20 63 34 9 24 47 6 14 95 80 30 77 82 75 55 56 70 18 3 89
78 5 87 93 36 82 11 79 35 65 18 10 76 2 31 69 88 95 64 28 26 48 20 56 3 74 47 67 46 98 99 37 66 22 9 0 58 77 96 89 50 86 23 80 41 53 30 25 21 59 39 17 71 51 52 83 97 8 60 84 72 14 61 1 68 15 29 100 27 42 57 24 49 44 19 40 54 16 38 32 85 92 4 90 62 34 94 33 43 7 81 55 70 12 13 73 45 75 63 6
59 0 10 49 52 25 61 77 90 11 68 56 19 85 93 42 67 12 45 32 95 38 79 47 69 72 53 46 76 44 23 94 20 82 1 58 28 33 98 39 15 30 60 80 57 29 55 21 51 2 13 43 84 36 88 73 63 24 16 62 81 96 99 74 9 14 70 91 89 27 86 66 75 71 6 64 37 100 50 5 34 48 8 65 4 87 18 78 35 97 41 17 40 3 54 26 83 22 31 7
92 77 53 65 67 59 34 74 37 26 1 8 14 11 40 61 64 69 88 23 38 31 25 20 43 54 13 30 63 73 75 58 100 29 2 86 52 98 6 16 7 90 94 15 62 81 22 17 87 47 91 89 48 44 12 82 10 4 3 56 50 42 70 32 96 97 24 36 84 0 33 35 5 60 72 79 66 55 85 80 46 21 83 76 28 27 57 9 68 41 95 78 99 51 18 71 45 19 39 49
61 9 95 81 18 56 59 15 97 78 74 77 40 99 88 67 37 34 39 7 12 38 64 48 87 51 60 83 76 35 27 28 47 86 21 1 33 96 54 66 100 82 79 41 70 49 58 14 68 80 55 73 32 93 53 45 50 23 11 75 0 24 65 36 89 2 22 44 8 92 31 19 10 5 20 3 30 98 91 63 84 71 29 13 26 42 16 4 6 62 52 46 85 69 57 25 43 17 90 72
28 46 16 19 12 75 23 26 57 32 64 15 99 71 9 38 84 49 97 60 70 47 44 8 93 56 53 85 69 73 31 52 89 20 39 66 76 79 21 17 82 25 43 88 13 14 5 54 80 41 86 91 29 6 78 90 34 59 61 4 83 3 35 2 22 48 65 45 55 98 18 74 24 36 92 62 42 68 81 96 67 7 51 37 100 87 27 11 0 94 1 72 58 30 33 77 40 50 10 63
39 74 25 22 2 70 7 64 67 45 37 80 16 31 82 84 57 55 76 59 10 17 47 49 98 79 26 18 8 40 3 28 62 44 4 15 60 85 94 56 73 27 50 81 24 100 89 33 66 41 86 72 0 63 83 43 58 99 65 6 48 87 5 61 71 91 46 13 90 11 35 52 14 78 19 20 1 53 32 92 93 29 34 42 69 23 30 12 68 75 9 21 51 97 54 77 36 95 88 38
41 23 33 31 75 26 92 43 71 19 72 83 98 93 3 17 59 14 21 63 38 1 84 18 45 80 82 15 52 47 60 88 28 99 91 24 66 85 49 40 9 86 64 10 39 74 22 30 58 7 5 44 6 36 55 61 51 87 65 70 0 53 77 69 34 96 12 20 67 35 90 11 2 27 13 29 79 95 62 89 48 46 57 8 76 81 100 68 16 25 42 37 73 78 4 32 54 94 56 50
42 99 47 33 30 38 25 54 89 81 46 71 15 72 97 69 76 39 18 17 12 16 22 28 26 0 48 74 20 45 70 19 85 84 8 61 11 62 86 36 21 82 100 9 29 75 24 34 90 41 65 59 14 40 95 94 3 35 87 10 64 55 93 68 27 77 78 4 1 56 73 57 83 67 37 23 2 91 5 32 31 52 7 6 58 92 63 43 51 96 44 88 60 80 49 13 66 53 50 79
82 86 23 18 87 4 27 50 56 5 57 45 80 85 37 97 73 98 92 64 96 31 40 66 13 88 51 54 33 70 29 43 26 94 12 61 34 11 24 95 16 59 48 2 90 17 28 14 69 6 93 15 47 8 38 7 0 41 89 19 75 63 52 21 30 62 35 3 55 100 44 53 25 77 36 60 84 74 20 76 81 91 68 39 71 72 46 10 67 78 1 22 32 83 49 58 9 65 42 79
7 98 48 66 96 26 83 89 84 95 9 97 5 41 81 10 24 90 39 65 43 60 67 76 17 40 45 19 86 13 15 12 51 91 58 92 20 30 16 27 61 68 71 78 33 25 11 29 34 80 14 50 22 73 87 59 93 44 82 0 21 69 49 55 36 72 74 38 42 64 63 31 57 85 18 2 79 46 77 3 94 56 70 53 88 23 37 28 32 6 75 47 8 62 54 35 1 52 99 4
