71 98 40 74 34 37 59 69 31 29 63 11 52 27 57 90 72 95 43 78 66 24 51 94 46 44 67 76 36 19 10 8 15 62 86 54 2 30 97 41 60 18 3 56 21 61 89 93 14 26 79 5 9 13 68 87 55 88 35 73 39 16 80 1 75 77 12 4 7 85 81 53 70 22 99 82 92 23 84 64 33 100 96 83 50 32 48 38 25 49 47 17 58 65 6 45 91 20 28 42
59 23 93 62 0 47 84 10 42 24 11 8 90 64 97 98 50 25 63 51 78 53 20 71 40 85 89 3 56 48 68 58 6 4 94 81 54 22 31 55 26 19 82 92 75 46 16 33 66 67 30 12 17 5 49 88 57 43 18 13 41 39 21 37 36 80 87 91 95 100 7 15 79 72 76 2 60 65 45 52 9 61 27 77 86 96 38 34 70 29 99 35 69 32 74 73 28 14 83 44
93 67 63 66 36 49 50 91 87 76 13 17 74 18 14 94 72 20 83 79 4 21 8 45 15 65 24 82 55 90 40 59 11 77 99 26 58 95 97 22 1 44 9 25 38 81 46 61 3 75 29 80 86 35 62 68 6 57 39 19 7 70 37 53 98 69 31 34 92 73 23 54 78 56 51 41 64 84 28 43 48 71 32 12 85 10 27 33 42 47 5 52 96 0 100 60 89 16 88 30
2 46 13 30 48 54 38 6 97 98 89 75 51 23 83 33 84 74 81 100 95 76 92 12 17 1 27 9 88 77 78 58 70 8 36 37 20 71 82 25 60 28 66 96 99 14 86 41 50 91 34 32 57 79 45 39 94 62 15 53 29 5 73 18 4 55 7 49 64 59 56 42 47 90 11 19 10 80 24 44 43 16 52 35 21 65 22 63 85 67 93 40 31 26 72 0 68 61 87 69
1 87 42 74 77 86 52 100 5 75 65 37 56 93 50 21 88 14 66 76 60 33 3 29 55 18 89 67 95 73 26 79 46 38 48 28 64 44 15 78 27 69 47 45 30 40 94 85 68 84 8 2 62 0 80 49 63 36 57 24 39 6 41 11 83 59 22 82 92 7 12 99 97 81 13 90 70 16 58 10 51 25 32 71 72 98 34 53 54 91 17 96 31 43 9 23 35 19 61 20
76 54 55 58 4 53 83 21 22 10 45 97 30 84 86 62 77 37 74 36 65 95 15 92 39 18 61 12 50 64 91 79 47 33 35 7 38 82 27 32 100 23 8 41 75 28 25 31 57 87 19 72 3 90 43 73 20 40 68 16 56 78 17 42 0 51 13 70 67 14 2 26 46 6 71 93 99 98 44 29 1 88 81 85 24 59 60 34 48 49 89 80 63 52 66 69 9 94 96 11
3 35 25 100 46 15 53 41 59 38 40 94 91 8 79 49 83 26 78 11 32 42 54 63 55 92 22 64 14 16 68 45 4 97 51 57 74 1 20 67 84 39 43 23 96 24 98 27 73 89 58 88 12 66 29 19 82 5 90 21 75 80 48 62 69 47 50 37 56 34 70 36 31 9 7 10 87 0 76 30 17 44 33 61 95 72 93 60 2 13 77 65 71 52 81 85 99 18 28 86
59 69 74 65 31 93 44 5 17 30 40 0 50 34 32 89 38 100 53 85 87 19 52 46 60 90 97 22 25 39 55 1 77 23 84 83 6 73 51 64 68 24 54 35 76 28 57 70 96 27 8 79 12 91 37 80 48 95 63 14 42 26 36 10 2 98 3 49 61 67 71 94 45 88 11 66 75 16 21 99 29 43 18 20 86 58 56 9 33 4 62 92 13 82 47 78 81 72 15 41
60 38 44 0 97 20 32 46 90 71 68 76 72 45 74 99 61 42 66 89 92 56 50 30 41 77 18 16 87 27 82 79 75 78 1 23 53 57 73 19 81 34 3 17 15 85 12 63 47 69 95 80 70 40 64 14 88 98 83 21 86 84 2 28 62 29 4 58 59 52 36 100 7 31 49 91 35 37 33 43 26 94 13 24 55 11 65 96 6 5 51 9 22 93 39 25 54 67 48 10
100 89 45 83 51 8 73 63 20 16 53 87 90 23 10 5 62 6 0 50 33 68 36 77 29 78 59 44 7 97 65 27 66 11 80 57 13 72 60 61 70 15 14 82 35 24 3 12 31 19 54 58 30 96 42 67 75 26 21 37 93 28 76 48 1 46 86 34 55 22 88 91 71 39 17 56 40 92 49 64 38 81 99 4 69 85 74 18 79 2 95 43 41 47 25 52 98 32 84 94
43 2 92 87 88 1 7 52 24 89 51 82 12 53 48 54 49 26 64 31 65 36 20 23 81 27 40 33 30 94 42 28 98 79 18 74 66 8 84 68 0 11 32 85 44 96 91 5 60 9 29 38 3 13 37 63 83 100 75 93 21 80 70 97 72 4 99 73 45 76 69 61 15 78 55 46 17 47 71 59 35 19 62 67 90 57 22 95 25 41 16 77 14 50 34 6 86 58 56 39
57 23 3 69 65 34 51 28 72 33 17 25 98 7 71 19 2 40 70 97 67 42 94 80 43 58 56 83 50 86 24 95 84 88 36 35 77 90 16 59 93 91 60 27 14 26 61 30 96 0 92 53 9 8 46 20 66 45 54 18 29 31 10 5 47 75 38 74 62 49 55 87 64 41 100 12 4 63 48 81 32 44 6 15 52 82 99 85 78 79 1 22 21 37 76 39 13 68 89 73
29 76 26 22 25 54 39 31 53 50 100 20 42 27 68 95 75 97 16 89 92 23 38 55 24 82 2 45 36 21 69 77 40 56 86 96 44 35 1 59 15 7 41 62 57 3 43 83 61 18 78 52 87 93 34 48 63 47 19 13 4 85 8 70 65 5 80 74 73 11 32 9 90 60 30 84 28 49 64 58 6 72 46 88 99 98 33 17 79 66 91 81 51 14 94 0 37 10 67 71
85 58 4 25 16 47 78 75 23 6 12 74 80 92 20 82 94 11 37 52 40 55 43 51 65 0 90 88 79 98 69 96 87 31 64 54 28 50 33 21 99 29 66 22 32 57 8 100 46 1 18 41 17 36 61 83 14 48 53 3 62 86 9 19 81 7 72 27 15 68 73 63 71 30 89 44 34 76 49 84 70 91 5 42 60 10 2 24 38 93 97 56 95 35 59 67 26 39 77 45
89 65 47 55 21 100 50 34 99 77 82 72 80 84 3 85 79 53 35 94 9 31 8 92 70 71 37 57 45 38 46 12 33 91 62 0 95 16 86 42 75 23 40 13 97 87 1 60 68 88 2 26 58 81 6 5 7 52 76 11 29 56 32 67 20 69 74 4 10 28 96 27 17 61 83 51 98 18 48 39 25 24 49 44 22 78 64 59 66 73 90 63 36 93 15 41 30 54 43 19
79 39 23 38 88 24 47 98 92 97 70 16 80 56 1 64 73 44 31 55 2 27 89 14 77 81 63 6 18 67 53 32 29 68 17 87 40 95 69 48 59 74 13 85 72 61 43 57 51 19 96 90 36 50 4 10 34 41 71 30 86 91 3 11 83 28 100 22 94 25 78 54 76 8 21 75 60 37 49 62 66 58 42 82 0 35 65 5 45 7 46 84 99 93 33 12 52 20 26 9
0 95 28 38 44 21 73 89 26 15 25 78 61 13 63 92 66 88 75 52 67 87 22 43 93 58 41 29 64 86 79 100 47 54 7 18 40 10 1 65 35 2 45 49 62 56 34 42 36 72 8 14 46 90 53 84 81 48 51 3 94 39 60 83 50 69 80 76 77 23 20 32 99 74 91 31 98 37 70 6 97 96 4 17 57 27 82 24 19 11 9 71 33 55 5 59 85 30 12 68
36 34 45 19 6 24 48 90 64 9 25 78 97 21 51 11 39 100 89 2 71 57 13 31 95 67 33 1 99 81 14 35 26 63 77 43 30 44 50 16 56 86 12 3 68 69 53 46 10 83 5 20 32 72 0 4 65 38 40 8 85 70 55 23 37 80 54 47 62 42 82 7 60 74 61 22 18 88 98 75 92 76 93 28 94 29 73 41 49 59 66 58 96 91 84 79 87 52 15 27
59 86 42 45 83 2 62 89 31 46 36 93 25 72 29 44 28 13 84 22 0 15 32 52 95 79 3 75 4 20 85 19 100 56 88 97 96 7 65 41 17 34 80 71 24 16 66 64 33 10 77 37 58 57 27 61 74 47 30 98 67 40 91 82 70 35 6 39 21 51 53 69 11 9 48 87 12 5 8 55 94 23 14 26 76 54 99 43 90 50 63 73 81 49 38 1 68 92 78 60
56 94 65 45 48 41 100 82 35 90 39 70 88 30 71 64 0 27 81 95 33 7 17 60 11 22 63 57 67 92 68 99 62 8 77 83 75 24 86 74 58 32 43 55 93 46 4 9 42 16 36 10 78 85 52 37 6 97 3 89 51 44 69 31 23 1 50 28 53 5 20 15 80 72 79 84 73 49 38 14 47 59 98 87 91 76 26 40 96 18 21 13 34 25 61 66 12 54 29 2
55 4 87 15 13 21 14 9 34 31 52 62 98 44 64 89 45 80 40 25 32 57 83 69 91 94 66 79 11 5 90 10 72 6 65 73 51 49 67 8 96 88 71 81 75 63 56 54 35 100 58 61 68 74 84 12 2 7 27 39 77 22 47 28 70 46 53 38 3 26 36 99 85 97 60 24 93 50 48 1 43 86 76 16 42 95 59 23 17 29 37 0 78 19 18 82 33 92 30 41
41 80 62 2 15 32 56 24 38 37 45 35 28 69 96 11 19 79 50 43 100 23 49 76 52 72 1 12 86 93 0 7 8 87 4 17 60 67 78 22 82 85 27 63 44 53 31 55 81 54 97 58 83 99 64 68 73 26 25 13 16 51 59 57 94 91 90 88 95 66 10 29 42 70 6 46 18 61 74 34 47 39 89 20 5 84 14 30 92 3 33 48 71 75 65 36 98 9 40 77
93 90 24 0 95 15 4 52 89 66 23 61 18 19 39 91 59 88 77 75 8 32 56 65 79 78 10 51 43 69 16 29 74 34 38 73 99 42 35 31 71 63 25 96 84 41 70 100 7 45 36 57 13 94 17 92 40 27 98 14 9 37 72 55 46 21 97 20 67 3 2 54 82 81 44 60 33 48 80 83 50 62 11 76 30 28 6 26 85 68 47 12 64 5 87 86 58 53 49 1
46 87 18 49 61 72 88 98 16 29 30 89 25 43 81 41 99 66 1 79 95 24 4 63 0 13 60 75 48 10 71 19 6 36 62 37 31 7 55 34 38 84 40 86 85 67 47 82 69 53 42 83 26 35 8 12 14 100 3 21 9 64 52 70 59 90 20 96 22 11 57 51 28 68 50 5 17 77 93 76 39 58 33 91 44 92 56 2 80 54 15 32 78 65 97 73 74 94 45 27
23 47 27 86 56 45 92 77 51 63 78 42 100 55 22 4 80 10 38 9 46 7 16 54 97 75 37 41 68 29 1 79 30 11 64 40 3 18 96 83 88 50 72 98 44 66 12 93 8 25 13 89 6 53 94 17 60 69 99 43 36 35 82 61 19 84 85 90 87 48 31 20 5 32 33 57 76 2 15 71 91 0 81 39 21 73 65 52 70 67 62 28 34 26 49 74 58 14 95 59
1 83 32 76 2 12 17 72 89 10 62 16 90 60 58 79 71 29 78 91 5 31 63 19 57 4 74 50 86 66 41 84 48 23 61 97 15 22 0 70 34 95 44 94 18 88 87 20 21 98 39 52 33 73 68 77 64 13 54 6 67 9 36 100 99 40 69 38 56 92 49 7 3 65 59 51 81 37 43 47 93 26 28 11 75 30 53 45 46 14 80 35 8 55 27 96 42 24 82 85
99 13 78 96 23 42 72 87 89 41 77 5 43 21 49 70 51 83 54 91 88 29 74 69 35 6 86 47 81 98 46 68 79 7 85 75 92 15 73 97 0 18 36 40 22 53 100 67 1 24 2 56 32 76 58 14 64 61 48 82 34 19 33 60 63 55 39 52 8 9 50 44 27 90 31 37 3 65 45 59 84 80 94 25 95 38 11 66 57 20 71 16 17 28 10 62 12 4 30 93
50 28 86 92 29 78 68 51 90 57 22 11 72 3 14 80 41 6 10 24 89 31 91 9 15 0 43 5 8 32 60 96 48 35 52 1 21 97 17 36 98 83 26 62 47 79 2 100 65 30 73 16 13 42 59 82 64 4 44 61 56 69 84 25 87 12 76 53 77 54 95 23 93 71 81 74 49 33 45 55 99 70 94 18 38 37 85 75 66 20 63 7 58 40 34 67 88 19 39 46
43 51 61 64 23 37 7 86 95 58 1 87 8 72 63 30 55 13 4 81 73 46 25 41 59 65 19 88 22 29 68 85 6 34 2 40 31 52 74 79 82 100 26 38 90 75 20 77 96 10 33 32 78 60 50 17 54 80 16 94 45 71 57 11 70 49 24 67 93 66 89 92 21 83 15 99 56 35 76 14 84 5 48 53 98 12 62 27 36 47 3 91 42 69 0 97 18 9 39 44
47 80 49 41 62 48 68 17 45 2 6 81 59 22 69 89 55 97 88 98 30 24 42 23 79 93 60 38 75 67 34 46 58 32 56 0 76 16 65 84 96 31 4 8 95 37 87 12 54 7 64 51 25 77 14 82 39 72 92 83 63 28 35 20 27 43 91 85 40 78 50 5 57 10 73 71 90 19 21 53 66 15 13 9 61 1 100 70 36 11 18 94 86 26 33 74 99 52 44 3
52 22 51 25 71 94 1 35 18 0 76 43 20 45 55 77 98 69 78 39 10 68 50 64 90 75 88 6 92 36 53 2 59 7 72 47 37 9 41 29 57 11 8 38 66 16 95 49 31 58 67 27 93 63 99 89 13 34 28 33 19 80 21 82 91 4 56 83 44 17 14 42 54 73 100 70 65 48 87 79 15 60 23 24 12 3 85 81 62 40 5 86 26 74 32 84 96 97 61 46
66 5 8 91 82 14 24 87 9 23 41 74 43 89 2 25 44 71 90 55 30 92 51 67 62 56 88 27 75 96 4 37 73 85 83 17 70 15 98 34 19 45 7 38 10 59 48 72 78 58 33 1 57 65 42 11 35 94 95 0 26 81 52 40 20 16 47 39 49 99 50 54 63 100 29 69 79 13 68 46 18 76 21 32 86 97 61 60 12 3 28 77 84 53 93 36 80 64 6 22
8 42 94 69 53 39 73 87 2 72 63 1 80 61 13 81 6 31 36 54 76 98 99 88 83 82 84 57 49 56 21 50 25 59 64 93 71 66 96 60 70 40 37 65 4 100 78 18 62 9 12 75 86 58 26 91 48 11 22 52 85 74 28 77 23 44 17 15 27 79 97 68 29 20 24 45 10 95 46 92 7 38 16 35 34 14 41 90 47 5 89 55 0 43 19 3 67 33 51 30
71 50 5 49 9 83 70 29 62 35 27 59 37 18 14 92 40 100 90 6 77 95 66 26 0 56 68 89 7 16 47 32 17 36 24 39 99 4 87 41 98 80 72 46 25 54 91 79 3 57 93 53 73 23 38 58 85 65 19 42 31 55 2 97 69 34 45 81 84 76 67 8 13 94 63 30 82 11 74 75 20 78 88 12 1 60 15 61 86 48 52 21 43 51 28 44 64 10 96 22
19 58 63 56 9 26 14 36 88 98 61 7 76 23 10 92 46 66 95 29 67 83 17 37 43 70 94 33 78 12 59 16 84 15 89 28 39 27 35 38 42 3 71 8 93 79 97 86 21 49 55 96 68 51 69 32 4 90 13 45 60 100 47 2 25 57 80 74 64 6 20 91 54 48 5 82 65 87 18 99 24 0 30 44 73 22 11 81 62 52 77 75 41 72 53 85 31 1 50 40
65 12 1 82 58 97 99 39 46 62 34 76 77 50 55 75 98 66 72 25 54 29 73 17 49 28 26 71 85 44 68 88 30 87 27 24 78 21 83 45 59 32 42 51 38 37 89 48 96 9 22 0 61 94 40 8 6 3 11 41 23 16 53 43 63 47 67 2 5 20 90 56 69 18 14 19 74 13 36 31 80 7 60 92 81 70 100 95 93 79 52 64 15 86 33 91 4 10 84 57
3 30 64 86 19 49 37 45 82 76 90 11 88 62 14 33 93 69 28 60 20 59 4 66 67 29 0 24 51 72 100 27 70 6 55 5 54 34 77 46 58 10 92 68 85 17 89 63 53 74 39 94 7 50 15 80 56 13 48 99 83 81 84 25 71 16 23 97 79 12 32 95 2 35 44 61 52 42 22 65 47 31 87 26 73 96 91 9 40 41 18 98 75 57 43 8 1 78 38 21
65 50 67 19 74 68 52 63 83 53 73 35 98 40 62 100 23 43 33 24 75 48 34 58 3 6 82 92 60 7 78 1 90 93 17 4 87 31 44 49 8 85 42 89 14 72 51 25 11 64 32 56 55 27 81 79 86 47 15 96 84 61 39 38 88 26 2 46 57 70 22 69 94 71 20 77 97 80 13 91 18 12 36 45 54 0 28 29 21 59 30 76 5 41 10 9 99 95 66 16
11 63 43 3 27 24 82 6 21 74 35 15 85 23 30 54 2 22 90 8 12 95 34 26 92 28 29 13 18 10 55 4 33 19 32 46 25 47 40 14 53 97 99 9 51 88 62 45 81 42 37 17 57 68 80 71 67 20 60 52 89 5 48 16 31 98 64 79 7 91 58 76 93 59 72 83 44 39 100 56 73 96 75 36 50 77 70 61 69 66 1 65 94 0 41 84 86 49 87 78
74 44 91 69 23 93 61 14 27 73 49 100 52 6 83 19 87 3 62 13 5 54 32 88 45 81 77 60 92 30 72 42 29 40 89 56 51 43 36 98 41 94 71 86 67 0 47 25 26 57 17 4 10 53 22 65 16 95 38 79 12 1 90 75 82 59 76 96 64 33 68 80 24 97 58 63 2 35 50 55 20 78 9 66 85 11 70 46 7 34 18 37 15 28 21 99 48 8 84 31
54 32 11 17 10 100 58 77 48 20 36 23 97 7 0 76 1 31 9 94 67 83 64 14 43 81 21 87 62 70 96 93 53 59 52 50 24 65 2 69 27 33 25 75 16 78 26 19 39 47 28 98 56 22 38 13 84 82 35 30 91 85 79 80 99 34 71 92 29 41 8 45 68 46 12 61 66 4 90 5 49 86 60 89 18 51 55 88 44 74 95 57 6 3 37 72 42 63 15 73
75 1 33 55 64 42 52 57 16 77 68 47 22 21 5 50 30 65 97 17 70 56 27 59 94 26 14 96 72 19 90 91 36 49 51 83 58 89 86 35 0 63 24 85 37 44 53 28 9 99 73 18 7 88 54 87 46 38 32 74 93 95 67 25 20 12 10 11 62 61 40 92 79 34 71 3 2 4 66 82 6 98 81 43 84 13 39 76 29 8 45 100 78 69 31 80 23 48 60 15
63 94 51 99 96 60 78 76 19 49 80 27 1 23 87 52 98 16 74 9 68 48 37 45 77 41 30 69 93 90 86 14 17 83 88 95 36 0 82 34 62 67 29 38 33 100 22 70 50 91 72 92 4 12 44 26 40 47 6 35 97 7 2 21 18 32 28 10 3 5 20 64 53 71 11 25 31 89 8 84 85 66 54 58 15 59 56 65 55 61 79 81 39 46 43 57 75 73 13 24
31 20 47 40 59 2 27 58 89 37 76 7 86 17 54 75 67 77 97 61 81 14 19 92 90 83 33 16 88 73 35 10 34 39 78 29 9 93 91 72 32 5 71 55 65 38 13 22 46 63 1 26 0 44 68 23 11 6 64 50 15 45 12 25 57 42 30 99 80 79 24 53 98 4 8 28 70 94 3 87 49 74 60 66 82 48 51 96 100 95 62 41 85 21 84 69 52 18 36 56
55 36 23 74 61 39 43 17 3 51 27 67 63 53 4 66 49 95 38 1 12 30 71 97 78 72 89 19 22 16 48 6 75 59 77 32 81 47 69 50 11 9 31 0 24 87 90 85 40 54 57 13 65 73 99 21 26 94 76 18 60 86 98 88 14 82 96 70 20 8 83 5 56 2 41 45 7 25 62 92 52 15 28 10 33 100 79 68 35 80 29 34 46 91 84 93 64 37 42 58
46 36 83 68 8 88 5 60 47 62 16 48 23 100 40 20 18 73 39 30 10 15 21 57 63 74 94 95 2 19 76 17 28 78 22 71 52 44 11 87 32 3 51 77 41 67 37 14 85 97 75 70 79 96 13 89 58 86 38 1 26 90 98 81 82 66 92 99 56 33 31 34 6 42 50 24 12 54 4 29 53 59 55 9 43 80 64 25 93 0 27 69 72 35 7 61 91 65 49 84
77 26 41 25 55 9 76 61 81 95 69 40 8 14 63 37 45 50 84 21 83 78 87 71 56 10 100 42 70 13 75 88 60 47 91 3 11 97 4 98 96 35 89 74 67 79 17 19 1 28 31 22 18 66 43 33 30 38 85 20 80 64 2 39 54 7 53 93 24 23 32 49 86 36 27 52 0 68 15 12 58 51 92 48 94 73 62 90 16 6 72 5 82 57 99 29 44 34 59 65
64 95 22 70 48 36 54 52 3 62 96 17 57 85 89 43 31 63 61 92 83 12 72 67 15 81 14 46 32 86 30 71 56 87 59 66 26 44 33 4 74 58 51 99 21 55 8 28 6 25 0 78 18 16 94 77 7 41 98 53 60 84 29 19 34 20 23 76 42 69 50 91 100 37 5 79 40 38 88 9 75 11 82 65 10 27 35 97 68 2 13 45 1 73 90 24 49 93 39 80
94 90 18 21 84 71 46 99 22 78 80 15 93 68 45 95 5 83 28 92 57 31 14 54 69 40 8 10 11 32 56 100 41 59 3 24 17 4 65 6 97 38 86 77 75 33 58 26 16 34 79 64 52 13 88 85 23 60 39 87 82 67 19 76 73 1 74 37 9 63 7 70 25 98 43 50 96 2 66 36 51 30 47 20 27 29 91 81 49 53 42 12 44 72 89 35 61 62 55 0
48 64 40 99 89 33 83 81 54 74 4 71 24 46 39 73 36 0 82 42 8 66 21 18 84 2 69 19 91 68 7 100 75 17 16 29 23 3 93 37 38 22 50 96 43 6 44 79 76 25 13 30 9 34 87 51 92 98 63 97 78 57 80 61 58 28 88 12 1 31 47 52 94 11 15 70 10 67 26 72 35 55 90 27 41 62 5 60 32 86 53 45 85 77 20 56 14 59 95 65
97 14 86 39 8 81 18 28 24 90 12 36 63 3 4 80 56 53 66 67 69 33 65 10 0 37 72 26 19 55 16 74 79 91 94 64 96 34 99 30 32 17 75 71 51 54 47 84 77 11 46 5 23 6 38 59 60 45 85 58 92 52 98 100 95 20 9 62 2 82 43 1 78 27 89 88 31 29 21 48 42 15 87 76 41 40 7 73 57 13 25 68 35 61 44 83 93 49 70 22
21 60 85 34 3 35 32 68 67 81 86 91 77 96 72 6 10 1 75 66 50 43 20 70 26 54 90 69 9 30 42 44 16 41 27 17 55 100 83 98 61 29 47 92 57 76 97 39 12 25 59 31 87 74 53 19 23 46 36 94 99 63 93 65 88 4 48 38 14 18 37 64 15 5 95 80 52 82 56 49 58 11 22 62 33 7 40 84 79 71 89 28 73 24 8 0 13 2 78 45
16 69 99 88 9 40 55 13 83 100 63 19 22 5 2 98 66 96 10 4 41 87 84 61 78 21 77 26 24 58 81 76 14 30 89 74 90 20 25 28 18 71 35 64 79 39 0 6 95 80 3 93 57 65 86 43 82 67 37 56 60 33 31 54 53 12 46 73 17 47 48 42 7 27 68 85 29 94 1 50 23 38 32 51 70 8 72 36 11 91 59 15 34 45 62 97 92 44 75 49
93 89 91 59 85 82 5 55 77 38 46 97 7 94 61 3 10 18 14 41 95 28 68 45 100 12 32 52 76 4 25 57 80 31 6 44 60 39 96 98 86 22 73 62 74 2 24 72 11 37 19 63 47 27 67 84 36 17 78 16 26 66 48 87 58 79 92 51 70 83 81 64 50 34 29 54 35 13 33 20 99 30 8 42 15 71 88 75 23 69 56 9 90 0 1 43 21 65 49 40
77 53 13 11 71 7 24 9 86 14 20 61 92 37 56 63 27 43 64 4 67 79 69 59 26 5 99 28 48 30 97 93 33 66 0 72 58 95 84 1 38 21 31 76 91 32 85 90 65 23 83 94 49 36 22 12 96 82 10 42 98 88 35 39 44 100 70 51 81 16 34 73 15 2 62 19 80 52 68 17 25 87 74 8 60 55 75 6 45 41 50 40 18 3 78 89 46 47 57 29
46 45 72 16 54 100 98 27 76 63 95 65 87 42 43 93 26 1 78 61 74 84 25 81 14 19 33 4 10 24 23 73 38 44 36 50 35 68 47 32 75 97 56 60 6 29 92 40 18 66 39 31 88 89 96 85 82 99 67 0 58 62 11 64 21 41 51 13 52 59 37 69 5 15 8 77 48 70 94 71 57 79 34 22 83 20 9 7 28 86 80 3 53 2 90 91 30 12 49 17
67 91 42 84 11 36 81 80 33 65 4 59 30 49 44 75 51 19 5 15 100 25 66 22 43 16 14 46 6 1 0 38 2 85 61 48 96 35 40 69 98 9 64 68 8 28 23 87 27 39 70 26 3 94 58 79 21 53 45 88 17 7 34 89 18 20 90 92 41 55 24 82 50 10 60 29 32 95 31 62 77 54 73 13 83 86 57 47 72 99 12 71 74 37 78 52 93 97 76 63
51 37 79 16 50 69 67 29 99 72 49 71 10 80 0 39 23 89 9 41 55 33 6 22 28 93 18 85 65 73 44 81 68 34 3 13 4 42 59 2 91 88 38 64 82 17 15 26 25 78 5 48 61 94 76 86 98 54 96 43 45 31 66 70 60 90 53 47 56 77 20 46 97 58 14 75 27 63 87 19 24 36 1 11 30 8 32 83 74 52 92 7 12 95 35 21 40 100 62 84
97 78 51 28 100 52 9 59 49 85 82 12 83 93 65 11 41 46 7 77 69 79 62 24 94 54 64 99 80 89 29 72 23 0 4 33 10 2 43 47 27 15 31 20 87 34 42 8 61 76 50 74 48 13 70 95 71 36 92 17 60 98 91 32 88 67 73 30 22 38 96 26 16 86 14 84 25 66 37 57 5 53 39 44 40 19 45 81 75 35 21 63 3 68 90 56 18 55 6 1
54 3 2 39 41 76 100 20 47 46 77 63 52 34 97 25 12 78 94 36 23 68 95 22 48 35 27 10 33 92 40 53 56 66 88 75 87 44 67 91 65 16 26 30 18 8 29 58 0 55 14 5 32 15 85 60 83 49 81 1 21 11 38 13 96 45 72 84 62 93 86 9 7 73 99 43 98 79 42 6 50 57 80 28 61 74 51 37 64 24 17 71 90 82 70 89 4 69 31 19
63 23 88 65 20 61 64 89 79 98 12 85 14 21 1 77 43 9 0 15 97 91 16 96 35 39 25 7 45 30 49 51 48 75 82 81 13 44 6 33 38 18 59 62 90 72 100 4 41 26 40 66 8 68 3 86 67 53 36 47 19 95 74 54 17 5 52 42 28 46 70 24 55 2 99 76 87 50 10 31 83 56 78 94 34 57 69 93 29 37 73 84 27 92 58 71 80 22 11 32
39 21 47 15 1 42 44 6 93 64 9 14 86 38 22 26 43 94 4 88 5 57 85 51 34 19 58 95 41 12 71 46 18 40 72 56 79 48 68 3 11 16 52 70 59 13 49 91 76 31 55 54 8 29 89 65 10 53 30 24 28 69 27 36 80 90 74 67 75 33 66 50 23 96 35 0 78 37 62 92 87 82 100 77 60 2 7 17 63 99 97 32 25 83 81 84 98 45 20 73
28 100 33 41 0 73 13 45 86 76 30 98 49 39 25 78 22 51 99 69 47 4 7 81 68 96 56 53 14 40 2 72 64 66 52 90 85 80 1 50 18 21 82 57 79 74 36 84 97 67 43 10 6 44 71 32 38 34 35 12 95 17 54 9 16 3 8 87 65 26 42 58 20 93 70 29 23 75 37 48 15 88 55 61 92 24 60 59 83 31 63 5 46 77 11 89 91 27 19 94
75 99 88 33 58 64 1 14 92 6 59 39 31 2 71 19 53 48 82 10 91 46 32 15 62 67 36 79 60 28 86 47 21 38 45 37 41 100 23 4 57 12 84 65 72 68 18 5 17 13 85 76 11 90 56 22 73 3 55 66 94 0 24 40 54 9 87 50 93 30 80 83 29 77 26 44 96 98 20 78 16 27 69 89 25 81 34 61 35 95 43 8 42 97 7 74 70 49 52 51
52 44 8 25 34 40 36 62 54 69 3 97 1 32 45 35 59 38 80 83 70 2 0 79 27 28 11 7 88 33 89 61 58 46 15 26 30 90 92 22 24 76 95 82 19 39 81 47 98 71 56 29 66 67 94 49 23 68 14 17 4 63 18 100 6 77 99 93 16 73 31 86 78 9 37 10 96 87 5 75 53 65 85 21 84 43 72 48 50 60 55 91 13 51 74 20 41 42 12 57
99 45 43 34 40 69 22 44 60 41 17 97 21 26 79 61 47 36 68 30 88 1 9 72 89 20 92 19 80 16 4 50 100 71 76 15 57 93 32 62 78 67 38 31 90 29 10 25 0 91 53 2 5 52 33 35 7 75 81 96 85 23 13 95 83 98 14 87 84 66 70 74 56 6 73 27 63 8 18 11 37 42 48 39 82 3 59 77 58 12 46 54 86 24 55 64 49 94 28 51
3 26 63 25 67 90 64 98 40 78 95 56 38 11 30 96 18 0 49 45 13 84 87 21 83 99 73 22 52 5 59 80 50 81 76 44 10 70 71 57 42 54 34 69 61 86 4 37 27 77 85 51 92 65 41 15 12 94 33 35 2 48 72 7 16 82 93 9 6 58 19 8 32 75 100 91 89 47 1 29 53 88 28 55 14 31 17 79 23 46 20 60 24 68 97 36 43 62 74 39
74 47 86 56 7 84 50 72 62 91 69 6 18 96 34 65 82 39 49 29 14 45 81 55 57 0 40 79 97 22 54 70 33 88 16 31 4 41 48 52 15 51 90 64 46 100 42 38 63 60 32 30 19 61 23 66 92 13 71 1 93 94 95 20 44 8 25 99 98 21 28 58 27 36 75 17 89 5 85 59 76 73 83 43 11 12 10 26 80 77 3 9 37 24 53 2 87 68 78 35
76 92 82 53 2 13 39 100 91 56 29 30 66 49 43 79 89 63 41 60 36 70 24 28 81 15 87 38 35 55 8 10 26 77 78 3 62 75 74 48 80 50 88 34 71 31 37 21 18 58 65 14 12 98 61 42 6 97 73 84 52 72 32 17 93 4 94 99 44 20 95 19 25 59 9 16 67 40 57 33 47 11 7 22 5 51 90 69 27 1 83 45 86 0 96 64 46 54 23 85
60 32 7 66 63 79 15 81 70 30 93 71 47 11 31 82 26 21 49 36 48 18 89 42 77 76 0 39 45 24 3 61 41 73 75 86 67 8 5 91 38 100 97 43 57 59 72 99 1 17 52 53 54 40 50 6 74 23 16 29 68 85 95 28 58 64 51 80 65 56 90 25 2 10 96 27 20 87 37 22 4 98 84 33 35 88 46 13 62 94 9 44 92 83 14 78 19 55 12 34
25 55 84 5 68 26 57 46 35 0 49 82 15 93 96 94 53 29 59 45 47 80 74 97 65 10 33 14 37 71 18 67 43 27 11 48 78 38 30 21 73 42 4 61 41 17 16 54 72 98 64 63 85 81 75 50 79 13 1 95 66 69 56 100 87 60 3 92 44 28 2 22 89 40 86 58 32 36 83 6 19 24 9 51 12 20 90 23 39 91 34 76 99 88 7 52 77 62 8 31
40 5 2 9 70 83 81 8 79 13 97 43 6 28 87 57 47 39 0 91 44 69 77 93 62 95 51 25 59 61 46 42 85 31 68 4 17 76 53 64 7 67 90 19 63 48 55 80 20 36 29 1 30 72 18 66 99 86 92 96 74 65 23 22 35 49 26 14 34 21 75 24 54 88 37 82 73 58 12 38 33 84 10 60 98 56 3 100 50 41 15 78 89 45 94 11 16 27 52 32
95 11 5 29 55 27 37 13 12 74 32 4 45 69 9 53 97 94 2 51 92 1 28 60 39 80 30 40 41 43 73 78 59 31 23 24 85 79 76 17 6 71 16 65 68 44 34 56 96 82 90 26 89 100 58 67 57 35 22 47 91 8 98 63 87 88 93 50 66 36 0 99 75 25 7 83 54 62 61 86 46 81 3 33 77 49 18 14 42 70 10 52 84 48 20 15 64 19 21 38
99 11 61 42 49 96 70 8 2 75 100 43 13 80 84 50 66 56 98 4 77 94 30 19 71 58 89 38 10 15 36 5 40 62 51 22 69 52 20 12 92 27 88 41 44 18 47 54 46 79 16 64 26 9 45 68 82 97 67 24 87 48 86 14 60 90 1 23 74 53 72 34 31 83 7 0 95 59 25 3 91 81 57 32 39 17 78 55 85 76 6 65 33 35 37 21 63 28 93 29
34 22 70 0 4 14 1 46 30 10 60 57 94 87 77 61 20 50 27 25 89 59 8 63 95 55 45 97 71 23 17 68 67 81 52 92 56 44 91 2 90 40 96 88 47 83 80 69 78 41 35 5 75 13 86 7 42 37 29 31 24 12 38 15 3 99 54 6 66 43 18 11 85 64 49 79 53 72 76 82 98 93 62 51 100 36 48 26 84 32 58 21 19 9 16 39 28 33 65 73
33 56 36 70 34 16 14 41 28 39 50 79 99 67 95 42 100 58 83 61 88 9 48 98 71 26 53 97 13 86 87 21 17 35 55 74 77 92 54 96 90 63 1 24 8 25 62 22 84 44 69 65 19 64 68 59 4 78 60 91 89 3 12 11 31 38 37 15 52 46 2 73 10 0 57 27 6 85 30 49 40 82 43 18 72 66 47 51 94 23 32 81 7 5 29 45 20 93 80 76
2 86 98 84 1 80 16 100 14 97 79 49 52 12 96 87 26 54 4 41 33 63 55 58 39 62 38 21 94 93 75 43 32 88 36 10 13 17 22 28 67 56 37 61 9 23 20 66 3 19 90 72 77 24 35 85 46 31 82 34 71 53 18 7 57 48 60 64 78 6 30 73 51 15 89 74 99 27 95 25 69 40 29 92 68 47 59 50 83 91 42 44 65 81 0 5 45 70 8 11
10 92 38 79 25 37 14 69 32 21 71 12 7 90 8 86 55 72 75 19 85 46 0 100 33 58 98 48 82 63 47 20 30 36 22 81 93 64 29 62 28 4 84 70 24 76 49 56 78 35 59 88 13 68 99 11 39 9 89 44 57 66 97 95 50 17 1 83 94 74 26 18 52 3 45 67 31 96 41 43 42 34 60 87 54 91 15 61 27 5 2 51 65 16 73 80 53 23 6 40
37 94 35 6 29 73 45 57 41 92 40 10 90 77 52 96 63 66 61 62 55 16 7 47 9 1 42 86 60 32 56 12 70 71 67 91 64 69 38 83 97 80 95 26 99 30 3 34 72 25 33 84 76 74 51 89 53 39 19 98 68 21 79 81 27 2 17 100 85 24 43 65 82 49 58 59 50 22 20 13 4 23 18 75 28 0 5 46 11 15 14 36 88 87 31 8 54 48 44 93
44 94 23 15 26 69 92 25 31 50 72 67 1 13 17 68 20 61 48 63 76 6 95 40 18 34 93 5 49 52 33 54 51 42 30 65 41 16 24 57 47 46 36 43 77 87 96 59 66 3 81 7 91 90 9 35 38 85 32 86 55 74 80 97 12 14 98 27 4 71 62 84 2 64 28 8 89 0 29 53 60 10 99 88 82 56 58 73 22 39 21 70 45 83 11 78 37 100 19 75
75 93 71 26 85 55 23 38 74 54 84 42 91 40 96 15 43 83 18 10 45 90 62 3 46 4 21 50 69 35 6 41 56 5 37 72 58 32 39 51 57 78 48 49 79 63 52 97 61 76 70 13 95 86 73 20 25 22 60 100 30 67 19 9 53 65 94 92 88 99 2 11 47 31 66 28 87 17 12 1 81 36 14 89 33 82 34 77 29 27 7 0 68 98 24 8 64 16 44 59
53 90 33 55 17 24 74 82 54 36 9 46 12 72 73 37 23 56 68 8 95 62 27 5 63 87 91 89 15 96 13 94 88 93 86 38 35 77 21 20 58 78 45 40 11 69 71 83 61 31 43 49 75 60 47 79 18 28 64 10 3 34 29 19 16 26 70 66 25 80 50 98 52 97 65 4 1 0 67 2 76 14 84 39 30 6 44 7 100 51 32 57 42 85 41 48 22 59 99 92
33 0 83 64 16 5 48 86 22 62 39 12 20 78 58 70 75 7 6 14 34 81 45 94 74 29 53 87 95 42 30 3 93 15 44 56 51 43 84 67 99 24 97 49 57 40 23 52 68 55 59 69 100 31 37 98 50 65 71 27 25 26 41 47 9 77 61 36 38 90 63 17 35 88 21 18 46 60 54 73 85 4 32 91 80 72 2 28 13 19 11 10 76 1 8 79 92 89 66 96
32 67 10 55 63 86 36 13 46 17 5 78 7 77 14 21 43 15 20 69 72 3 42 38 93 59 24 57 71 94 26 52 62 25 61 9 33 4 51 23 92 53 74 54 76 66 34 16 29 99 8 40 89 81 64 91 80 82 2 73 49 48 1 75 37 31 22 65 88 6 18 85 100 97 47 44 39 19 68 27 28 70 11 30 90 95 35 84 12 87 58 60 41 98 79 56 45 96 50 0
10 28 55 60 76 9 32 36 38 19 23 78 64 20 29 61 4 95 24 68 70 53 66 54 50 27 81 91 41 35 89 31 42 30 90 18 13 92 74 33 80 22 8 11 56 97 46 14 5 47 96 37 65 49 26 3 85 7 73 51 34 25 39 99 17 12 93 62 2 83 40 82 52 48 45 6 79 69 88 98 44 21 63 0 71 58 67 86 100 94 15 16 57 77 59 75 72 1 87 43
20 59 30 16 99 23 5 44 82 25 67 58 21 22 7 47 29 52 46 19 73 15 81 2 33 51 89 96 74 34 87 18 24 71 13 66 53 79 98 75 28 88 62 80 60 92 68 26 0 91 77 4 57 65 94 41 43 37 31 11 48 49 86 6 95 83 42 90 38 36 61 69 39 64 12 8 78 10 93 72 17 76 27 55 84 35 9 70 14 100 97 1 50 3 54 40 63 56 45 32
61 15 76 42 63 35 43 22 20 84 25 16 87 70 31 24 10 64 77 19 14 73 79 99 1 28 21 11 62 40 27 47 9 44 92 6 13 26 46 50 59 54 74 37 55 49 96 66 90 2 56 41 5 36 4 51 72 88 83 60 23 80 29 3 81 18 69 12 91 67 32 0 45 82 93 53 71 34 68 65 78 30 52 33 38 57 58 7 89 97 100 75 98 95 85 94 48 8 17 39
22 84 25 66 0 57 35 16 93 41 8 6 96 12 37 11 3 15 49 68 46 98 90 100 31 69 43 82 36 17 27 14 53 45 62 65 5 92 39 1 88 21 70 42 64 28 79 77 97 40 78 44 48 13 73 20 18 76 38 85 51 99 89 58 32 60 34 23 26 91 95 86 71 63 54 56 47 30 74 7 72 29 9 81 80 75 4 83 33 2 67 52 59 19 50 55 10 94 61 24
64 48 81 68 43 0 62 86 69 21 6 37 39 28 96 5 53 1 60 22 80 55 61 65 83 46 35 91 79 15 30 74 4 95 12 75 7 41 2 16 99 93 85 84 27 89 42 97 14 26 8 3 71 13 32 31 10 23 29 82 92 72 33 66 70 20 38 9 87 76 52 19 63 59 94 25 24 78 90 17 34 49 40 50 11 98 18 57 77 51 100 47 45 44 54 36 56 73 58 67
48 4 78 46 6 13 37 83 90 97 81 43 55 2 56 91 28 18 14 93 44 99 32 50 29 15 40 96 31 73 77 51 100 80 84 36 88 82 85 22 9 25 26 24 62 47 63 70 75 7 60 98 34 19 21 49 67 23 41 59 17 3 61 69 95 0 30 38 35 87 8 58 12 42 10 11 76 86 20 45 53 74 39 16 5 27 1 33 52 94 79 57 66 72 68 65 64 71 54 92
66 88 89 72 10 7 34 47 22 95 65 41 93 68 43 64 33 44 4 45 50 32 97 18 61 31 15 8 0 91 57 13 26 56 38 59 53 80 99 81 27 35 25 85 9 63 16 49 2 98 62 78 77 87 52 3 76 42 14 36 37 51 58 12 48 79 20 11 70 40 24 23 67 28 86 83 19 71 29 75 55 74 69 1 39 84 73 60 17 6 94 5 30 100 82 92 46 96 54 21
70 9 38 45 75 86 53 66 67 2 100 49 71 69 58 61 4 34 51 26 55 5 52 99 6 95 88 40 47 7 37 56 28 16 41 81 3 44 84 98 68 60 96 11 17 36 85 94 73 83 87 64 15 42 65 39 32 31 77 20 82 24 29 62 63 50 8 78 14 43 22 54 21 19 30 18 1 72 76 97 23 92 25 93 74 89 33 0 46 90 59 57 48 10 13 12 79 35 80 27
19 45 22 4 96 36 46 73 23 43 44 82 1 97 27 47 33 40 28 41 5 54 16 81 53 63 18 79 84 12 67 3 75 7 39 66 50 100 8 11 13 34 25 55 37 64 90 85 52 42 77 68 26 60 30 76 56 70 49 29 57 83 14 86 0 15 91 74 48 31 65 35 32 94 24 17 59 99 88 58 51 2 61 78 20 89 10 9 71 87 80 38 72 62 21 98 6 95 69 93
61 35 48 64 91 31 16 14 42 7 78 10 1 62 60 53 98 27 57 75 47 95 65 70 97 18 56 28 67 87 3 69 100 34 72 68 96 30 90 20 74 58 23 19 55 13 21 38 29 84 44 32 11 45 85 79 2 83 59 94 71 41 15 66 76 54 4 52 25 9 24 39 6 51 99 43 81 82 26 77 86 73 50 40 12 33 89 49 37 46 36 88 80 8 22 5 17 63 0 92
45 7 65 28 54 36 68 29 46 21 33 55 86 17 3 56 13 91 2 50 27 77 100 24 18 57 81 99 66 61 71 0 26 16 53 92 95 8 43 5 12 38 44 25 83 52 47 37 79 78 30 20 87 62 82 63 49 10 42 75 98 58 89 51 97 14 31 74 67 96 11 70 59 60 84 23 15 73 41 6 72 4 39 9 22 76 88 1 34 19 69 64 93 48 80 32 90 40 35 85
70 13 11 57 54 40 36 14 84 26 74 51 63 8 6 20 42 44 21 59 89 67 83 46 93 12 90 38 22 96 49 72 88 65 81 64 37 97 48 60 77 52 27 0 47 41 99 79 100 5 75 32 28 4 55 10 34 35 43 58 94 91 16 24 9 71 25 69 31 39 85 2 66 23 33 7 17 18 73 87 30 50 80 76 56 15 45 29 98 68 61 86 3 82 19 62 53 78 1 92
95 30 61 66 43 7 80 33 54 41 64 49 89 63 46 20 36 85 9 39 13 42 83 81 62 25 56 2 99 59 23 90 65 44 55 6 60 0 51 37 22 91 5 72 69 28 77 79 4 82 18 32 26 10 84 88 47 12 71 24 15 78 8 92 21 68 17 45 48 58 74 40 19 70 76 53 50 3 57 67 100 16 31 29 86 27 98 97 52 87 34 73 35 14 38 94 11 75 93 1
64 9 51 48 5 89 2 77 69 13 17 60 67 18 34 74 80 90 39 20 28 27 4 35 66 70 92 40 36 41 43 95 30 21 65 54 52 7 57 86 78 46 58 0 8 75 47 29 15 50 88 16 44 22 55 62 24 49 1 12 14 100 23 31 71 45 76 73 56 93 91 53 32 59 68 38 87 33 26 63 72 94 99 6 37 61 79 81 11 83 10 96 19 42 3 98 82 85 84 25
41 25 46 58 42 85 11 51 32 27 15 53 43 92 34 77 82 56 66 30 79 45 93 35 83 36 5 23 8 97 20 89 57 62 81 96 88 9 31 64 6 78 65 29 4 80 94 67 39 49 76 38 91 99 3 22 47 16 0 73 2 33 1 86 7 37 40 68 44 28 90 26 10 74 12 71 60 61 48 63 69 75 24 59 14 13 54 72 50 95 87 21 19 17 100 52 70 84 18 55
42 35 58 14 9 33 41 98 47 90 62 88 96 49 71 34 50 69 4 80 84 6 76 81 93 24 39 0 83 23 64 82 61 31 17 95 11 51 97 70 57 74 26 28 10 53 87 29 75 44 72 91 8 3 22 32 7 45 30 25 27 15 21 94 56 89 2 1 100 67 20 77 12 52 60 68 37 78 85 48 92 66 79 73 36 13 19 40 55 16 86 59 5 18 54 38 65 63 46 43
43 91 76 35 10 51 96 34 68 26 82 20 64 45 61 53 87 8 98 37 59 36 9 55 74 31 54 63 52 49 84 66 95 77 81 72 27 6 38 50 21 73 90 47 7 89 65 48 67 99 17 44 83 33 14 19 2 60 80 12 32 30 41 62 75 39 3 78 22 86 92 69 85 13 93 5 29 56 25 46 71 23 42 58 79 4 1 97 18 15 0 24 57 40 11 94 28 16 88 70
