4 7 10 11 15 9 14 3 5 6 13 8 12 1 2 16 
0 16 7 2 8 6 4 5 11 9 14 3 15 13 10 12 
7 8 14 12 13 5 16 10 15 4 11 6 0 1 9 3 
16 12 5 9 2 7 0 1 4 14 15 6 11 8 10 13 
3 7 0 11 8 6 15 14 2 1 10 5 13 12 9 16 
9 2 10 1 7 8 13 0 6 3 4 11 12 15 16 14 
0 7 8 11 10 3 5 13 16 2 1 9 4 14 12 15 
4 11 3 6 8 9 14 1 13 10 5 12 0 16 2 15 
7 6 9 3 10 5 2 4 13 16 15 1 11 0 12 14 
10 12 0 5 2 16 1 14 15 4 6 11 3 8 13 7 
16 5 15 2 7 11 6 4 12 0 9 1 3 13 14 8 
1 10 13 8 14 9 2 12 5 4 6 3 15 0 7 16 
3 15 9 14 13 10 2 5 0 4 1 16 6 8 11 7 
6 4 11 0 16 7 5 8 1 12 2 10 3 9 14 15 
4 3 5 6 12 9 15 2 11 10 16 7 8 1 0 13 
16 0 1 11 5 7 3 13 10 4 8 6 9 14 12 2 
6 5 3 11 10 14 8 2 7 1 13 0 4 12 9 15 
