11 8 1 4 6 2 9 13 16 5 7 10 12 3 14 15 
9 0 15 12 11 10 3 2 16 13 7 4 5 6 14 8 
4 5 12 7 13 10 11 8 1 0 3 16 9 6 15 14 
5 9 8 11 7 2 1 14 4 6 13 0 15 12 16 10 
16 14 11 6 12 13 3 5 2 1 10 9 0 8 15 7 
1 11 7 10 16 8 15 2 0 3 12 6 9 4 13 14 
7 2 12 14 1 9 10 8 0 16 11 5 15 4 3 13 
14 16 10 13 6 2 9 5 11 3 0 12 15 8 1 4 
1 16 12 4 6 3 9 10 15 13 7 11 5 14 2 0 
10 4 0 13 5 3 15 14 11 1 8 2 6 7 12 16 
1 7 3 6 13 12 15 2 16 0 5 11 14 9 4 8 
12 10 5 4 6 1 15 2 13 8 14 3 0 7 9 16 
6 4 11 15 0 8 10 7 14 9 3 16 13 1 2 5 
7 11 9 12 10 14 2 15 1 5 6 8 4 0 3 16 
0 2 3 8 4 6 16 7 11 5 9 15 12 13 1 10 
3 10 7 5 8 13 12 14 0 9 1 16 4 2 6 11 
6 11 13 0 5 12 1 14 7 10 2 15 8 9 3 4 
