9 7 14 13 6 11 2 4 8 1 3 16 12 5 15 10 
15 7 13 12 14 16 2 11 8 3 0 5 10 4 9 6 
3 12 7 9 10 4 0 5 15 6 16 13 11 8 1 14 
11 7 2 15 6 10 16 13 5 0 1 9 8 4 12 14 
1 3 7 15 9 5 2 6 11 16 8 12 10 14 0 13 
4 15 1 9 2 11 3 16 12 6 13 0 7 10 8 14 
1 2 9 3 8 7 5 10 0 12 16 4 13 15 14 11 
9 8 13 3 1 0 12 11 4 5 2 15 6 14 16 10 
0 7 6 4 3 12 5 2 11 9 13 16 15 10 1 14 
1 12 10 2 6 14 11 5 15 3 13 0 4 16 8 7 
7 3 6 11 4 15 14 5 2 16 0 1 12 9 8 13 
8 0 2 15 1 6 13 10 9 14 12 3 4 16 7 5 
16 5 9 15 3 14 0 7 4 13 11 1 2 6 8 10 
2 0 7 6 5 3 16 14 1 4 9 8 12 10 11 15 
4 13 3 16 7 9 2 10 6 5 12 1 8 11 0 15 
13 2 5 8 6 9 14 0 12 1 7 16 11 4 3 10 
15 3 6 8 11 9 10 0 12 2 4 14 1 5 7 13 
