10 3 13 15 6 12 1 9 8 16 5 7 2 11 14 4 
0 4 5 9 11 15 3 6 8 2 10 14 7 13 16 12 
15 1 8 11 7 13 16 12 4 0 6 9 10 14 3 5 
10 14 8 2 12 5 0 16 1 11 9 4 6 15 13 7 
9 13 3 10 0 16 2 7 5 8 14 11 15 12 6 1 
13 16 11 14 4 9 6 10 3 8 15 7 12 1 0 2 
8 15 10 14 7 5 16 3 11 2 9 1 12 4 0 13 
15 1 3 0 2 8 5 16 13 12 14 10 6 11 4 9 
1 11 2 15 4 5 9 0 13 10 14 16 12 6 3 7 
2 11 14 1 6 0 12 4 7 13 15 16 10 5 8 3 
12 6 3 0 4 9 16 7 13 14 2 15 11 5 8 1 
5 0 10 9 8 12 16 2 4 13 7 3 6 15 1 14 
0 6 3 16 8 1 11 2 13 4 15 7 9 14 5 10 
7 5 0 3 8 2 11 4 15 10 9 12 16 14 1 6 
5 2 16 13 1 15 11 8 9 12 7 10 3 6 0 4 
13 7 4 9 12 3 6 0 2 8 16 1 5 10 11 14 
4 10 9 5 6 3 12 0 11 8 2 1 13 15 7 14 
