15 3 12 7 4 11 14 1 5 9 16 8 2 6 13 10 
0 2 14 9 3 11 5 12 10 6 4 13 16 8 7 15 
9 5 16 6 10 7 14 8 12 11 3 4 1 15 13 0 
14 0 15 2 13 12 16 4 7 5 11 1 6 9 10 8 
10 2 9 16 1 8 13 6 3 11 5 0 12 7 14 15 
6 3 10 13 16 4 15 1 2 0 11 12 14 7 8 9 
8 0 14 1 15 4 16 3 10 11 13 5 12 7 9 2 
14 2 0 11 1 12 10 13 16 8 6 9 4 5 15 3 
12 6 16 5 10 1 15 7 0 9 14 2 4 13 11 3 
0 16 1 15 5 4 3 11 13 8 12 14 2 10 7 6 
0 11 4 1 12 2 9 7 15 5 14 3 13 8 6 16 
9 5 16 6 13 10 12 3 0 14 8 2 15 4 7 1 
0 15 4 3 7 13 6 5 10 8 16 9 2 11 1 14 
9 0 2 14 4 6 3 15 8 10 1 7 16 5 12 11 
16 12 7 5 4 3 10 1 11 0 2 15 13 6 9 8 
10 3 12 11 7 9 6 16 4 0 14 2 5 8 13 1 
1 6 13 3 14 10 9 8 5 7 2 12 15 11 4 0 
