9 4 6 10 7 5 16 3 12 13 2 14 11 8 15 1 
6 16 4 9 13 3 14 7 11 10 8 0 5 12 15 2 
4 8 5 3 9 11 14 1 0 7 10 12 16 13 6 15 
11 2 6 5 15 7 4 12 16 14 0 10 1 8 9 13 
2 9 3 11 12 5 14 16 0 8 15 6 13 1 10 7 
12 4 7 0 9 15 3 14 13 11 10 6 16 8 2 1 
16 5 15 4 1 0 12 11 7 9 14 13 8 10 2 3 
0 2 4 9 10 13 11 5 1 15 16 3 8 12 6 14 
13 15 11 6 2 4 14 1 12 10 16 9 5 3 7 0 
12 11 4 16 5 10 1 6 13 7 15 2 8 0 3 14 
0 16 2 6 13 3 12 1 14 4 11 15 8 5 7 9 
3 4 13 0 6 12 5 9 15 10 14 1 16 7 8 2 
2 4 0 13 5 8 6 14 9 15 3 10 7 1 16 11 
1 7 4 6 0 11 16 3 2 5 10 14 12 8 9 15 
6 9 7 11 12 13 16 8 10 3 2 4 1 0 5 15 
2 3 6 12 10 13 8 4 14 7 16 11 0 9 5 1 
10 7 2 15 3 6 12 1 4 11 8 5 9 14 13 0 
