12 9 13 16 3 6 1 8 7 4 14 5 10 11 15 2 
9 12 16 0 13 8 10 11 15 5 3 7 14 6 4 2 
16 5 1 8 15 7 13 6 9 4 14 10 3 12 11 0 
7 12 14 5 4 16 10 2 1 13 15 9 8 11 6 0 
0 8 10 12 11 6 1 5 15 9 7 13 2 14 3 16 
16 6 2 8 4 13 11 3 12 10 1 14 0 9 15 7 
1 10 5 9 13 11 2 8 4 12 16 3 14 7 15 0 
5 15 4 1 2 8 13 3 11 0 16 6 12 9 10 14 
3 6 11 4 9 13 2 7 1 10 5 12 0 16 15 14 
10 5 0 11 16 3 2 15 12 13 14 1 8 7 4 6 
15 6 16 3 13 9 12 5 4 2 7 14 0 8 1 11 
8 9 2 1 15 14 7 16 4 5 12 13 3 0 6 10 
0 1 15 11 16 4 6 9 2 8 10 3 5 14 7 13 
9 3 14 4 2 0 5 6 12 8 16 7 10 11 1 15 
6 12 2 15 13 1 4 9 0 11 5 8 10 7 16 3 
14 5 13 3 16 11 0 2 7 4 9 12 1 8 10 6 
1 3 10 11 15 14 8 4 2 9 6 0 13 7 5 12 
