12 13 8 5 15 1 11 7 10 16 6 14 3 4 2 9 
10 14 6 7 12 5 11 4 16 2 0 13 15 9 3 8 
4 6 13 0 12 7 3 16 15 1 8 10 9 11 5 14 
7 5 0 2 14 4 8 15 9 6 11 13 10 12 16 1 
12 7 8 13 15 5 11 1 9 0 10 16 2 6 14 3 
4 1 15 13 11 14 8 10 6 12 3 7 0 9 2 16 
0 11 9 1 5 2 16 4 10 15 14 12 3 13 8 7 
4 0 2 15 6 8 3 16 10 12 11 5 13 9 1 14 
13 11 1 14 9 3 12 15 10 4 16 7 5 6 0 2 
11 4 6 10 13 3 1 14 15 0 8 5 7 16 12 2 
6 11 5 2 4 7 13 9 12 1 16 3 8 14 0 15 
10 4 14 0 9 8 6 2 5 13 12 3 1 15 7 16 
6 1 15 2 4 5 0 16 8 3 11 13 9 7 14 10 
14 0 3 16 12 10 2 4 5 9 6 15 1 8 11 7 
16 4 10 8 12 1 7 11 6 3 5 0 9 13 15 2 
8 2 13 3 16 14 12 9 11 6 7 0 4 1 10 5 
8 10 9 0 5 13 2 11 1 3 6 15 14 12 4 7 
