11 12 14 1 8 9 13 5 10 16 15 7 2 4 6 3 
12 8 4 11 6 9 13 14 15 7 3 5 2 16 10 0 
9 0 11 15 14 13 3 8 16 10 7 1 12 5 4 6 
5 14 16 6 7 10 0 13 1 15 4 9 12 2 11 8 
0 6 8 3 7 16 2 15 13 12 1 9 14 11 10 5 
11 4 7 14 15 3 13 12 9 6 1 0 16 2 8 10 
13 10 11 2 7 9 3 14 16 8 5 0 1 15 4 12 
6 1 16 12 14 0 15 2 9 11 3 5 4 8 13 10 
9 15 13 4 3 10 0 12 6 1 5 11 16 7 14 2 
4 1 7 16 11 6 0 13 2 10 5 12 8 15 3 14 
12 0 9 1 7 8 2 14 6 5 13 15 4 11 16 3 
14 8 13 16 9 1 2 3 4 6 0 7 10 5 12 15 
13 7 6 8 11 4 15 2 5 14 10 9 1 0 3 16 
5 8 11 16 15 12 0 7 2 6 1 14 10 9 3 4 
16 9 8 4 5 3 12 2 7 11 0 13 10 1 6 15 
0 14 4 10 6 11 3 8 13 2 1 5 16 9 7 12 
7 3 1 11 6 9 10 14 4 5 0 2 8 12 13 15 
