3 8 14 11 10 2 16 12 5 13 4 6 7 1 9 15 
4 3 8 2 15 12 11 0 13 10 16 9 5 7 6 14 
6 10 8 0 7 13 9 3 4 16 15 14 11 12 1 5 
7 16 5 10 15 6 1 8 12 4 9 2 14 11 13 0 
8 3 12 5 16 0 2 15 7 9 14 1 13 11 6 10 
7 0 12 8 10 11 4 15 6 16 1 9 13 3 14 2 
3 4 11 9 16 0 2 1 12 14 8 10 13 15 5 7 
11 6 2 9 1 10 12 13 16 8 4 14 5 15 0 3 
7 10 2 11 13 14 1 15 4 9 0 5 6 12 16 3 
12 14 7 2 16 13 11 1 3 4 10 15 0 8 5 6 
14 6 13 9 11 0 2 15 1 3 4 12 7 5 16 8 
8 13 2 7 9 5 3 16 15 10 12 14 6 4 1 0 
3 7 1 0 14 16 6 15 4 13 10 8 11 2 5 9 
8 16 11 12 1 4 2 5 3 15 6 7 0 9 10 14 
7 6 4 11 9 15 5 12 1 10 2 8 0 13 3 16 
16 4 7 11 10 3 1 8 13 5 2 14 0 9 12 6 
4 0 7 12 6 3 10 2 9 15 13 8 5 11 14 1 
