5 13 10 7 3 15 8 1 2 6 4 16 11 12 9 14 
16 4 13 6 9 14 12 5 3 2 7 10 8 0 15 11 
12 9 8 15 7 6 13 10 1 5 4 16 11 0 3 14 
8 14 0 15 6 2 13 9 1 5 7 10 16 11 12 4 
0 6 11 14 1 9 15 8 16 12 2 13 10 7 5 3 
14 11 0 8 3 1 15 2 10 9 7 12 16 4 13 6 
9 10 3 16 15 11 8 1 12 4 2 13 7 5 0 14 
15 5 11 10 2 12 1 13 3 9 8 6 16 0 14 4 
4 16 13 10 7 2 3 6 11 5 9 14 1 12 15 0 
3 8 10 6 5 14 2 4 12 13 1 16 0 7 11 15 
8 4 2 1 13 6 16 3 12 14 5 7 15 0 11 9 
6 12 16 9 13 10 7 4 3 2 0 1 8 5 15 14 
5 3 0 7 16 4 13 10 14 8 11 9 1 6 2 15 
14 11 9 12 15 16 1 8 4 2 6 10 7 5 0 3 
12 13 7 5 0 4 16 3 1 15 9 11 8 6 2 10 
5 4 12 8 2 6 13 10 11 1 7 3 16 14 0 9 
12 10 15 7 13 5 11 4 0 2 1 9 3 14 8 6 
