4 2 1 13 3 9 14 6 15 16 12 7 11 10 5 8 
12 0 8 3 10 2 4 5 11 9 7 6 13 15 14 16 
12 10 15 6 5 13 16 7 8 9 4 3 11 0 1 14 
4 6 8 5 12 16 11 10 7 9 15 1 2 14 13 0 
1 0 7 3 9 6 10 13 12 14 11 5 16 8 2 15 
0 6 2 12 11 7 16 3 10 13 14 9 15 8 4 1 
0 1 5 10 14 11 3 7 9 2 12 4 8 13 15 16 
5 9 10 1 13 12 3 2 6 11 16 0 4 15 14 8 
16 7 12 11 13 15 10 9 14 2 5 4 6 1 0 3 
15 8 5 1 2 10 14 16 4 6 12 7 3 11 13 0 
8 12 3 5 13 2 14 1 11 7 15 16 0 9 6 4 
9 5 6 10 14 4 15 2 12 16 13 8 7 3 1 0 
5 1 7 0 13 4 16 3 11 15 8 6 9 2 14 10 
7 4 3 16 0 5 2 15 12 10 9 6 8 11 14 1 
2 11 0 8 10 13 1 3 6 16 12 5 9 15 7 4 
6 2 3 14 1 16 0 12 13 4 8 7 10 11 5 9 
10 3 11 1 14 0 8 2 12 13 7 9 4 5 6 15 
