16 5 15 10 7 13 14 2 1 12 4 9 8 6 3 11 
9 5 7 15 16 11 0 13 14 6 4 3 2 12 10 8 
10 7 0 6 5 12 1 14 13 11 9 8 15 4 16 3 
6 15 9 14 11 16 7 5 13 4 1 10 8 0 2 12 
10 8 13 7 2 16 1 6 5 9 3 0 15 14 11 12 
2 1 16 6 4 15 8 7 3 11 12 10 9 14 0 13 
12 9 15 8 13 5 16 1 0 7 11 3 14 10 4 2 
5 6 0 14 9 2 4 11 10 15 8 1 13 12 3 16 
13 5 4 12 1 11 6 10 7 9 16 3 0 14 2 15 
13 14 10 3 7 15 12 6 8 16 0 2 1 4 11 5 
0 1 3 8 2 4 5 9 11 15 13 6 12 7 14 16 
15 4 16 0 13 9 6 8 3 10 14 5 2 7 1 12 
16 8 11 14 5 10 0 9 3 1 15 2 13 6 4 7 
12 0 6 5 3 9 7 1 11 10 15 2 16 14 4 8 
12 16 9 10 8 6 4 3 11 7 5 2 15 1 0 13 
6 10 16 9 11 12 4 0 7 8 14 1 3 5 13 2 
3 15 5 8 2 13 6 12 9 11 1 14 10 7 0 4 
