2 6 1 14 13 15 9 3 16 7 4 12 10 5 8 11 
6 14 12 11 8 10 2 4 7 9 5 16 3 15 0 13 
5 10 15 1 13 7 3 16 4 8 14 9 6 12 0 11 
11 5 8 6 12 4 16 10 1 9 7 15 2 14 13 0 
7 10 12 0 11 15 9 16 13 5 6 14 2 8 3 1 
12 6 2 9 11 7 16 3 14 10 0 13 8 1 4 15 
5 10 15 1 11 14 7 3 9 2 12 4 16 8 13 0 
5 9 1 10 3 12 2 13 11 0 6 16 8 4 14 15 
11 12 4 5 9 13 2 15 7 10 3 16 6 0 14 1 
5 11 3 6 12 16 2 10 15 8 13 4 0 7 14 1 
3 15 5 12 0 2 1 14 8 16 7 11 4 13 9 6 
10 9 6 5 4 14 2 15 13 8 16 3 12 0 1 7 
7 10 0 5 4 13 11 16 15 3 8 6 9 2 1 14 
14 4 3 16 8 0 15 2 6 7 9 12 1 10 11 5 
8 16 0 12 13 10 1 4 5 2 11 6 9 7 3 15 
3 9 14 6 1 0 11 16 7 8 13 12 10 4 2 5 
3 8 11 1 14 9 15 2 10 7 6 0 13 4 5 12 
