15 3 7 14 11 1 10 8 12 6 9 4 2 16 13 5 
9 5 13 7 14 8 16 12 15 3 0 6 4 2 11 10 
15 0 16 12 8 6 11 5 14 9 7 10 1 13 3 4 
7 16 2 6 14 4 9 8 11 13 15 10 0 12 5 1 
5 1 13 6 7 8 10 16 15 9 11 14 12 2 3 0 
7 4 11 0 9 12 14 1 6 10 3 16 13 8 15 2 
12 8 7 15 9 0 4 16 10 13 1 2 11 14 5 3 
2 5 8 4 15 0 10 12 6 9 11 1 13 14 16 3 
10 5 12 14 15 6 4 7 2 1 0 11 9 13 3 16 
7 6 14 1 12 3 5 4 10 0 16 2 15 11 13 8 
8 9 13 1 16 11 0 14 2 12 3 7 6 15 4 5 
9 5 15 2 1 14 13 0 6 10 3 8 4 12 16 7 
4 6 14 13 7 11 10 2 9 15 16 3 1 8 0 5 
8 3 7 0 4 16 11 1 14 6 15 2 10 12 9 5 
5 16 15 1 8 4 2 3 10 9 0 6 13 7 11 12 
6 12 3 11 7 9 1 2 8 16 14 5 10 4 13 0 
13 6 2 12 3 11 9 8 1 10 15 4 5 0 14 7 
