4 15 2 1 6 3 9 14 13 7 16 12 10 5 8 11 
8 0 3 12 5 2 10 4 11 9 6 7 14 16 15 13 
15 10 14 1 7 13 16 3 4 9 5 8 12 0 6 11 
6 8 5 11 16 4 10 12 7 9 15 1 14 2 13 0 
3 0 11 7 9 10 15 1 13 6 5 14 2 8 12 16 
2 9 6 12 7 11 3 16 14 10 13 0 4 15 8 1 
1 5 10 0 14 7 3 11 12 9 4 2 8 16 15 13 
1 9 10 5 13 2 12 3 6 11 16 0 14 15 4 8 
7 11 16 12 10 15 13 9 2 4 14 5 3 0 6 1 
1 15 8 5 16 14 10 2 11 12 4 6 7 3 13 0 
8 15 12 3 2 13 14 1 16 5 11 7 0 4 9 6 
9 6 10 5 4 14 2 15 16 12 8 13 0 3 7 1 
5 0 1 7 4 13 3 16 11 15 6 8 2 9 10 14 
14 10 4 3 5 0 15 2 7 12 6 9 16 1 11 8 
2 11 0 8 10 13 1 4 12 5 16 6 3 7 9 15 
2 6 14 3 1 11 0 16 8 13 7 12 5 10 9 4 
1 9 11 3 10 8 2 15 12 7 0 13 6 5 14 4 
