1 2 12 3 6 11 10 5 14 13 15 8 16 7 9 4 
7 8 5 14 16 4 11 13 12 2 10 9 0 6 3 15 
1 6 15 8 12 4 7 0 9 11 3 16 14 10 13 5 
1 16 4 8 5 9 14 10 12 6 11 0 7 13 15 2 
12 0 8 10 2 15 1 14 5 7 16 3 11 6 9 13 
14 8 4 3 7 11 15 12 6 9 13 0 2 10 16 1 
16 7 2 10 13 15 9 5 11 8 4 12 3 0 1 14 
11 6 14 1 3 10 4 13 12 16 15 5 9 0 2 8 
4 9 1 16 11 15 10 0 6 7 3 5 14 13 2 12 
6 7 2 8 3 4 0 13 1 15 11 10 5 12 14 16 
12 9 14 1 6 5 2 4 15 8 16 3 7 11 0 13 
5 13 1 7 10 12 3 8 9 4 2 15 14 6 0 16 
3 11 14 9 0 5 4 15 10 7 6 1 8 2 13 16 
3 5 11 2 8 9 1 12 0 6 16 15 10 4 7 14 
5 12 8 9 4 11 2 15 1 13 3 7 0 6 10 16 
4 2 3 10 6 16 12 13 0 9 14 7 8 5 1 11 
3 7 15 9 5 1 0 4 8 12 13 10 11 6 2 14 
