7 5 13 10 1 8 3 15 6 16 2 4 9 14 11 12 
13 4 16 6 14 9 5 12 7 2 3 10 0 8 15 11 
12 9 8 15 6 13 7 10 5 1 4 16 3 0 11 14 
8 0 15 14 9 6 13 2 7 1 10 5 4 16 12 11 
6 0 14 11 1 15 9 8 12 2 13 16 3 10 7 5 
11 0 8 14 3 1 15 2 7 12 9 10 6 13 4 16 
10 9 3 16 15 1 8 11 2 13 4 12 14 7 0 5 
11 15 5 10 12 13 2 1 8 9 3 6 14 0 16 4 
13 16 4 10 3 6 2 7 11 9 5 14 0 12 1 15 
10 3 6 8 2 14 4 5 13 12 1 16 7 0 11 15 
2 8 4 1 13 6 16 3 12 14 5 7 15 11 9 0 
6 16 9 12 7 13 10 4 3 1 0 2 15 8 14 5 
5 0 3 7 4 16 13 10 9 8 11 14 1 6 2 15 
14 11 9 12 16 8 15 1 2 10 4 6 7 5 0 3 
12 7 5 13 4 0 16 3 15 9 1 11 2 8 10 6 
8 12 5 4 10 2 6 13 7 1 16 3 9 0 14 11 
10 12 7 15 5 4 13 11 9 1 2 0 14 8 6 3 
