8 5 12 1 10 4 3 16 14 11 15 2 6 7 13 9 
8 13 2 10 5 6 11 0 15 7 12 14 9 4 16 3 
16 0 1 14 4 3 13 12 9 15 5 6 10 11 8 7 
2 7 14 4 0 10 8 15 6 13 16 11 5 9 12 1 
7 3 0 12 1 11 2 15 13 8 6 16 10 9 5 14 
12 2 3 16 14 15 4 7 0 6 10 1 11 13 8 9 
5 13 1 3 11 9 15 16 8 10 4 7 12 2 0 14 
9 14 10 13 12 4 1 6 11 16 0 8 3 5 15 2 
11 15 12 4 16 9 2 10 5 7 0 13 6 3 1 14 
14 3 8 0 16 15 1 7 13 6 4 2 12 10 5 11 
6 3 0 7 16 5 2 15 14 9 11 12 1 4 8 13 
10 2 1 7 14 8 16 6 5 9 3 0 15 12 4 13 
11 10 5 14 7 16 13 1 8 3 6 15 0 9 4 2 
10 6 2 15 1 9 4 0 12 7 16 3 8 5 11 14 
15 13 3 11 16 10 0 12 2 5 1 4 9 7 8 6 
11 4 0 13 10 3 14 1 8 2 9 12 7 6 5 16 
6 12 10 4 1 2 7 8 3 14 11 9 15 5 13 0 
