6 12 13 16 9 3 15 1 7 14 4 5 2 8 11 10 
9 8 0 12 11 16 13 10 7 15 5 3 14 4 2 6 
1 5 8 16 15 6 13 7 4 14 10 9 0 12 11 3 
7 5 1 14 12 4 10 16 6 9 15 13 0 11 8 2 
12 8 10 0 11 6 5 1 15 7 9 13 2 14 3 16 
6 16 8 9 3 4 11 13 12 10 1 14 7 0 15 2 
9 5 10 1 8 13 2 11 12 4 3 16 15 7 14 0 
10 8 5 1 12 13 2 3 11 16 0 6 4 14 9 15 
4 3 12 11 2 7 13 9 1 10 5 6 16 15 14 0 
10 5 11 0 3 16 15 2 12 13 14 1 8 6 4 7 
3 15 6 12 5 0 13 9 7 16 11 2 4 8 1 14 
8 9 1 2 14 15 4 7 12 16 13 5 3 10 0 6 
15 1 11 0 4 9 16 6 2 10 3 8 14 13 5 7 
4 9 14 3 2 0 5 6 7 16 12 8 15 11 10 1 
12 0 15 2 1 4 9 13 5 8 11 6 10 7 16 3 
5 3 13 14 0 2 11 16 4 9 12 7 6 1 8 10 
11 1 3 10 14 8 15 2 9 7 0 6 5 13 12 4 
