1 13 4 2 3 6 9 14 15 12 16 7 10 11 5 8 
12 8 3 0 5 10 2 4 7 9 11 6 14 16 13 15 
10 15 14 1 7 13 16 3 8 4 9 5 0 6 11 12 
4 5 6 8 16 10 12 11 7 15 1 9 2 14 0 13 
7 11 0 3 9 1 10 15 6 13 14 5 8 12 2 16 
12 9 6 2 7 11 16 3 10 13 0 14 1 15 8 4 
1 5 0 10 3 11 14 7 4 2 12 9 15 13 16 8 
9 10 1 5 3 12 13 2 11 6 0 16 4 14 8 15 
7 12 11 16 15 9 10 13 14 5 4 2 0 1 3 6 
1 8 15 5 16 14 2 10 11 4 12 6 7 3 0 13 
15 3 8 12 13 2 14 1 7 16 11 5 4 0 6 9 
6 9 10 5 14 4 15 2 12 8 13 16 3 1 0 7 
7 0 5 1 13 4 3 16 6 15 8 11 9 2 10 14 
10 3 4 14 0 5 2 15 6 12 7 9 8 16 11 1 
2 11 0 8 1 4 10 13 5 16 12 6 7 3 9 15 
3 2 14 6 1 0 16 11 13 7 12 8 4 10 5 9 
1 9 3 11 10 8 2 14 12 7 0 13 5 6 15 4 
