16 13 1 15 12 10 7 8 14 6 9 11 4 3 5 2 
10 5 12 15 11 14 4 2 16 9 6 7 3 8 0 13 
12 7 1 16 5 3 4 0 9 13 11 14 6 15 8 10 
5 8 2 15 14 4 13 0 1 11 10 12 16 9 6 7 
5 13 15 11 2 8 10 7 12 1 3 6 0 9 16 14 
0 11 9 10 4 3 2 8 13 12 7 15 6 16 1 14 
2 8 7 4 12 9 15 13 11 5 3 16 0 10 1 14 
8 15 6 5 3 10 13 0 2 4 1 14 16 9 12 11 
12 5 13 9 10 4 7 0 14 6 16 11 1 3 15 2 
2 8 1 3 7 16 0 4 14 15 6 11 12 10 13 5 
15 13 9 12 11 7 8 16 4 5 2 6 3 0 14 1 
13 15 14 1 2 5 8 3 4 6 9 16 7 0 12 10 
13 2 6 14 11 1 16 0 5 8 3 4 15 9 10 7 
3 8 14 15 10 9 4 0 11 2 6 5 16 12 1 7 
9 3 2 6 11 5 1 13 0 16 10 8 15 7 12 4 
9 14 13 6 3 11 5 2 7 4 8 0 10 12 16 1 
12 10 13 14 7 0 15 9 4 8 5 2 1 6 11 3 
