12 13 15 5 1 7 11 8 16 10 6 14 9 4 3 2 
7 14 6 10 11 12 4 5 16 2 13 0 9 15 8 3 
12 13 4 16 3 6 0 7 15 10 8 1 5 9 11 14 
5 2 0 7 14 15 4 8 13 9 11 6 16 10 12 1 
7 13 12 8 11 10 1 5 15 0 16 9 2 14 3 6 
15 1 13 4 8 11 14 10 3 12 7 6 2 9 0 16 
0 11 1 9 2 5 16 4 12 14 15 10 7 13 8 3 
12 0 2 15 6 8 16 3 11 4 1 5 9 10 14 13 
0 11 14 1 3 12 9 15 10 4 16 7 13 2 5 6 
10 11 6 7 12 13 14 1 8 5 0 15 4 2 3 16 
16 12 6 11 9 13 5 4 2 7 14 1 3 0 15 8 
4 0 14 10 2 7 8 6 12 5 3 16 15 13 9 1 
6 1 2 15 4 7 8 16 11 3 13 0 10 9 5 14 
0 14 16 3 2 4 10 12 5 9 15 6 7 11 1 8 
11 8 13 15 7 9 1 10 5 3 6 0 4 12 16 2 
2 3 13 8 12 9 1 14 4 0 6 11 7 16 5 10 
8 6 1 0 5 2 11 13 10 9 3 15 7 4 12 14 
