10 12 16 13 11 1 9 8 4 5 7 14 3 6 2 15 
16 12 9 0 8 13 10 7 3 14 11 15 4 5 6 2 
1 5 12 8 13 15 6 7 3 10 14 4 11 9 0 16 
7 14 12 11 2 4 10 16 15 1 9 13 6 8 0 5 
15 12 8 16 6 11 5 1 7 9 0 13 3 14 2 10 
6 8 2 16 3 4 14 11 1 12 10 13 15 0 9 7 
9 10 5 1 11 2 13 8 12 4 16 3 15 0 14 7 
5 15 1 16 14 3 2 13 12 4 6 0 9 11 8 10 
11 12 6 1 9 7 15 2 10 4 13 0 14 5 16 3 
13 7 11 10 5 15 16 3 12 0 2 14 6 8 1 4 
13 16 15 2 9 5 12 3 6 4 1 7 11 14 8 0 
12 8 2 9 0 14 7 16 4 13 1 5 6 15 10 3 
3 15 1 0 9 6 4 16 2 11 8 10 13 7 14 5 
3 4 14 9 8 2 5 6 0 7 12 16 10 11 1 15 
6 7 2 15 9 1 10 13 8 0 11 5 4 12 16 3 
13 14 3 5 16 2 11 0 7 4 12 9 8 1 6 10 
9 10 1 11 8 0 14 4 3 6 15 2 13 12 7 5 
