13 5 8 12 7 15 11 1 14 6 10 16 4 2 9 3 
6 10 7 14 11 4 5 12 16 2 0 13 9 8 15 3 
3 0 4 6 12 16 13 7 8 14 10 5 15 1 11 9 
2 0 7 5 15 11 16 14 9 8 6 13 4 10 12 1 
13 7 8 12 11 0 15 5 1 9 16 10 6 3 14 2 
13 15 1 4 11 8 10 14 3 6 0 12 7 2 16 9 
1 11 9 0 4 2 5 16 15 12 10 14 7 13 3 8 
0 4 15 2 8 6 16 3 12 11 5 10 9 13 1 14 
3 14 11 13 9 15 12 0 16 4 7 10 5 6 2 1 
14 10 4 6 11 13 1 3 5 15 0 8 2 16 12 7 
6 2 12 11 13 7 4 9 5 1 16 3 8 0 15 14 
0 15 12 10 9 1 8 2 13 5 3 14 16 7 4 6 
1 14 2 15 4 16 5 0 8 13 11 3 7 10 9 6 
14 0 16 3 10 12 2 4 6 5 9 15 8 11 1 7 
4 8 0 10 16 7 11 1 6 12 3 5 9 13 2 15 
3 2 13 8 9 16 12 14 6 7 0 11 10 5 4 1 
0 8 9 10 2 13 5 11 1 3 15 6 4 14 12 7 
