11 15 13 4 7 12 8 14 6 5 3 16 9 10 2 1 
3 7 0 13 11 6 14 9 16 5 15 12 2 10 4 8 
7 12 14 9 3 0 1 6 4 8 16 5 15 10 13 11 
8 13 2 7 11 16 12 0 10 5 6 1 4 15 9 14 
8 9 7 16 15 3 13 12 10 14 5 0 11 6 1 2 
4 6 2 0 11 13 12 9 8 10 14 16 3 7 1 15 
12 7 13 8 0 16 14 1 4 11 3 15 10 2 9 5 
2 16 11 13 3 9 14 1 12 8 5 4 6 10 0 15 
14 11 12 6 1 15 4 0 10 13 16 3 2 5 7 9 
10 4 12 0 8 3 11 2 5 15 14 13 1 7 16 6 
1 2 3 12 16 11 7 0 5 13 14 6 15 8 4 9 
6 5 3 7 13 4 16 14 9 10 1 8 0 12 15 2 
15 11 13 0 10 6 8 9 1 5 16 3 4 2 7 14 
0 9 3 8 10 4 7 15 2 16 6 12 5 11 1 14 
6 15 5 7 1 8 4 11 3 12 0 10 9 13 2 16 
11 9 16 1 0 14 12 2 6 8 13 5 4 3 7 10 
12 6 13 4 15 8 1 14 7 10 0 11 9 5 3 2 
