16 15 6 4 8 11 9 1 12 14 2 5 13 7 10 3 
7 5 8 2 9 11 4 12 10 16 14 13 3 0 6 15 
9 4 8 10 7 15 0 16 12 13 1 14 11 6 5 3 
7 5 9 12 0 10 14 4 13 8 11 6 1 16 2 15 
11 14 8 15 2 1 13 0 12 9 6 3 7 16 10 5 
3 9 13 0 8 16 4 11 12 6 2 15 10 7 1 14 
1 15 5 13 10 9 3 16 14 2 11 4 8 12 7 0 
16 0 14 6 8 10 4 3 15 1 12 5 11 9 2 13 
10 15 5 1 11 14 6 7 12 2 3 4 16 9 13 0 
3 1 14 15 13 6 10 8 5 11 7 0 4 12 16 2 
0 14 9 2 12 6 16 8 7 15 11 1 4 13 5 3 
5 9 4 6 8 15 3 14 7 16 13 12 2 1 0 10 
7 4 13 15 8 9 14 1 10 0 2 6 5 11 3 16 
14 5 16 9 12 11 15 10 1 8 0 4 6 2 3 7 
1 8 16 2 15 9 5 0 10 6 12 13 4 7 11 3 
10 12 0 11 1 4 16 3 6 14 7 9 13 5 8 2 
15 13 4 14 3 12 0 8 5 11 10 6 7 9 1 2 
