2 4 3 6 9 13 1 14 16 15 7 12 5 10 11 8 
3 8 0 12 5 4 10 15 11 7 9 6 14 13 16 2 
5 10 6 15 12 16 13 7 9 4 3 8 0 11 14 1 
2 8 4 6 11 10 12 5 15 1 9 7 14 16 0 13 
1 3 5 2 6 14 9 10 7 12 11 13 15 8 0 16 
6 0 2 1 7 11 16 3 9 13 14 10 15 12 4 8 
8 10 12 0 4 11 7 5 3 2 13 9 16 15 14 1 
5 1 10 9 13 2 3 12 16 6 11 0 14 4 15 8 
7 16 11 12 15 9 13 0 4 5 14 1 6 10 2 3 
5 15 8 1 7 16 10 14 6 12 4 2 3 11 13 0 
5 7 1 0 13 8 2 14 15 16 12 11 6 3 9 4 
6 10 9 0 14 4 2 15 13 12 8 16 5 1 3 7 
1 4 5 0 13 7 3 16 6 15 8 11 14 2 9 10 
6 0 3 16 5 7 2 15 12 11 10 9 8 4 1 14 
8 3 0 2 4 10 1 9 6 12 16 11 13 5 7 15 
2 5 3 8 1 0 4 16 13 12 7 14 11 10 6 9 
1 10 11 3 2 0 14 8 7 13 9 12 6 4 5 15 
