15 7 3 12 11 4 1 14 8 16 5 9 10 13 6 2 
0 14 15 2 5 11 3 12 4 6 10 13 9 16 7 8 
9 5 6 16 8 7 10 14 4 11 3 12 15 1 0 13 
14 0 2 15 11 4 12 13 5 1 16 7 6 10 8 9 
10 16 9 2 1 8 6 13 12 5 3 11 0 15 7 14 
3 10 13 6 4 1 16 15 0 2 12 11 7 9 14 8 
0 8 14 1 15 4 16 3 13 10 5 11 12 2 7 9 
0 2 14 11 10 13 1 12 5 8 16 6 3 15 9 4 
5 16 6 12 15 7 1 10 2 0 14 9 3 11 4 13 
15 0 1 14 4 5 11 3 12 8 13 16 7 10 2 6 
4 6 1 11 9 7 12 2 14 15 5 3 8 16 13 0 
9 6 5 16 13 12 10 3 0 14 8 2 1 4 7 15 
4 3 1 15 6 5 7 13 16 8 10 9 14 2 11 0 
0 2 9 14 4 3 15 6 7 8 10 1 5 11 16 12 
16 7 12 5 3 4 10 1 0 11 2 15 9 13 6 8 
3 11 5 12 7 6 9 16 14 0 4 2 8 1 10 13 
1 13 3 6 9 10 14 8 5 7 2 12 4 15 0 11 
