15 16 10 5 13 14 2 7 12 4 9 1 6 11 8 3 
7 5 9 15 11 16 0 13 6 3 4 14 10 8 12 2 
0 10 7 6 12 5 1 14 13 11 9 8 4 15 16 3 
14 9 6 15 7 5 16 11 4 1 13 10 12 2 8 0 
8 13 7 10 16 6 5 1 2 3 0 9 11 14 12 15 
6 16 2 1 4 8 7 15 10 3 12 11 9 14 13 0 
15 9 8 12 13 1 16 5 0 11 3 7 14 2 4 10 
5 6 0 14 11 9 2 4 10 8 1 15 12 13 3 16 
5 4 13 12 11 1 10 6 7 9 3 16 14 0 2 15 
3 10 13 14 15 12 7 6 8 2 0 16 5 4 1 11 
3 0 8 1 2 5 4 9 13 11 15 6 12 16 14 7 
16 15 4 0 8 13 6 9 5 10 3 14 12 1 2 7 
8 11 16 14 0 10 9 5 3 1 2 15 6 13 7 4 
5 6 0 12 7 3 1 9 11 10 2 15 4 14 16 8 
12 9 16 10 6 4 8 3 2 7 5 11 1 15 13 0 
6 10 16 9 11 12 0 4 8 7 14 1 2 3 5 13 
3 15 5 8 13 2 12 6 9 11 14 1 7 10 0 4 
