1 7 6 13 11 4 12 5 14 10 15 2 9 8 16 3 
2 5 9 11 6 16 0 13 3 10 8 15 4 7 12 14 
12 8 14 1 6 10 7 16 5 15 13 9 4 3 0 11 
16 9 14 1 8 0 12 4 10 11 2 15 13 7 5 6 
12 13 1 7 5 14 2 15 6 0 3 16 9 8 11 10 
11 16 15 0 3 6 1 4 14 2 8 10 12 13 9 7 
14 12 5 15 10 1 8 9 4 3 2 7 11 16 0 13 
9 2 3 1 15 11 13 0 16 6 8 10 4 5 12 14 
13 14 10 15 11 9 16 2 3 5 0 4 7 6 12 1 
13 14 11 5 8 15 3 16 1 10 2 12 6 0 7 4 
15 16 14 1 3 13 8 9 5 12 7 2 11 6 0 4 
4 8 0 3 9 15 10 13 16 6 14 1 2 7 5 12 
16 15 8 11 10 6 1 14 4 5 2 7 9 3 13 0 
3 14 15 2 1 6 4 11 0 7 5 12 8 10 16 9 
0 6 4 3 8 11 13 5 9 10 1 16 7 12 2 15 
11 4 0 13 3 16 8 6 14 7 5 12 9 10 2 1 
5 12 14 15 7 1 2 4 0 9 11 8 13 10 6 3 
