4 6 3 13 1 16 9 8 12 7 11 2 14 5 15 10 
10 9 8 11 3 12 4 6 15 5 13 0 16 7 2 14 
1 11 12 5 10 4 6 13 14 15 0 7 8 9 16 3 
1 5 13 2 0 8 14 7 9 10 15 4 6 16 12 11 
10 11 13 1 14 3 2 12 7 8 15 5 16 9 6 0 
0 1 15 2 11 8 3 13 12 10 16 9 14 7 4 6 
5 2 10 8 13 3 14 7 12 0 15 11 4 9 16 1 
6 14 0 13 4 1 16 3 8 10 5 15 9 11 12 2 
15 4 16 3 7 6 11 0 14 9 5 12 10 1 2 13 
5 13 7 6 0 4 2 16 14 8 10 12 11 15 1 3 
4 11 2 15 7 12 13 16 14 3 9 0 1 6 5 8 
16 10 13 0 7 9 3 15 5 8 12 4 6 2 14 1 
7 0 4 8 15 16 13 14 9 11 2 3 6 5 10 1 
11 5 14 0 2 12 1 7 4 8 3 16 9 10 6 15 
16 10 11 6 2 5 3 9 1 0 8 7 12 13 4 15 
11 16 7 9 10 0 5 3 14 8 6 2 13 4 12 1 
12 6 8 2 1 9 3 15 7 10 13 0 11 5 14 4 
