8 7 4 11 1 16 13 6 2 10 14 3 9 12 15 5 
6 8 10 15 12 4 13 3 0 2 14 7 5 16 11 9 
6 7 5 14 10 15 4 13 3 11 1 9 16 12 0 8 
10 1 0 9 4 11 5 7 2 16 8 6 12 14 15 13 
11 12 1 8 0 7 15 5 16 2 6 14 3 10 9 13 
13 0 15 2 7 8 3 16 4 9 6 1 11 12 10 14 
11 13 16 3 2 9 5 4 0 12 1 7 15 10 14 8 
6 0 9 8 10 4 11 2 3 5 12 13 15 16 14 1 
5 13 2 1 7 12 16 3 15 6 9 14 0 4 10 11 
7 2 12 1 10 8 15 3 4 5 16 14 11 6 0 13 
5 3 8 14 13 4 7 9 15 16 0 1 11 2 12 6 
2 3 7 1 14 9 13 0 16 12 5 10 6 15 8 4 
6 1 3 5 7 10 15 9 14 16 2 4 8 11 13 0 
16 9 11 15 5 8 1 2 3 14 4 0 6 12 10 7 
1 0 10 16 7 8 2 13 5 12 15 4 3 9 11 6 
5 2 11 12 13 8 1 14 9 10 16 7 0 6 3 4 
3 0 15 2 5 6 10 13 9 4 8 12 7 11 14 1 
