13 6 14 1 9 15 16 3 5 12 4 7 10 2 11 8 
11 0 12 6 2 10 16 8 15 3 13 7 4 5 9 14 
8 16 1 5 15 13 7 6 10 4 9 14 11 12 3 0 
5 7 11 1 16 12 4 10 15 13 6 9 8 0 2 14 
12 10 0 15 1 5 6 11 8 14 7 9 13 2 16 3 
12 6 13 9 4 11 16 3 10 8 1 14 0 7 15 2 
5 10 1 15 2 13 11 8 9 12 4 3 7 14 0 16 
10 16 9 5 2 3 13 12 6 0 11 1 14 15 4 8 
5 12 4 11 7 2 9 13 3 10 1 6 15 16 14 0 
10 6 11 5 3 16 15 2 12 13 1 14 8 4 7 0 
8 15 6 0 3 14 13 5 2 16 11 7 1 9 12 4 
2 5 1 9 4 7 15 14 13 16 12 8 0 10 3 6 
0 9 5 15 4 16 1 6 3 8 2 10 7 13 11 14 
4 14 9 3 6 0 15 2 16 7 8 12 5 11 1 10 
0 12 15 2 10 1 4 13 6 8 5 11 9 16 3 7 
13 14 3 5 11 16 0 1 8 7 12 9 10 2 6 4 
1 11 10 3 9 14 2 15 6 0 7 8 13 5 4 12 
