5 10 9 3 6 8 16 14 7 11 12 13 1 4 2 15 
5 16 0 11 6 14 4 13 7 8 3 2 10 9 15 12 
4 6 9 13 8 3 11 5 16 7 10 12 15 0 1 14 
10 9 14 1 5 13 15 4 11 8 7 2 12 0 6 16 
14 15 16 8 5 2 0 13 9 1 6 12 7 11 3 10 
9 3 7 10 13 12 2 11 6 15 4 1 14 16 8 0 
4 13 14 16 1 10 2 15 0 5 12 7 8 9 3 11 
2 6 14 1 5 4 0 13 8 3 9 15 10 11 12 16 
2 15 16 3 11 13 1 7 14 12 9 10 4 5 6 0 
0 11 8 6 10 1 3 16 7 12 15 2 14 13 5 4 
15 4 13 6 5 9 11 12 2 0 3 14 8 16 1 7 
7 1 13 10 9 8 3 16 0 12 5 14 4 6 2 15 
4 6 15 1 10 2 14 7 16 5 13 0 11 8 9 3 
10 7 14 1 15 5 0 6 12 9 8 2 11 4 16 3 
15 5 4 9 8 3 2 7 1 6 0 13 10 16 12 11 
5 3 11 2 9 12 7 0 4 8 16 10 6 13 14 1 
3 2 13 14 11 6 7 4 9 15 8 1 10 5 12 0 
