2 6 14 1 9 15 13 3 7 4 16 12 10 11 8 5 
6 12 11 0 4 2 8 10 7 16 5 9 14 3 13 15 
15 1 5 10 7 6 16 13 8 4 14 9 11 3 0 12 
11 8 6 5 4 10 12 16 7 15 1 9 14 2 0 13 
7 12 10 0 9 1 11 15 5 14 13 6 8 2 16 3 
6 2 9 12 7 11 3 16 10 14 0 13 15 4 1 8 
10 1 15 5 3 7 11 8 12 9 2 4 16 14 0 13 
9 5 10 16 13 2 12 3 11 0 1 6 4 15 14 8 
12 5 11 4 13 9 15 2 7 10 3 16 0 6 14 1 
3 5 6 11 10 16 15 2 12 4 14 13 1 0 8 7 
15 12 3 5 14 2 13 0 16 7 11 8 6 9 4 1 
5 10 6 9 7 14 4 15 8 13 3 16 2 1 0 12 
10 5 7 0 11 16 4 13 8 3 15 6 2 9 14 1 
4 14 3 16 8 0 15 2 7 9 12 6 11 10 5 1 
12 8 16 0 4 1 10 13 5 2 11 6 7 3 15 9 
3 9 13 6 0 16 11 1 10 12 7 8 5 14 4 2 
3 1 8 11 14 9 15 2 0 6 7 10 13 5 12 4 
