5 10 12 13 6 8 1 4 7 16 14 15 3 9 2 11 
7 10 6 14 12 11 4 5 2 16 0 13 3 15 9 8 
12 4 16 13 6 3 7 0 8 1 10 15 11 9 5 14 
7 9 5 0 4 14 8 15 6 11 2 13 10 12 1 16 
12 8 13 7 10 1 11 5 9 16 15 0 3 2 14 6 
11 1 15 13 10 14 8 4 6 12 7 3 2 16 0 9 
0 9 1 11 2 5 4 16 10 3 14 12 8 13 7 15 
12 0 2 15 6 1 8 16 4 11 5 3 10 13 14 9 
0 11 1 14 9 3 12 15 16 7 10 4 2 13 5 6 
10 11 6 7 13 12 14 1 0 5 15 8 4 2 3 16 
11 12 6 16 4 13 5 9 7 2 14 1 15 8 0 3 
10 0 4 14 7 12 16 6 3 8 2 5 9 1 13 15 
1 6 2 15 4 7 16 8 0 11 3 10 5 13 9 14 
0 12 3 16 1 10 2 11 5 6 9 15 14 8 4 7 
13 11 15 8 16 9 1 7 3 0 6 5 4 12 10 2 
2 8 3 13 9 12 14 1 6 0 11 4 16 10 5 7 
1 0 8 6 11 14 2 13 3 15 10 9 7 12 4 5 
