13 5 8 12 1 11 15 7 10 14 6 16 2 9 4 3 
14 6 10 7 5 4 11 12 16 2 13 0 9 8 3 15 
0 6 4 3 16 7 13 12 8 14 5 10 15 11 9 1 
5 0 7 2 15 16 14 11 6 13 8 9 12 1 4 10 
12 7 13 8 5 0 15 11 16 9 1 10 14 6 3 2 
15 13 4 1 11 8 14 10 3 6 12 0 9 2 16 7 
11 0 9 1 4 5 2 16 3 10 15 12 8 14 7 13 
4 0 2 15 6 8 3 16 12 10 5 11 9 13 14 1 
14 13 3 11 15 9 0 12 10 16 7 4 5 2 6 1 
4 6 12 14 11 13 1 3 5 8 0 15 7 2 16 10 
6 2 11 12 7 9 8 4 1 5 3 16 15 13 0 14 
12 16 15 0 2 9 1 8 5 13 14 3 7 10 4 6 
1 14 2 15 0 5 4 16 6 3 11 8 7 10 9 13 
14 0 16 3 4 10 12 2 9 5 15 6 11 1 7 8 
10 8 4 0 11 16 1 7 5 9 3 12 6 13 15 2 
14 8 2 13 11 16 6 12 3 0 9 7 1 5 4 10 
8 10 0 9 13 5 11 2 1 6 3 15 7 14 4 12 
