2 5 13 12 8 7 10 14 6 4 16 11 15 1 9 3 
0 6 10 15 11 5 3 9 12 7 4 16 13 14 2 8 
5 3 1 14 16 12 9 6 11 0 8 15 13 4 10 7 
8 9 15 2 4 0 1 14 16 6 5 7 12 11 10 13 
14 5 10 2 9 3 13 0 7 16 15 12 8 11 6 1 
14 15 4 8 12 9 11 6 16 1 13 10 3 0 7 2 
1 8 9 5 3 2 11 4 10 7 0 13 16 12 15 14 
2 0 9 6 1 8 12 5 10 14 11 16 15 13 3 4 
4 7 9 12 0 1 3 11 2 13 14 16 10 5 6 15 
15 4 5 13 0 8 10 12 11 7 1 14 6 2 16 3 
5 16 0 6 13 12 3 8 7 1 15 2 11 4 9 14 
8 12 15 9 10 2 4 5 3 0 14 7 6 16 1 13 
6 14 8 13 2 10 4 1 5 15 0 11 9 7 16 3 
0 8 5 16 3 14 2 15 4 1 12 10 9 6 11 7 
11 8 13 16 0 4 3 12 5 7 6 1 9 10 15 2 
14 10 7 8 9 5 13 3 2 1 0 16 12 4 11 6 
15 11 13 6 1 3 12 10 0 4 14 9 8 2 5 7 
