1 16 8 9 15 11 4 10 5 3 14 6 7 2 12 13 
6 13 14 12 5 11 10 16 15 4 3 7 9 8 2 0 
10 11 9 4 7 6 12 16 0 8 14 1 13 5 15 3 
11 4 7 12 15 6 13 1 0 16 8 9 10 14 2 5 
12 7 6 13 1 0 10 11 5 8 14 16 9 3 2 15 
15 14 16 4 2 12 0 13 10 9 8 1 6 11 3 7 
1 2 5 13 14 11 16 15 12 7 3 10 9 4 8 0 
11 8 5 2 0 16 15 12 3 9 1 13 10 14 4 6 
7 10 13 0 14 6 12 2 11 9 3 16 15 1 4 5 
10 1 13 5 11 14 4 0 6 15 3 8 7 2 16 12 
16 8 6 7 11 9 0 4 13 5 3 15 2 12 14 1 
16 12 0 10 6 2 4 7 9 3 8 5 13 15 14 1 
11 5 14 7 8 13 2 1 3 10 4 6 15 16 0 9 
6 16 2 8 11 10 1 14 15 4 5 9 7 0 12 3 
16 10 0 5 2 12 13 1 15 6 8 7 9 3 11 4 
6 10 13 0 8 2 7 12 9 3 11 4 5 16 14 1 
10 6 15 0 2 7 13 3 8 12 5 1 11 4 14 9 
