10 5 3 9 6 16 14 8 11 13 7 12 1 4 15 2 
5 16 0 11 14 13 6 4 7 3 2 8 12 10 9 15 
13 9 6 4 5 8 3 11 10 16 7 12 0 15 1 14 
10 9 14 1 5 13 15 4 7 8 11 2 0 12 6 16 
16 15 8 14 5 2 13 0 1 12 9 6 10 3 11 7 
7 9 10 3 12 11 2 13 1 6 15 4 8 16 14 0 
13 16 4 14 1 10 15 2 0 5 12 7 3 11 9 8 
2 6 14 1 5 4 13 0 9 3 15 8 12 11 10 16 
2 15 16 3 11 13 1 7 9 10 14 12 4 0 5 6 
8 0 6 11 10 1 3 16 12 7 15 2 5 14 13 4 
13 6 4 15 5 12 9 11 14 0 2 3 7 8 1 16 
10 13 1 7 9 8 16 3 0 12 14 5 4 6 2 15 
4 6 15 1 14 2 10 7 16 8 13 0 3 11 5 9 
7 10 14 1 15 6 0 5 12 2 8 9 11 4 16 3 
4 1 9 15 8 2 3 7 6 5 13 0 16 12 11 10 
4 5 3 1 7 0 9 12 11 16 10 8 14 6 2 13 
2 3 13 14 4 7 11 6 1 15 9 8 10 5 0 12 
