13 12 9 16 3 8 6 1 14 7 4 5 10 11 2 15 
16 9 12 0 13 11 8 10 7 15 5 3 6 14 4 2 
1 8 16 5 13 7 6 15 9 4 14 10 11 3 12 0 
7 14 12 5 16 4 10 2 1 9 13 15 6 8 11 0 
10 12 0 8 5 11 6 1 7 9 13 15 14 2 3 16 
16 6 2 8 13 4 11 3 10 12 14 1 7 9 15 0 
1 5 10 9 13 11 2 8 12 4 3 16 15 0 14 7 
5 15 4 1 2 13 8 3 11 0 16 6 12 10 14 9 
3 6 11 4 2 13 9 7 12 1 10 5 16 14 15 0 
10 5 0 11 16 3 2 15 13 12 14 1 7 6 8 4 
15 6 16 3 9 5 13 12 4 2 7 14 11 0 8 1 
12 8 9 2 14 7 15 16 1 5 4 13 6 0 3 10 
15 1 0 11 4 16 9 6 10 2 3 8 7 5 13 14 
9 3 14 4 6 0 5 2 12 8 16 7 15 1 10 11 
12 6 2 15 4 13 1 9 8 0 11 5 10 7 3 16 
14 5 13 3 0 16 11 2 9 7 4 12 8 10 1 6 
11 3 1 10 14 8 15 4 6 9 2 0 7 13 5 12 
