4 10 9 6 5 7 16 3 2 14 12 13 1 8 11 15 
16 9 7 6 13 3 4 14 10 11 0 8 5 12 2 15 
12 11 8 3 9 5 4 1 0 10 14 7 6 15 16 13 
2 11 5 6 12 15 4 7 14 0 10 16 13 9 8 1 
2 9 3 11 5 12 14 16 15 0 8 6 10 7 1 13 
7 4 12 0 15 9 14 3 11 6 13 10 2 16 8 1 
5 16 4 15 0 12 1 11 13 9 7 14 10 3 2 8 
4 0 2 9 5 10 11 13 1 15 3 16 14 8 12 6 
15 13 6 11 4 2 14 1 10 16 9 12 3 5 0 7 
4 12 16 11 10 6 5 1 7 13 2 15 14 0 8 3 
0 16 6 2 12 13 1 3 15 14 11 4 7 5 8 9 
4 13 5 3 12 7 6 0 15 10 1 14 8 9 16 2 
4 2 13 0 5 6 14 8 3 10 15 9 1 7 16 11 
7 6 1 4 0 11 16 3 5 2 10 14 15 8 9 12 
7 2 9 11 16 8 13 12 10 3 4 6 1 0 5 15 
2 6 12 3 5 8 4 10 16 7 11 14 1 9 13 0 
10 7 15 2 3 6 14 1 8 13 4 11 5 12 0 9 
