11 2 1 14 9 8 13 5 16 10 15 7 3 12 4 6 
12 8 4 11 14 9 13 5 7 15 3 6 2 16 0 10 
9 11 0 15 14 13 16 3 10 8 1 7 4 6 5 12 
16 15 6 9 10 7 0 13 5 4 1 14 8 12 11 2 
3 11 6 0 16 9 2 15 13 8 14 1 5 12 7 10 
7 11 4 14 3 12 13 6 0 1 9 15 8 10 2 16 
11 13 2 10 9 3 14 7 12 8 0 5 1 16 15 4 
12 1 16 6 14 0 2 15 3 9 5 11 4 8 13 10 
4 13 2 15 12 10 3 0 11 6 5 16 9 7 1 14 
7 16 4 2 5 6 13 0 1 12 11 10 14 15 8 3 
0 9 1 12 8 5 2 7 13 6 14 15 4 11 16 3 
8 14 16 13 1 9 3 2 0 4 6 7 5 10 12 15 
7 6 13 11 4 8 2 9 10 14 5 15 0 1 16 3 
15 6 11 5 12 7 0 16 2 8 14 1 4 10 9 3 
9 8 16 4 5 3 2 12 7 11 0 13 15 6 10 1 
10 4 14 0 11 6 3 8 2 5 1 13 7 16 12 9 
7 1 11 3 10 14 9 6 4 0 5 2 12 15 13 8 
