12 14 16 7 11 1 3 4 5 10 9 8 6 13 2 15 
0 14 2 15 12 8 5 3 4 13 6 10 7 9 16 11 
6 5 16 9 8 1 13 10 12 11 3 4 15 7 0 14 
14 0 2 15 13 12 11 4 5 7 16 1 8 9 6 10 
10 2 9 16 8 6 0 13 5 12 11 3 15 7 14 1 
10 13 1 6 4 16 15 2 8 3 11 12 0 7 9 14 
8 14 13 0 15 4 3 1 5 11 10 16 2 12 9 7 
2 9 0 14 13 12 1 10 5 4 16 6 3 11 8 15 
6 11 16 5 1 10 15 9 7 0 14 2 13 12 4 3 
2 10 0 14 11 4 3 5 6 13 8 16 12 7 15 1 
4 1 13 11 12 2 7 9 14 3 15 5 6 8 16 0 
6 9 5 0 12 13 3 4 16 8 2 14 1 10 15 7 
3 1 4 15 5 11 14 7 8 10 9 16 6 2 13 0 
9 2 14 0 4 15 3 11 6 10 1 7 8 5 12 16 
5 7 0 12 4 11 3 1 10 16 2 15 13 8 6 9 
5 11 12 3 0 6 9 16 4 14 2 7 10 1 8 13 
1 3 13 6 11 4 9 8 2 12 7 5 14 15 0 10 
