11 10 16 3 4 12 2 1 8 14 7 6 15 5 13 9 
3 7 11 13 2 6 0 9 15 8 4 16 10 12 5 14 
14 15 7 10 8 12 6 3 16 1 13 0 11 9 4 5 
4 7 13 0 10 5 6 8 2 14 9 16 1 12 11 15 
12 3 15 13 1 9 10 16 14 8 11 6 2 5 7 0 
16 2 12 13 7 9 4 3 15 6 1 14 10 8 0 11 
11 8 14 2 1 4 5 13 9 10 3 0 16 12 15 7 
10 11 13 12 8 2 0 5 3 9 14 1 4 16 6 15 
3 5 2 15 6 11 4 9 7 16 0 12 13 10 1 14 
15 0 6 11 7 8 13 12 4 2 1 10 14 5 3 16 
13 14 4 7 9 8 5 12 11 1 0 15 2 6 3 16 
6 13 10 5 3 15 4 14 8 1 16 0 9 7 12 2 
7 10 2 15 14 6 13 0 8 1 4 3 16 5 9 11 
10 16 6 9 11 12 4 14 3 1 7 8 0 5 15 2 
11 7 1 2 16 4 0 10 15 8 9 13 3 6 12 5 
6 12 4 0 10 3 13 2 1 9 5 7 8 16 11 14 
13 11 2 3 12 9 14 0 6 7 1 5 10 4 15 8 
