5 14 3 13 7 12 8 9 16 2 4 11 1 15 6 10 
12 10 7 5 9 8 2 15 6 14 0 13 11 4 16 3 
10 5 14 1 12 9 16 4 13 8 11 15 3 7 6 0 
11 2 14 1 16 9 15 8 6 4 0 13 12 10 7 5 
16 1 2 15 3 11 10 0 8 13 9 6 5 7 12 14 
6 12 14 9 2 8 0 1 4 3 13 11 7 15 16 10 
9 4 12 1 3 11 2 0 10 14 13 5 7 8 16 15 
0 15 14 11 2 16 1 8 5 6 10 12 9 3 13 4 
7 12 0 5 16 9 15 2 11 3 4 13 6 10 1 14 
6 5 14 1 4 10 3 13 11 16 15 2 8 12 7 0 
16 14 4 8 5 7 12 6 3 0 2 15 11 13 9 1 
2 12 14 0 16 9 4 15 13 8 1 6 7 10 3 5 
4 3 13 9 11 5 14 16 6 10 8 1 7 0 2 15 
10 2 8 16 9 4 15 12 11 0 6 14 3 5 1 7 
10 16 1 6 12 11 15 4 3 8 13 5 9 0 7 2 
9 10 4 14 6 7 0 13 5 3 12 11 8 2 1 16 
9 4 1 13 6 2 0 12 8 3 15 7 11 14 10 5 
