16 13 12 6 8 9 3 1 7 5 14 4 11 15 2 10 
16 9 12 0 10 8 11 13 5 3 15 7 4 14 2 6 
16 1 8 5 13 6 7 15 9 4 14 10 11 12 0 3 
7 5 12 14 2 16 10 4 9 13 15 1 8 6 0 11 
8 0 10 12 5 6 1 11 9 7 15 13 2 14 16 3 
16 8 2 6 4 13 11 3 12 10 14 1 15 9 0 7 
5 10 1 9 13 8 2 11 12 4 3 16 15 14 7 0 
4 5 15 1 13 8 2 3 0 11 16 6 10 12 14 9 
3 4 6 11 9 2 13 7 10 5 1 12 15 16 14 0 
0 11 5 10 16 3 2 15 12 13 1 14 7 8 4 6 
6 15 3 16 13 5 12 9 14 4 2 7 8 0 1 11 
2 9 8 1 7 14 16 15 4 12 13 5 0 3 6 10 
1 0 11 15 6 16 4 9 2 3 8 10 13 14 7 5 
9 3 4 14 2 5 0 6 16 8 12 7 11 10 1 15 
12 0 15 2 4 13 9 1 5 11 6 8 7 10 16 3 
14 13 5 3 0 16 2 11 4 7 12 9 1 10 6 8 
10 11 1 3 14 4 8 15 6 0 2 9 5 12 7 13 
