8 3 5 15 12 10 2 11 7 6 14 1 4 9 13 16 
10 7 3 16 14 9 11 2 15 6 0 13 5 8 4 12 
6 4 3 12 13 11 15 10 5 0 7 1 9 8 14 16 
12 4 10 1 16 8 7 13 11 5 2 0 9 6 14 15 
6 1 11 16 7 2 12 0 13 8 14 3 15 5 10 9 
12 8 10 15 0 2 14 6 1 11 3 16 7 4 9 13 
16 12 2 15 11 14 10 13 8 3 4 7 9 1 5 0 
10 8 11 6 4 15 1 14 2 0 16 3 9 12 5 13 
5 10 2 16 3 4 11 14 9 12 6 7 1 15 0 13 
2 13 6 4 5 3 10 14 15 16 12 7 1 0 11 8 
6 16 4 5 11 12 9 15 7 14 8 0 13 3 2 1 
13 6 14 12 1 8 2 9 3 7 15 5 4 0 16 10 
10 0 4 9 6 3 15 2 13 5 16 14 7 1 8 11 
8 2 1 5 6 10 3 9 11 15 7 4 16 14 12 0 
9 0 11 3 1 16 15 4 5 6 12 8 10 13 7 2 
3 12 0 13 6 7 5 11 2 9 8 16 4 10 14 1 
13 5 4 11 1 9 3 12 8 6 10 0 7 14 15 2 
