2 6 1 14 13 15 9 3 4 16 12 7 5 8 10 11 
11 12 0 6 10 8 2 4 5 16 9 7 14 13 3 15 
10 1 15 5 7 13 16 3 14 4 8 9 6 0 11 12 
8 6 5 11 10 12 4 16 1 7 15 9 2 14 13 0 
10 7 0 12 16 15 9 11 6 13 5 14 3 2 1 8 
6 9 2 12 7 11 3 16 14 10 13 0 4 15 8 1 
10 15 5 1 11 3 7 14 4 12 9 2 8 16 0 13 
5 9 1 10 2 12 3 13 0 11 16 6 15 4 14 8 
4 11 5 12 13 9 15 2 7 10 16 3 6 0 1 14 
11 3 5 6 16 10 12 2 13 8 4 15 0 7 14 1 
15 3 12 5 2 0 1 14 16 7 11 8 9 4 6 13 
9 6 10 5 14 4 15 2 13 8 16 3 0 7 12 1 
7 0 5 10 11 13 4 16 8 3 6 15 2 9 1 14 
4 14 3 16 8 0 15 2 12 9 6 7 10 11 1 5 
0 12 8 16 10 1 13 4 5 2 11 6 7 9 15 3 
3 14 6 9 1 0 11 16 8 12 13 7 5 4 2 10 
11 3 1 8 14 9 2 15 7 6 13 0 10 4 12 5 
