4 1 13 2 14 6 3 9 12 16 15 7 8 11 10 5 
12 3 8 0 10 5 2 4 7 11 6 9 13 14 16 15 
10 15 14 1 13 7 3 16 9 4 8 5 11 6 12 0 
5 6 4 8 10 16 12 11 15 1 9 7 2 14 0 13 
11 7 0 3 1 9 10 15 13 14 5 6 2 16 8 12 
6 2 12 9 11 7 3 16 10 13 0 14 15 8 1 4 
0 10 1 5 14 11 7 3 12 2 9 4 15 16 13 8 
1 10 5 9 12 3 2 13 11 6 16 0 4 14 8 15 
12 7 11 16 10 9 15 13 4 14 2 5 3 0 1 6 
8 15 5 1 14 2 16 10 4 11 6 12 7 3 0 13 
8 3 12 15 13 2 1 14 7 16 11 5 4 0 6 9 
10 5 6 9 4 14 15 2 8 12 13 16 0 3 7 1 
7 0 5 1 13 4 3 16 15 11 8 6 10 2 14 9 
3 10 4 14 0 5 2 15 6 7 12 9 8 11 16 1 
8 0 11 2 4 10 13 1 12 6 5 16 3 9 7 15 
2 14 3 6 16 11 1 0 7 8 4 12 9 10 13 5 
3 1 9 11 14 8 10 2 12 7 0 13 5 6 4 15 
