10 9 16 13 8 3 1 6 7 4 14 5 12 11 15 2 
9 16 0 12 8 13 10 11 7 3 15 14 4 6 5 2 
8 5 16 1 15 7 13 6 10 4 9 14 11 12 0 3 
12 5 7 14 10 16 2 4 13 15 9 1 8 11 6 0 
10 12 8 0 1 6 11 5 13 7 9 15 2 14 3 16 
2 16 6 8 4 11 13 3 10 12 14 1 0 7 15 9 
9 1 10 5 11 8 13 2 4 12 3 16 15 0 7 14 
1 2 4 5 13 8 3 15 16 11 6 0 12 9 14 10 
15 6 11 4 13 7 2 9 5 10 1 12 14 0 16 3 
11 10 13 0 3 16 2 15 5 12 14 7 6 1 4 8 
16 12 15 2 5 6 9 3 7 1 4 13 14 11 0 8 
2 8 9 12 14 15 16 7 5 1 13 4 10 0 3 6 
1 15 0 3 16 9 4 6 2 11 10 8 13 7 5 14 
9 4 3 14 2 6 5 0 12 7 8 16 1 11 15 10 
7 6 2 15 4 13 1 9 8 0 11 5 12 10 3 16 
14 5 13 3 11 2 0 16 9 12 4 7 6 10 8 1 
9 11 10 1 8 15 14 4 3 0 2 6 5 12 7 13 
