9 4 2 15 5 16 14 7 10 6 1 12 3 11 13 8 
11 12 2 9 14 13 15 4 10 6 8 0 7 5 16 3 
11 7 3 14 4 10 12 13 1 15 9 0 6 8 16 5 
9 4 16 7 1 15 5 8 2 10 13 0 14 6 11 12 
9 11 6 1 12 14 2 15 5 0 7 10 8 13 16 3 
9 13 1 14 3 4 8 15 2 7 10 16 12 0 11 6 
16 4 10 14 1 0 7 12 5 8 3 13 9 11 15 2 
5 10 2 0 13 1 4 15 8 9 16 3 11 12 14 6 
13 14 12 11 5 1 15 4 7 6 3 16 9 2 10 0 
2 16 7 0 5 10 1 13 6 4 11 12 8 14 15 3 
8 5 7 3 0 14 9 2 12 4 13 15 1 11 6 16 
9 7 0 1 2 12 14 10 8 5 16 6 13 15 3 4 
4 3 0 15 8 7 13 10 6 1 16 5 9 2 14 11 
9 12 4 15 11 6 1 14 16 2 0 7 5 8 3 10 
15 1 3 16 12 4 11 6 5 9 8 2 10 7 13 0 
10 14 0 11 12 4 13 3 8 5 2 9 6 1 7 16 
14 12 13 6 15 5 3 8 7 4 10 1 0 2 9 11 
