12 8 5 13 15 11 1 7 16 6 14 10 3 2 9 4 
10 7 14 6 11 5 4 12 16 2 13 0 3 15 8 9 
4 6 0 13 7 12 3 16 10 15 5 8 11 9 14 1 
5 7 0 2 8 4 15 14 13 9 6 11 1 10 16 12 
7 8 12 13 1 15 5 11 9 0 10 16 14 6 3 2 
15 1 4 13 14 8 11 10 3 0 6 12 2 7 16 9 
1 9 11 0 4 2 16 5 14 10 12 15 7 3 13 8 
0 4 15 2 8 6 3 16 5 10 12 11 9 13 14 1 
11 14 13 0 15 3 12 9 16 7 10 4 5 6 2 1 
4 11 6 10 3 13 1 14 8 15 0 5 7 2 12 16 
12 2 6 11 7 4 9 13 5 1 16 3 15 14 8 0 
4 14 0 10 1 8 9 2 3 5 13 12 7 15 6 16 
1 6 2 15 4 0 5 16 11 8 3 13 7 9 14 10 
14 0 16 3 2 12 10 4 6 5 15 9 8 7 11 1 
4 10 8 16 7 11 1 12 6 0 5 3 9 13 15 2 
2 8 3 13 14 9 12 16 6 7 11 0 1 4 5 10 
9 10 8 0 13 11 5 2 3 1 6 15 7 14 12 4 
