13 9 5 3 6 16 14 8 11 12 10 7 4 1 15 2 
0 12 16 11 14 6 4 13 8 3 15 7 9 2 5 10 
14 4 6 13 3 9 11 8 16 12 10 0 5 1 15 7 
9 10 1 14 5 4 15 13 7 2 16 11 8 6 12 0 
16 13 15 7 0 2 8 5 6 12 1 14 9 10 3 11 
1 6 7 15 12 11 10 2 3 13 9 4 0 14 16 8 
16 4 13 14 7 10 15 2 5 0 1 12 8 3 11 9 
4 1 16 6 2 5 0 13 8 3 15 9 10 12 14 11 
5 15 3 0 9 7 11 1 12 14 16 10 2 13 6 4 
11 7 15 0 12 16 1 10 2 8 3 4 5 14 6 13 
6 15 13 4 5 12 9 11 3 2 0 8 16 7 14 1 
1 4 7 10 9 13 16 3 5 14 12 0 8 6 15 2 
6 4 1 15 2 10 7 14 8 16 13 0 5 9 3 11 
0 11 14 1 15 4 5 6 8 12 7 3 2 10 16 9 
1 9 15 4 2 10 7 8 6 5 0 13 12 11 3 16 
9 2 12 1 3 4 0 7 11 8 10 16 13 14 5 6 
12 3 15 2 7 1 4 11 5 8 9 6 14 10 0 13 
