13 6 14 1 15 9 16 3 4 12 7 5 8 11 2 10 
0 12 11 6 2 4 10 8 15 3 7 13 9 5 16 14 
1 5 10 16 7 13 6 15 8 14 4 9 11 0 3 12 
5 6 13 11 16 10 12 4 7 15 1 9 8 2 14 0 
12 10 0 15 5 6 1 11 13 14 7 9 2 8 16 3 
9 1 12 6 4 7 3 11 14 10 8 13 16 0 2 15 
5 10 15 1 2 11 13 8 9 3 12 4 16 7 14 0 
5 9 16 10 12 3 13 2 1 6 11 0 14 15 8 4 
12 11 4 5 9 13 2 15 1 10 3 7 14 6 0 16 
6 11 5 3 16 10 2 15 12 13 1 14 8 0 4 7 
3 5 15 8 6 14 0 13 2 7 16 11 9 12 4 1 
9 5 2 10 7 14 4 15 8 13 16 3 12 0 6 1 
5 0 7 15 6 1 4 16 3 2 10 8 13 9 14 11 
14 3 9 4 0 6 2 15 16 8 12 7 11 10 5 1 
8 0 16 12 13 4 1 10 2 11 5 6 7 3 15 9 
13 6 3 5 16 11 1 0 9 12 8 7 4 10 14 2 
1 10 11 3 9 14 2 15 8 0 6 7 13 5 12 4 
