12 11 1 14 9 13 5 8 10 15 16 7 3 2 6 4 
11 8 4 12 6 14 13 9 3 7 5 15 2 16 10 0 
15 11 9 0 14 13 3 16 8 1 10 7 12 6 4 5 
15 6 16 14 10 7 13 0 5 1 9 4 12 2 11 8 
3 8 6 0 16 7 15 2 13 9 14 1 12 11 5 10 
11 4 14 7 12 3 13 6 15 9 0 1 8 2 10 16 
11 13 2 10 7 3 14 9 8 0 16 5 12 15 4 1 
1 6 12 16 14 0 15 2 9 11 3 5 4 10 8 13 
9 15 13 4 12 0 3 10 16 6 11 5 2 1 14 7 
16 7 1 4 6 11 0 13 5 2 12 10 15 3 8 14 
12 0 1 9 8 14 2 7 5 13 6 15 11 4 3 16 
8 14 13 16 3 2 1 9 7 4 6 0 5 12 10 15 
8 7 13 6 11 4 2 15 10 5 9 14 1 0 3 16 
15 11 5 8 12 7 0 16 6 2 1 14 10 4 9 3 
9 16 8 4 2 5 3 12 11 7 13 0 6 1 15 10 
0 10 14 4 8 11 3 6 13 5 1 2 7 9 16 12 
1 3 7 11 6 10 9 14 5 4 2 0 8 12 13 15 
