13 10 12 5 1 11 9 8 14 7 4 16 3 6 15 2 
10 9 0 16 12 8 13 7 15 3 11 14 4 5 2 6 
5 8 1 12 7 13 6 15 3 4 14 10 9 11 0 16 
14 7 13 11 9 16 12 4 10 1 2 15 6 8 5 0 
16 7 12 8 11 5 1 10 9 15 0 13 14 2 6 3 
6 2 16 8 4 15 11 3 1 10 12 13 9 14 0 7 
11 13 1 14 10 8 5 2 12 4 3 16 15 9 0 7 
1 5 6 15 0 14 8 2 4 13 16 12 11 10 3 9 
15 6 12 11 10 1 0 7 16 4 13 9 5 14 2 3 
11 7 10 13 12 15 16 3 5 0 2 14 8 6 1 4 
16 13 2 15 12 5 9 3 1 6 4 7 14 0 11 8 
2 8 12 9 0 14 16 7 5 4 6 1 3 13 10 15 
10 15 3 1 8 4 16 6 2 7 0 11 14 9 5 13 
14 4 9 3 2 5 8 6 12 0 16 7 15 1 11 10 
7 6 2 15 10 13 9 1 0 5 8 11 12 4 3 16 
14 5 3 13 16 2 11 0 4 7 12 9 1 8 6 10 
11 10 9 6 14 2 13 8 15 1 0 3 12 7 5 4 
