4 1 13 2 9 6 14 3 12 15 16 7 10 5 11 8 
8 12 3 0 4 10 5 2 7 6 11 9 13 14 16 15 
10 5 6 15 16 12 13 7 9 4 8 3 11 0 14 1 
6 4 8 5 10 12 11 16 1 7 9 15 14 2 0 13 
7 0 3 1 13 9 10 6 14 12 5 11 16 8 2 15 
0 2 12 6 7 11 16 3 9 14 10 13 1 4 8 15 
0 5 10 1 7 3 11 14 4 12 9 2 8 13 15 16 
5 9 1 10 13 3 2 12 6 11 0 16 15 8 4 14 
12 16 7 11 13 10 15 9 4 5 2 14 3 6 0 1 
15 5 1 8 2 14 16 10 7 4 12 6 3 11 13 0 
0 8 3 5 13 2 14 1 7 11 16 15 12 9 6 4 
6 10 9 5 14 4 15 2 16 13 8 12 7 3 1 0 
7 0 1 5 4 13 16 3 6 11 8 15 9 2 14 10 
7 4 16 3 5 0 2 15 9 6 12 10 8 11 1 14 
2 0 8 11 13 1 3 10 6 16 12 5 7 9 4 15 
3 2 6 14 12 0 1 16 8 7 4 13 11 10 5 9 
11 1 3 10 2 14 8 0 12 13 9 7 6 15 4 5 
