7 9 8 1 4 11 15 10 6 14 16 5 12 13 3 2 
6 13 12 14 10 5 11 2 9 3 15 8 4 16 0 7 
4 9 10 6 7 16 11 12 8 0 14 1 15 13 5 3 
12 11 7 4 13 15 16 1 6 8 0 9 10 5 2 14 
6 13 12 11 7 0 1 8 16 5 10 14 9 3 2 15 
4 15 3 16 6 8 12 13 0 9 14 1 2 11 7 10 
1 2 13 0 7 16 5 9 15 3 10 12 11 14 4 8 
2 11 5 8 12 10 0 16 14 13 9 15 3 4 1 6 
11 7 3 14 12 6 15 0 16 9 10 13 2 1 5 4 
14 13 2 6 1 10 7 5 4 15 8 12 0 11 16 3 
16 6 7 8 11 13 4 9 5 12 1 14 3 0 2 15 
5 0 7 12 1 4 16 2 3 8 13 9 14 15 10 6 
7 6 15 2 4 5 0 13 11 10 1 3 9 14 16 8 
16 2 6 5 12 11 1 14 10 8 4 9 15 0 7 3 
4 15 5 8 12 2 13 1 16 6 7 11 10 0 9 3 
10 6 13 0 2 9 7 12 8 4 3 16 11 5 14 1 
0 15 10 5 2 7 8 13 4 1 6 9 12 14 3 11 
