2 4 3 6 13 9 1 14 15 16 12 7 10 8 5 11 
0 8 3 12 15 10 5 4 11 6 9 7 13 14 2 16 
6 10 15 5 7 12 13 16 4 8 3 9 0 11 1 14 
16 4 6 8 5 12 10 11 1 7 15 9 2 14 0 13 
3 1 5 2 6 9 10 14 11 7 12 13 8 0 16 15 
6 0 1 2 11 7 16 3 9 14 13 10 8 15 12 4 
12 10 0 8 5 4 11 7 2 13 3 9 15 16 14 1 
5 1 9 10 13 2 12 3 11 16 6 0 14 15 8 4 
7 11 16 12 10 15 9 13 5 4 14 1 6 2 0 3 
5 8 1 15 16 14 10 7 12 2 6 4 3 11 13 0 
8 3 5 0 1 14 2 13 11 12 16 15 6 9 4 7 
10 0 6 9 14 4 2 15 16 13 8 12 7 3 5 1 
0 4 5 1 13 7 16 3 11 6 15 8 9 2 10 14 
7 6 3 16 5 0 2 15 10 11 12 9 8 4 1 14 
2 0 8 9 3 4 1 10 12 16 6 11 7 13 5 15 
3 5 2 8 0 1 4 16 12 7 14 13 11 6 10 9 
1 11 3 10 8 2 14 0 13 7 9 12 15 5 6 4 
