8 13 12 5 1 7 15 11 10 16 14 6 9 3 4 2 
10 14 7 6 5 11 12 4 2 16 13 0 3 15 8 9 
4 16 13 0 6 12 3 7 8 1 10 15 9 5 11 14 
0 7 2 5 8 14 15 4 9 13 6 11 16 10 12 1 
8 7 13 12 10 11 5 15 0 9 16 1 14 2 6 3 
4 15 13 1 8 14 10 11 6 12 7 3 2 0 9 16 
1 0 9 11 5 16 4 2 14 10 12 15 13 7 3 8 
0 12 15 2 6 8 16 3 5 11 4 1 10 13 9 14 
13 11 14 1 12 9 3 15 16 7 10 4 6 5 0 2 
6 11 10 7 13 3 14 1 0 5 15 8 12 4 16 2 
6 11 2 16 4 9 7 13 5 12 1 14 8 15 0 3 
10 0 4 14 9 8 2 6 3 13 12 5 15 1 16 7 
6 1 15 2 16 4 5 0 13 3 8 11 10 7 14 9 
0 14 3 16 4 10 2 12 9 15 5 6 8 11 7 1 
10 16 4 8 7 12 1 11 5 0 3 6 13 9 15 2 
3 13 2 8 9 16 12 14 0 6 11 7 5 4 1 10 
8 0 10 9 2 13 11 5 3 15 1 6 7 14 4 12 
