6 3 2 4 9 13 1 14 12 16 7 15 8 11 5 10 
0 3 8 12 5 4 10 15 11 7 9 6 2 16 13 14 
15 5 10 6 16 7 13 12 9 8 4 3 0 11 1 14 
6 8 4 2 11 10 5 12 9 7 15 1 16 14 13 0 
2 1 3 5 10 0 9 6 11 13 7 12 16 8 15 14 
1 0 6 2 7 11 3 16 10 14 13 9 15 4 12 8 
0 12 10 8 4 7 11 5 3 9 13 2 16 15 14 1 
10 9 12 5 13 3 1 2 6 0 16 11 4 8 15 14 
16 12 7 11 9 15 0 13 4 5 1 14 6 10 3 2 
5 15 8 1 10 7 16 14 4 6 12 2 3 11 13 0 
7 0 5 1 12 14 2 13 8 15 16 11 4 6 9 3 
10 6 0 9 4 14 2 15 16 13 12 8 5 1 3 7 
0 4 5 1 13 7 16 3 15 6 11 8 10 9 14 2 
6 0 3 16 7 5 15 2 9 12 10 11 4 8 14 1 
2 3 0 8 9 1 4 10 12 6 11 16 5 13 7 15 
5 3 2 8 4 16 0 1 12 7 13 14 10 9 11 6 
3 11 10 6 8 14 0 2 13 12 7 9 5 4 15 1 
