11 13 1 14 9 2 16 3 5 4 10 7 8 12 15 6 
3 9 0 13 6 5 2 7 4 11 10 14 12 8 16 15 
6 12 14 9 8 10 16 15 3 4 0 13 5 7 1 11 
6 4 7 14 5 12 11 1 2 10 16 9 8 15 13 0 
9 10 14 2 7 5 13 11 15 3 1 6 8 12 16 0 
10 8 2 12 16 9 0 13 11 7 4 1 6 15 14 3 
14 8 15 2 12 13 16 10 7 9 0 4 3 5 1 11 
15 16 0 13 1 3 11 4 14 8 12 6 5 2 9 10 
4 9 10 5 7 1 2 0 11 15 16 3 13 6 12 14 
8 11 5 1 10 12 7 2 4 0 3 16 15 14 6 13 
7 14 2 6 9 3 13 0 8 11 15 16 4 5 1 12 
3 15 4 1 8 5 7 13 16 10 9 0 14 2 6 12 
16 15 13 0 4 1 3 5 9 2 8 14 6 11 7 10 
0 9 3 16 14 11 6 8 12 1 15 2 5 4 7 10 
6 8 1 0 16 10 12 9 3 4 13 15 11 2 7 5 
8 4 1 11 14 2 10 12 9 5 16 3 6 7 13 0 
2 10 5 9 12 6 14 15 11 8 1 4 7 3 13 0 
