6 11 9 2 3 5 10 13 15 4 14 1 8 7 16 12 
11 2 4 16 6 10 9 0 13 3 14 7 5 8 15 12 
6 4 14 9 12 1 8 7 10 13 16 3 15 11 0 5 
8 15 12 7 1 16 6 4 14 5 10 13 9 11 0 2 
12 8 1 14 10 15 0 13 2 6 16 3 9 5 7 11 
9 1 16 8 12 14 13 4 3 7 11 15 6 2 10 0 
9 0 1 16 8 11 4 2 3 10 5 14 13 12 15 7 
12 13 1 5 16 11 4 2 3 0 14 6 15 9 8 10 
6 16 11 4 2 0 14 1 3 7 13 12 5 15 9 10 
2 12 14 1 4 13 3 16 11 7 15 5 6 10 8 0 
6 1 8 9 11 13 5 4 12 7 0 15 14 2 16 3 
12 13 7 8 4 3 5 0 15 9 1 10 16 2 14 6 
0 1 3 16 13 7 5 10 4 15 14 11 2 8 6 9 
12 0 1 9 6 8 16 11 14 4 2 15 10 7 3 5 
0 6 5 3 10 13 16 4 7 11 9 2 15 12 1 8 
3 13 14 4 16 2 1 12 0 11 6 10 5 9 8 7 
14 4 12 2 1 10 13 3 6 15 0 8 11 9 5 7 
