2 13 4 1 9 6 14 3 12 7 16 15 11 5 10 8 
8 3 12 0 5 10 4 2 11 9 7 6 15 16 13 14 
6 5 15 10 12 16 13 7 8 4 9 3 0 11 1 14 
4 8 5 6 10 11 16 12 9 7 1 15 2 14 13 0 
1 0 7 3 6 14 9 10 13 5 12 11 8 16 15 2 
12 2 6 0 11 7 16 3 13 9 14 10 15 8 4 1 
0 12 5 10 3 11 14 7 4 9 1 2 8 15 16 13 
10 9 1 5 12 3 2 13 11 6 0 16 15 8 4 14 
16 11 12 7 15 13 9 10 14 5 2 4 3 6 0 1 
1 5 8 15 7 16 10 14 6 12 2 4 3 11 0 13 
5 0 8 3 2 13 14 1 15 16 11 7 12 6 4 9 
10 6 5 9 4 14 15 2 12 13 8 16 0 1 3 7 
0 1 7 5 4 13 3 16 6 15 8 11 10 2 14 9 
6 7 3 16 0 5 15 2 9 12 4 10 11 8 14 1 
0 2 8 11 1 10 3 13 5 12 16 6 9 7 4 15 
2 14 6 3 1 16 12 0 8 7 4 13 9 10 11 5 
1 3 11 10 2 8 0 14 12 13 9 7 5 4 6 15 
