10 16 15 9 6 3 14 1 2 8 13 4 7 12 11 5 
7 10 2 4 5 6 0 13 11 8 9 16 14 3 12 15 
15 13 10 8 5 3 14 4 12 16 7 6 9 0 11 1 
1 8 6 5 0 10 2 4 15 11 12 13 9 7 14 16 
14 12 0 13 7 10 9 6 15 1 5 11 2 8 3 16 
13 9 7 2 0 6 16 3 15 4 14 1 11 10 12 8 
3 12 9 2 10 11 15 13 14 4 8 5 7 16 1 0 
15 14 8 16 5 12 0 2 4 10 1 11 6 9 3 13 
2 1 16 3 7 11 4 12 5 15 0 13 14 6 9 10 
0 7 3 11 10 5 2 15 6 8 12 14 16 13 4 1 
11 16 2 4 1 9 5 3 8 7 15 0 13 6 12 14 
9 2 5 14 4 3 12 1 0 16 15 6 7 10 8 13 
3 6 15 2 7 8 14 1 5 10 0 9 11 4 13 16 
2 7 0 1 12 10 3 5 4 9 8 15 11 14 16 6 
7 6 3 5 12 13 9 1 0 10 11 8 4 16 2 15 
8 9 4 0 1 12 16 10 11 2 6 14 5 7 13 3 
5 4 11 2 9 12 0 15 6 1 3 10 7 8 14 13 
