8 9 2 5 4 7 16 1 13 14 10 12 3 11 15 6 
11 0 2 9 15 14 6 13 3 8 5 12 4 7 10 16 
3 9 14 10 1 7 13 4 15 12 0 11 5 16 8 6 
6 15 11 9 12 16 5 1 10 2 13 0 7 8 4 14 
1 11 16 6 14 5 10 12 9 8 2 15 3 7 13 0 
0 13 14 1 11 3 8 4 7 9 6 15 12 10 16 2 
15 4 12 0 11 1 16 7 13 8 5 3 14 10 9 2 
3 4 5 8 15 9 6 1 16 10 2 0 13 14 11 12 
10 13 14 12 1 0 6 15 16 4 11 7 3 9 5 2 
10 2 5 0 7 13 4 1 14 3 8 12 15 11 16 6 
3 6 7 5 2 9 14 0 16 1 13 12 11 8 4 15 
9 15 13 0 5 12 2 10 6 7 14 16 1 3 8 4 
3 5 13 0 15 7 1 6 16 10 8 4 2 11 9 14 
1 15 7 12 10 16 14 4 5 11 0 9 3 2 8 6 
15 3 6 1 16 11 4 12 8 2 9 0 10 5 7 13 
14 5 0 13 7 6 12 3 9 8 2 10 11 1 16 4 
10 9 0 14 8 2 5 3 4 6 7 12 1 13 15 11 
