13 9 14 7 11 4 6 2 1 8 3 16 15 10 5 12 
12 7 13 15 14 16 2 11 5 3 8 0 4 9 10 6 
12 9 3 7 4 13 0 5 10 16 6 15 11 8 14 1 
7 11 15 2 10 6 13 16 0 5 9 1 4 8 12 14 
15 1 7 3 2 9 5 6 12 8 16 11 14 10 13 0 
9 4 15 1 11 2 16 3 12 6 13 0 10 14 8 7 
3 2 1 14 10 7 8 5 12 0 16 4 11 13 15 9 
13 9 8 3 0 12 11 1 5 4 2 15 6 10 16 14 
0 4 6 7 2 5 12 3 13 16 11 9 10 15 14 1 
12 10 2 1 6 14 11 5 3 15 13 0 7 16 4 8 
6 11 7 3 14 4 5 15 1 16 2 0 8 9 13 12 
0 8 2 15 1 10 13 6 9 14 3 12 7 5 4 16 
9 5 16 15 14 7 0 3 1 4 11 13 6 2 10 8 
0 6 7 2 14 5 16 3 9 1 4 8 11 15 12 10 
4 13 3 16 9 2 10 7 5 6 1 12 11 8 0 15 
13 8 2 5 9 0 14 6 7 1 16 12 4 11 3 10 
3 6 8 15 9 0 10 11 14 12 2 4 7 1 13 5 
