7 1 10 11 9 14 15 3 6 13 5 8 4 12 2 16 
7 0 16 2 8 6 5 4 11 9 14 3 12 10 13 15 
12 8 14 7 16 10 13 5 11 6 4 15 0 1 3 9 
16 12 5 4 1 2 10 0 9 15 6 14 7 8 11 13 
3 0 11 7 15 14 6 8 10 13 5 2 16 1 9 12 
10 9 12 2 16 15 13 8 4 3 6 11 7 0 14 1 
11 7 8 0 5 10 3 13 9 2 16 1 15 14 12 4 
3 4 11 6 9 12 15 14 5 13 10 8 1 2 0 16 
3 6 7 9 2 4 5 10 16 1 13 15 0 11 14 12 
12 5 10 0 2 16 1 14 6 4 15 11 7 13 8 3 
16 5 2 15 6 11 7 4 0 1 12 9 14 8 3 13 
1 10 8 13 9 2 12 14 3 4 5 6 7 16 15 0 
14 3 10 15 2 13 9 5 0 4 1 16 7 8 11 6 
0 4 11 6 9 5 7 8 10 2 1 12 14 15 3 16 
6 3 4 5 9 12 15 2 0 16 7 11 1 10 13 8 
16 0 11 1 7 3 13 5 10 4 8 6 2 12 14 9 
4 11 5 3 9 2 8 14 7 1 13 0 10 15 6 12 
