15 3 10 13 9 1 6 12 8 16 5 7 4 2 11 14 
0 4 9 5 6 15 11 3 14 8 2 10 12 13 16 7 
15 8 11 1 7 12 13 16 4 9 6 0 5 3 14 10 
14 10 2 8 16 5 0 12 11 1 4 9 15 7 13 6 
5 10 13 9 16 2 0 7 8 3 14 11 15 6 12 1 
13 14 16 11 10 4 6 9 3 15 8 7 2 1 0 12 
10 8 14 15 5 0 16 3 9 11 2 1 12 4 13 7 
0 15 3 1 16 5 2 8 12 14 10 13 4 11 9 6 
11 1 15 2 5 4 9 0 13 14 16 10 7 12 3 6 
11 6 1 14 4 12 2 0 15 7 16 13 3 8 10 5 
12 0 3 16 7 9 4 6 13 14 2 15 11 5 8 1 
10 0 9 5 12 2 16 8 13 3 4 7 15 6 14 1 
6 0 16 3 11 2 8 1 13 7 4 15 14 9 5 10 
12 3 5 0 4 8 2 11 7 10 9 15 16 6 1 14 
13 5 2 16 15 1 8 11 7 12 10 9 6 4 3 0 
4 13 7 9 12 0 6 3 8 16 2 1 10 5 14 11 
9 4 5 10 0 6 12 3 11 8 2 1 15 7 14 13 
