12 13 8 5 7 1 11 15 10 6 14 16 4 3 2 9 
10 7 14 6 11 5 12 4 16 2 0 13 15 8 9 3 
0 6 3 4 7 16 13 12 14 10 8 5 9 15 1 11 
2 0 5 7 16 15 14 11 13 8 9 6 12 4 10 1 
8 7 12 13 11 15 5 0 9 1 10 16 6 3 2 14 
15 4 1 13 11 10 8 14 12 3 0 6 7 16 9 2 
9 11 1 0 4 2 5 16 12 10 14 15 7 8 13 3 
0 4 2 15 6 8 3 16 12 10 5 11 13 9 1 14 
14 11 13 3 15 0 12 9 4 16 10 7 5 1 2 6 
4 14 6 10 1 13 11 3 15 0 8 5 7 12 16 2 
12 6 11 2 7 8 4 9 1 5 3 16 15 13 0 14 
16 15 12 0 2 9 8 1 14 3 5 13 10 4 6 7 
1 14 15 2 0 5 4 16 6 8 11 3 10 13 7 9 
14 0 16 3 12 4 10 2 6 9 5 15 1 11 7 8 
4 0 10 8 1 7 11 16 5 6 3 12 13 9 2 15 
11 8 13 2 16 9 14 12 3 0 6 7 10 5 1 4 
8 0 9 10 13 2 5 11 1 6 3 15 14 4 12 7 
