4 13 1 2 9 14 6 3 16 12 15 7 8 5 10 11 
8 3 12 0 4 5 10 2 11 9 7 6 16 15 13 14 
5 6 15 10 16 7 12 13 8 9 3 4 11 0 1 14 
4 8 5 6 12 10 11 16 9 15 7 1 14 2 13 0 
3 7 1 0 13 10 6 9 14 5 12 11 8 16 15 2 
6 0 12 2 11 7 16 3 13 10 14 9 4 8 1 15 
0 5 10 1 14 3 11 7 9 12 4 2 15 8 13 16 
1 9 5 10 3 12 2 13 16 6 11 0 8 4 15 14 
7 12 11 16 13 9 15 10 4 5 2 14 1 3 6 0 
15 5 1 8 10 16 7 14 12 6 2 4 3 11 0 13 
3 8 0 5 2 13 1 14 11 15 16 7 6 12 4 9 
10 5 6 9 14 4 15 2 16 13 8 12 3 1 0 7 
1 7 0 5 13 4 16 3 8 15 11 6 10 9 14 2 
6 7 16 3 5 0 2 15 9 12 10 4 8 11 1 14 
0 2 8 11 1 13 3 10 12 5 6 16 7 9 4 15 
6 3 14 2 12 0 1 16 8 7 4 13 10 9 5 11 
10 3 11 1 14 8 2 0 9 13 7 12 6 5 4 15 
