4 1 2 15 6 14 3 9 7 16 13 12 8 10 5 11 
12 3 8 0 2 5 4 10 7 9 6 16 15 11 13 14 
10 15 1 14 13 7 3 16 4 5 8 9 6 11 12 0 
6 8 5 11 16 10 12 4 7 9 1 15 2 14 0 13 
10 7 12 0 15 9 11 1 5 6 13 14 8 2 3 16 
2 6 9 12 11 7 16 3 10 14 13 0 1 15 4 8 
5 1 10 0 3 7 14 11 9 2 4 12 16 8 15 13 
9 1 10 5 13 2 3 12 11 16 0 6 4 8 14 15 
5 4 12 11 10 15 9 13 16 7 14 2 0 6 3 1 
8 3 5 6 16 2 12 10 13 4 11 15 0 7 14 1 
3 12 15 8 0 2 14 1 16 5 7 11 6 13 4 9 
6 10 5 9 14 4 2 15 13 12 8 16 3 7 1 0 
0 5 7 10 13 4 3 16 8 11 15 6 9 2 14 1 
4 10 3 14 0 5 2 15 7 9 6 12 11 1 16 8 
11 8 2 0 13 1 10 4 5 12 6 16 7 15 9 3 
3 2 14 6 11 0 1 16 12 13 8 7 9 10 5 4 
11 2 3 1 10 15 9 8 7 12 13 0 6 14 5 4 
