6 13 5 2 14 7 10 8 16 11 12 4 15 1 3 9 
10 0 15 6 3 5 11 9 4 7 16 12 14 8 13 2 
3 5 1 14 6 9 12 16 0 15 8 11 13 10 4 7 
9 8 2 15 0 4 1 14 7 6 5 16 13 11 10 12 
14 2 10 5 9 3 0 13 7 12 16 15 1 8 6 11 
8 4 15 9 11 6 16 12 10 13 14 1 3 7 2 0 
1 5 9 8 11 3 2 4 10 7 0 13 12 14 16 15 
6 2 0 9 8 12 1 5 10 16 13 11 4 15 14 3 
7 9 4 12 0 1 3 11 13 16 2 14 10 15 5 6 
15 5 4 13 8 0 12 10 11 7 1 14 6 2 3 16 
6 16 0 5 13 3 12 8 1 7 15 2 11 14 9 4 
8 12 15 4 2 10 5 9 0 7 3 14 6 13 16 1 
6 8 14 13 4 1 2 10 15 0 5 11 7 9 16 3 
0 10 5 16 14 3 15 2 12 4 8 1 7 9 11 6 
11 8 2 13 0 4 3 12 5 6 1 7 15 10 16 9 
7 12 8 10 13 5 9 3 0 16 1 2 4 6 11 14 
8 11 15 1 14 3 12 6 0 10 9 4 5 2 7 13 
