16 7 14 12 4 1 11 3 8 5 10 9 6 13 2 15 
14 0 15 2 3 12 8 5 13 6 10 4 7 11 16 9 
6 9 5 16 1 13 7 10 3 4 11 12 14 8 0 15 
14 0 15 2 12 11 13 4 7 1 5 16 9 6 8 10 
9 10 16 2 8 6 13 0 5 11 12 3 15 7 1 14 
6 13 10 1 4 16 2 15 12 11 3 0 7 8 14 9 
14 8 13 0 4 15 1 3 10 11 16 5 9 12 7 2 
14 0 9 2 1 10 13 12 4 6 16 5 8 3 15 11 
11 16 5 6 10 15 1 9 2 7 14 0 13 4 3 12 
0 14 2 15 11 3 4 5 8 6 16 13 12 7 10 1 
13 1 4 11 2 7 12 9 3 15 14 5 16 0 8 6 
6 5 9 0 13 12 3 4 16 14 8 2 1 15 7 10 
3 4 15 1 5 11 13 7 9 10 8 16 2 6 14 0 
9 14 2 0 4 15 3 11 1 6 10 7 8 5 12 16 
12 7 0 5 11 3 1 4 16 10 15 2 13 6 9 8 
5 11 12 3 0 9 16 6 7 4 2 14 8 13 10 1 
1 6 13 3 11 9 4 8 2 5 12 7 10 15 14 0 
