13 14 11 8 2 9 16 3 7 10 5 4 1 6 12 15 
3 9 0 13 2 7 5 6 4 14 11 10 15 12 8 16 
9 6 0 14 10 16 15 8 3 13 12 4 7 1 11 5 
4 6 14 7 12 11 1 5 10 16 2 9 8 15 0 13 
10 9 14 2 5 7 13 11 1 6 3 15 8 16 12 0 
2 8 12 10 16 9 13 0 11 4 1 7 3 6 15 14 
14 8 2 15 12 13 10 16 4 9 7 0 3 1 5 11 
16 15 0 13 3 1 11 4 8 14 12 6 5 2 10 9 
4 10 5 9 0 2 7 1 11 15 3 16 12 14 6 13 
5 11 8 1 7 12 2 10 4 0 3 16 15 13 14 6 
6 2 7 14 9 3 13 0 15 11 8 16 4 5 12 1 
1 3 15 4 13 7 5 8 9 0 16 10 14 2 6 12 
15 16 0 13 3 4 5 1 9 2 8 14 7 10 6 11 
9 0 3 16 11 14 6 8 1 12 2 15 10 5 4 7 
0 1 6 8 3 10 9 12 15 16 4 13 11 2 5 7 
1 8 11 4 12 2 14 10 9 5 3 16 7 6 0 13 
10 9 5 2 6 12 14 15 11 4 1 8 3 7 0 13 
