11 3 15 7 4 8 12 9 16 1 10 6 13 2 14 5 
8 15 16 3 5 11 12 10 14 13 4 9 2 0 7 6 
0 5 15 4 14 8 6 3 10 11 9 13 7 1 16 12 
6 12 0 13 15 5 7 16 10 4 8 2 9 11 14 1 
14 9 0 13 7 1 16 6 11 12 15 2 3 10 5 8 
3 6 0 13 1 12 2 15 7 14 9 8 4 16 10 11 
4 9 15 11 10 1 5 13 2 12 3 14 16 0 8 7 
4 11 6 5 12 2 3 16 15 14 13 0 8 9 1 10 
1 9 12 3 10 15 13 0 16 4 2 11 14 5 7 6 
3 1 4 5 10 7 15 12 14 16 2 0 6 11 8 13 
5 3 9 7 14 16 13 12 6 11 15 1 4 0 8 2 
9 12 5 0 16 2 14 1 6 3 4 13 7 10 8 15 
7 13 4 9 14 10 2 6 11 0 5 3 16 1 15 8 
0 3 11 10 7 5 8 12 2 6 14 1 9 15 4 16 
13 1 8 5 12 9 2 15 7 10 16 3 11 4 6 0 
5 4 8 12 13 11 1 7 6 0 16 3 14 2 10 9 
8 11 2 7 9 4 0 1 6 5 12 13 10 14 3 15 
