8 5 2 15 1 14 9 16 4 12 10 13 7 11 6 3 
3 6 2 15 11 9 0 12 10 13 4 8 16 14 7 5 
16 10 5 6 12 0 15 11 8 4 9 13 3 7 14 1 
15 0 14 1 4 13 10 8 11 6 12 5 16 9 7 2 
2 3 1 6 5 9 14 15 7 8 11 0 10 12 16 13 
3 7 10 1 8 6 2 15 9 13 4 12 14 0 11 16 
12 11 13 0 7 3 1 14 2 9 8 4 15 16 5 10 
2 8 9 3 11 0 6 15 12 1 13 4 14 10 16 5 
4 3 1 11 14 15 13 10 7 12 9 0 6 2 5 16 
16 10 13 2 12 6 8 15 4 5 14 11 3 0 7 1 
4 6 8 12 11 14 15 5 0 9 2 16 3 7 13 1 
3 0 1 14 13 10 2 8 12 4 6 15 16 7 9 5 
3 0 1 9 5 2 6 13 7 4 8 16 10 15 11 14 
11 2 3 1 14 12 0 15 10 7 8 16 9 6 5 4 
15 6 11 5 0 8 7 12 10 4 13 3 2 1 9 16 
14 5 16 2 1 0 11 3 7 4 6 10 8 12 9 13 
4 13 3 12 1 6 5 9 0 8 15 2 7 14 11 10 
