13 5 2 12 8 10 14 7 16 4 6 11 15 3 1 9 
10 15 6 0 3 5 11 9 4 7 12 16 13 14 2 8 
3 5 14 1 6 9 16 12 8 0 11 15 10 13 4 7 
9 8 2 15 0 4 14 1 6 16 5 7 12 13 11 10 
5 2 10 14 3 9 0 13 7 16 15 12 6 1 11 8 
8 15 14 4 6 9 12 11 16 10 13 1 3 0 2 7 
8 9 1 5 3 2 4 11 7 10 0 13 14 16 12 15 
2 6 9 0 5 8 1 12 11 14 16 10 4 3 13 15 
12 4 9 7 0 11 3 1 16 14 2 13 6 10 5 15 
4 13 2 15 12 0 10 8 7 11 14 1 6 5 16 3 
0 16 5 6 3 13 8 12 1 7 15 2 14 9 4 11 
8 12 9 15 10 2 5 4 14 0 7 3 1 16 13 6 
13 8 6 14 10 4 1 2 5 0 11 15 7 9 3 16 
5 8 0 16 14 3 15 2 1 12 4 10 7 6 9 11 
16 11 8 13 3 12 0 4 5 6 7 1 9 10 15 2 
7 8 14 10 5 9 13 3 16 2 1 0 4 12 11 6 
13 15 11 6 1 3 10 12 0 14 9 4 7 5 2 8 
