10 12 13 5 1 4 6 8 16 14 7 15 9 11 3 2 
7 10 6 0 12 11 5 4 16 14 13 2 3 8 9 15 
16 4 13 12 7 0 6 3 15 8 1 10 9 14 5 11 
9 5 7 0 4 15 8 14 11 2 1 13 10 6 16 12 
13 12 7 8 5 10 11 1 15 16 9 0 3 6 14 2 
15 13 7 11 8 4 10 14 3 12 6 1 0 9 2 16 
1 11 0 13 4 2 5 16 14 12 3 10 7 15 9 8 
0 12 15 2 1 6 16 8 3 4 11 13 10 9 14 5 
0 11 1 14 9 3 12 15 7 16 10 4 5 6 13 2 
10 6 11 7 12 13 1 14 8 15 0 5 2 4 3 16 
16 12 6 11 13 5 9 4 7 2 14 1 15 3 0 8 
4 10 14 0 7 12 6 16 3 8 2 5 13 1 15 9 
6 1 15 2 8 16 7 4 3 0 10 11 14 9 13 5 
12 0 3 16 5 1 11 2 15 6 4 9 10 7 8 14 
13 15 11 8 16 7 9 1 0 5 3 6 10 12 4 2 
3 2 8 13 9 12 14 1 6 0 4 11 5 10 16 7 
0 6 1 8 2 13 7 14 3 9 10 15 12 4 11 5 
