12 7 14 1 9 15 3 4 6 8 10 2 5 13 11 16 
7 4 6 15 12 10 2 0 16 9 8 13 3 5 14 11 
6 12 9 10 7 0 3 4 8 11 14 1 13 5 16 15 
7 1 9 15 12 11 16 4 14 6 8 13 2 10 5 0 
6 5 0 10 1 15 7 8 14 12 3 16 11 2 13 9 
15 14 12 11 13 10 8 6 0 4 1 2 9 7 16 3 
13 9 15 5 4 14 10 3 2 12 16 1 7 8 11 0 
5 6 16 0 10 12 14 8 9 4 13 1 3 11 15 2 
10 5 3 16 15 4 1 13 2 6 0 9 11 14 7 12 
0 2 10 6 5 4 16 3 7 8 14 1 15 13 12 11 
7 15 9 3 12 11 1 14 6 2 0 8 5 13 4 16 
15 3 14 1 12 10 9 13 7 8 0 6 5 2 4 16 
4 16 5 1 3 13 6 10 8 7 0 2 9 14 11 15 
6 16 4 5 0 10 9 1 12 14 8 11 7 2 15 3 
10 7 8 0 5 2 6 9 11 13 15 3 1 16 4 12 
6 8 2 0 4 7 14 1 9 13 3 12 11 10 16 5 
0 1 15 7 6 8 5 14 13 4 10 9 11 2 3 12 
