2 6 4 3 9 13 14 1 7 12 15 16 5 8 11 10 
0 12 3 8 15 5 4 10 11 7 6 9 2 16 14 13 
15 6 5 10 13 12 16 7 9 3 4 8 11 0 1 14 
4 5 6 8 16 11 10 12 9 15 1 7 14 2 0 13 
1 2 5 3 9 14 10 6 12 7 13 11 8 0 16 15 
12 0 2 6 11 7 3 16 9 10 13 14 1 8 4 15 
10 0 12 8 7 5 11 4 9 2 3 1 13 15 14 16 
9 10 1 5 2 3 12 13 16 0 6 11 8 15 4 14 
12 16 11 7 9 10 13 15 2 14 5 4 0 3 1 6 
1 8 15 5 7 16 10 14 12 2 4 6 3 11 13 0 
3 0 8 5 13 2 1 14 11 16 12 15 4 9 6 7 
6 9 10 0 4 14 15 2 8 13 16 12 1 3 5 7 
5 1 4 0 13 7 16 3 8 15 11 6 9 2 14 10 
7 6 3 16 5 0 15 2 12 9 10 4 11 8 1 14 
11 8 2 0 3 10 4 1 16 5 6 12 7 13 15 9 
2 14 5 3 0 1 4 16 8 13 12 7 9 10 11 6 
11 3 10 1 14 8 2 0 9 12 7 13 15 6 4 5 
