15 3 9 12 8 6 13 10 11 7 1 16 4 14 5 2 
7 6 16 3 4 11 10 8 5 14 2 15 12 9 13 0 
4 8 14 12 13 9 3 1 15 11 5 0 16 10 7 6 
6 5 12 7 11 1 13 4 15 16 14 9 10 0 8 2 
10 7 5 12 11 9 0 13 16 3 2 15 6 8 14 1 
9 8 4 12 6 0 15 2 16 14 10 13 7 3 1 11 
1 15 10 16 11 3 0 8 5 4 7 9 13 12 2 14 
12 8 2 16 0 5 14 1 15 13 10 4 11 6 3 9 
1 4 16 5 9 11 0 6 15 3 12 10 13 14 7 2 
13 5 6 2 1 0 10 3 12 16 14 11 7 15 8 4 
6 4 1 15 12 11 13 5 14 0 3 16 2 7 8 9 
7 0 2 16 13 1 15 8 14 9 10 5 4 6 3 12 
8 13 11 16 9 1 2 4 6 10 5 3 15 14 0 7 
16 0 15 6 9 10 3 2 14 12 4 11 1 8 7 5 
5 8 16 3 10 11 6 2 7 4 13 0 15 12 1 9 
5 8 16 9 2 12 7 0 11 3 10 14 13 4 1 6 
14 13 6 7 3 4 2 12 5 8 15 11 10 0 9 1 
