8 6 15 2 13 9 5 10 4 1 7 11 14 12 16 3 
3 9 7 12 16 13 11 8 6 10 2 0 5 15 14 4 
6 8 10 1 12 13 14 9 15 4 7 5 0 11 3 16 
12 7 5 8 10 4 16 2 9 11 14 6 15 1 0 13 
16 15 12 7 1 11 0 8 3 2 10 14 13 5 6 9 
2 4 0 13 7 10 14 11 6 1 16 12 8 9 3 15 
2 12 1 14 5 0 11 15 4 16 10 9 13 7 8 3 
10 12 2 5 11 16 13 8 4 15 3 1 14 9 0 6 
14 15 7 10 5 1 2 16 3 6 13 11 12 9 4 0 
14 8 5 16 12 11 6 4 3 10 15 1 7 2 13 0 
14 11 2 7 12 15 13 4 9 0 3 8 1 6 16 5 
12 1 2 9 4 10 0 8 6 14 15 16 13 5 3 7 
7 0 15 10 13 6 3 2 4 5 14 1 9 8 16 11 
0 6 15 16 11 12 14 1 10 8 5 3 2 4 7 9 
1 15 7 13 2 11 3 16 9 12 8 10 0 5 6 4 
8 6 7 4 14 12 3 0 9 11 5 2 16 13 10 1 
10 12 13 6 5 3 2 15 11 8 14 4 9 1 7 0 
