12 7 6 13 5 10 8 1 14 16 4 2 3 15 11 9 
4 5 13 16 10 11 15 6 0 7 2 3 8 12 9 14 
1 8 15 3 14 0 16 7 5 9 11 4 6 10 13 12 
9 13 1 14 7 12 4 8 0 16 5 15 2 6 10 11 
15 7 1 14 6 8 13 0 16 11 10 5 2 9 3 12 
1 8 0 6 4 10 14 12 7 9 11 13 16 3 15 2 
9 2 13 1 3 4 5 7 10 0 12 15 8 11 16 14 
9 15 10 16 0 1 3 4 12 5 11 13 6 2 8 14 
10 3 13 0 15 7 14 5 11 12 2 1 9 4 16 6 
3 11 14 6 1 12 7 16 10 4 15 2 5 8 13 0 
5 12 8 3 1 0 11 4 14 9 15 6 2 13 16 7 
3 14 10 13 8 4 15 16 5 1 12 2 7 6 0 9 
8 10 16 3 0 11 9 14 1 5 7 6 4 13 15 2 
2 9 6 8 16 4 0 12 3 11 1 14 5 10 7 15 
4 16 9 6 13 15 1 3 2 0 10 5 11 12 8 7 
9 10 1 8 6 12 16 3 2 5 11 7 14 4 13 0 
5 9 6 3 10 7 1 4 2 0 14 12 11 15 8 13 
