10 1 6 13 5 12 11 3 15 9 14 7 8 2 16 4 
7 14 2 6 16 13 12 10 15 5 0 4 3 9 8 11 
6 11 9 15 4 10 8 1 12 16 7 14 5 3 0 13 
7 2 14 1 4 9 12 0 10 11 13 8 15 16 5 6 
7 6 12 8 9 1 13 0 14 11 5 16 3 10 2 15 
1 15 8 16 11 3 13 7 2 12 9 6 4 0 14 10 
10 5 8 16 7 9 13 15 11 3 4 0 2 12 14 1 
4 13 6 3 16 5 12 1 0 11 2 15 10 9 8 14 
13 15 3 14 7 5 11 4 6 16 0 1 2 12 9 10 
1 6 7 10 14 11 13 5 0 16 4 2 3 8 15 12 
12 13 8 3 14 6 0 16 11 15 1 4 9 2 7 5 
5 1 13 0 10 15 6 7 2 9 3 16 12 4 14 8 
0 10 11 14 7 9 16 3 13 1 8 2 6 4 15 5 
7 0 3 16 1 12 9 4 15 14 5 10 8 2 11 6 
1 3 4 9 10 5 0 2 13 16 15 6 12 8 11 7 
2 1 5 3 16 9 10 8 12 11 6 0 14 13 4 7 
3 11 1 14 7 15 8 0 10 2 13 4 9 5 12 6 
