8 5 4 10 1 2 13 12 11 6 14 16 7 15 3 9 
13 15 6 10 9 14 12 3 8 11 16 7 4 0 2 5 
12 4 5 3 10 0 9 6 11 15 8 16 13 7 14 1 
4 1 15 2 7 6 11 10 9 5 12 14 8 16 0 13 
2 14 7 5 6 3 13 0 15 12 16 10 11 9 8 1 
1 6 7 8 15 4 11 12 14 3 9 13 10 0 16 2 
3 7 8 13 10 1 9 4 2 0 5 11 16 12 14 15 
0 9 2 6 13 5 15 1 4 14 10 8 11 12 3 16 
5 3 1 10 16 7 2 12 0 14 9 4 15 6 13 11 
4 15 10 13 3 8 12 0 11 5 6 14 2 7 16 1 
2 14 13 4 5 3 0 12 7 11 15 1 6 16 9 8 
16 12 10 9 8 6 3 2 15 0 14 7 5 1 4 13 
11 1 3 2 10 8 7 14 6 15 5 0 9 4 13 16 
1 6 16 12 3 14 2 15 5 9 11 4 8 0 7 10 
1 10 0 3 12 11 4 6 13 5 7 16 9 8 2 15 
9 7 13 8 5 16 1 14 10 2 3 11 6 4 12 0 
6 2 0 13 12 8 14 1 5 11 9 15 10 7 4 3 
