16 13 6 14 1 3 9 15 4 7 5 12 10 8 2 11 
9 0 8 12 11 16 2 10 15 7 5 3 14 13 6 4 
1 16 8 5 7 6 13 15 9 14 4 10 0 3 12 11 
5 7 1 14 10 16 12 4 9 15 6 13 11 2 8 0 
12 0 10 8 1 11 6 5 15 13 9 7 14 2 16 3 
16 9 6 8 11 4 3 13 12 10 14 1 7 0 15 2 
1 9 10 5 11 8 13 2 4 12 3 16 7 15 0 14 
1 8 5 10 2 12 13 3 0 11 6 16 4 14 9 15 
12 3 4 11 7 2 13 9 1 6 10 5 0 15 16 14 
11 0 10 5 3 16 15 2 12 13 1 14 8 7 4 6 
15 0 6 12 13 5 3 9 11 7 16 2 4 8 1 14 
9 1 2 8 4 15 7 14 13 12 16 5 6 3 0 10 
0 1 15 11 6 9 4 16 2 10 8 3 7 13 14 5 
9 3 14 4 5 6 0 2 8 16 7 12 15 10 11 1 
12 0 15 2 9 4 1 13 8 11 6 5 10 7 16 3 
14 13 3 5 0 16 11 2 4 7 9 12 10 1 8 6 
3 10 11 1 8 14 2 15 7 9 0 6 5 13 12 4 
