7 5 12 8 11 1 2 15 10 6 14 16 4 9 13 3 
6 10 7 14 11 5 2 4 8 3 0 13 9 16 15 12 
0 4 9 6 7 12 13 16 10 5 14 8 1 11 3 15 
2 7 5 0 16 15 14 11 13 8 6 9 10 4 1 12 
13 12 7 8 5 15 11 0 9 10 1 16 3 6 14 2 
15 9 3 13 8 14 11 10 1 0 6 12 7 4 2 16 
9 1 11 0 2 5 4 16 15 3 10 12 8 13 7 14 
10 2 11 0 6 8 3 16 9 12 5 14 4 1 13 15 
11 3 13 14 12 0 4 15 9 16 7 10 5 2 1 6 
10 13 6 14 1 4 16 11 15 5 8 0 12 3 2 7 
16 6 2 11 4 7 9 8 12 3 5 1 15 14 0 13 
16 12 0 15 2 1 8 9 4 14 3 13 6 7 10 5 
1 7 2 15 4 0 5 16 3 14 8 11 9 13 10 6 
14 0 3 16 10 12 2 4 9 15 8 5 1 7 11 6 
0 10 8 4 11 1 15 2 9 5 12 3 16 13 7 6 
13 10 9 8 2 16 12 11 6 7 3 0 5 4 1 14 
10 15 8 11 5 2 13 0 6 1 9 3 4 7 12 14 
