4 3 15 14 1 10 7 8 11 6 12 9 2 13 5 16 
7 9 5 13 12 8 14 16 15 0 3 6 2 10 11 4 
0 12 16 15 11 5 6 8 9 7 10 14 4 3 1 13 
2 16 7 6 4 8 14 9 11 10 13 15 1 0 12 5 
5 6 13 1 8 16 10 7 14 15 11 9 3 2 0 12 
4 7 11 0 9 12 14 1 10 6 16 3 13 8 15 2 
7 12 8 15 9 4 16 0 1 13 2 10 5 3 11 14 
5 8 2 4 15 10 0 12 9 11 1 6 13 14 16 3 
10 14 12 5 4 15 6 7 1 11 2 0 13 9 3 16 
7 6 1 14 3 4 12 5 10 0 2 16 8 15 13 11 
13 8 9 1 14 11 16 0 2 7 12 3 5 4 6 15 
9 5 2 15 13 3 14 1 10 0 6 8 7 4 16 12 
6 14 13 4 10 11 7 2 9 15 3 16 0 1 5 8 
8 3 7 0 1 4 16 11 6 14 2 15 5 12 9 10 
1 5 15 16 8 2 3 4 6 0 9 10 13 11 7 12 
6 3 12 11 1 2 7 9 5 16 8 14 10 4 13 0 
6 12 2 13 11 9 8 3 10 4 15 1 7 5 14 0 
