6 3 4 2 13 9 1 14 12 16 15 7 5 10 11 8 
12 6 0 13 9 10 15 4 7 11 5 3 8 14 2 16 
10 15 5 6 13 12 7 16 11 9 4 8 3 0 1 14 
8 4 6 2 5 10 14 12 7 9 0 1 15 16 11 13 
5 3 1 2 10 6 0 9 11 15 13 12 8 7 14 16 
6 0 1 2 11 7 3 16 14 13 10 9 4 15 8 12 
12 0 10 8 5 7 11 4 2 13 3 9 15 16 14 1 
5 9 12 13 1 2 10 3 11 0 16 6 15 4 14 8 
16 12 11 7 1 9 13 0 14 4 15 5 6 3 10 2 
8 1 5 15 14 10 16 7 2 4 6 12 3 11 0 13 
5 0 7 1 2 14 12 13 16 15 11 8 4 9 3 6 
10 0 9 6 4 14 2 15 16 8 13 12 5 7 1 3 
4 0 1 5 13 7 16 3 15 8 11 6 9 10 2 14 
2 6 0 3 15 16 7 5 10 9 12 11 8 4 14 1 
0 3 8 2 9 1 10 4 16 11 6 12 5 15 13 7 
5 3 8 2 0 4 16 1 12 11 7 6 10 9 13 14 
3 10 6 9 14 0 2 15 8 11 7 12 13 4 1 5 
