11 5 10 14 13 7 15 8 6 2 16 9 12 4 1 3 
15 11 16 3 10 7 12 13 2 8 14 4 5 9 0 6 
9 13 1 14 6 11 8 5 0 4 16 3 7 15 10 12 
12 6 0 13 14 11 4 16 9 5 2 15 8 1 7 10 
7 15 0 3 9 8 2 11 13 16 14 12 1 10 5 6 
4 10 12 8 13 6 15 11 1 9 7 16 0 3 14 2 
12 2 1 14 4 7 11 9 15 0 10 16 3 13 8 5 
0 10 1 14 2 13 3 6 11 16 8 5 4 15 9 12 
9 12 7 3 6 4 14 15 0 5 1 16 2 10 11 13 
11 12 0 2 8 1 6 3 10 15 14 5 7 13 4 16 
2 5 12 16 3 11 4 1 6 7 14 9 15 8 0 13 
8 12 3 14 10 6 0 4 5 9 1 13 16 7 2 15 
3 14 7 5 1 6 2 15 9 8 16 10 4 11 13 0 
12 1 11 15 4 2 7 5 10 6 16 3 8 9 0 14 
1 7 0 11 4 2 10 9 5 3 15 13 12 6 16 8 
7 8 2 0 10 11 3 9 16 13 14 1 4 6 12 5 
3 2 13 10 7 14 6 11 15 4 8 1 9 0 12 5 
