8 5 4 6 3 12 9 1 13 11 2 15 16 10 14 7 
14 13 10 4 15 7 3 16 0 8 2 6 9 12 11 5 
7 6 15 9 10 13 5 1 8 4 3 16 0 12 11 14 
5 16 9 4 12 11 2 15 10 7 8 13 6 0 14 1 
11 8 14 1 5 6 2 13 12 9 3 0 7 16 15 10 
7 0 10 3 8 13 4 9 16 6 15 2 11 12 1 14 
3 11 0 12 5 4 9 1 14 10 13 7 8 16 15 2 
12 11 2 15 10 14 13 9 3 1 5 0 16 6 4 8 
12 0 2 16 5 6 13 9 10 3 1 14 11 15 4 7 
15 0 3 6 7 4 1 16 5 2 11 13 10 12 14 8 
8 6 4 5 12 11 0 16 9 7 14 1 3 13 15 2 
14 12 10 15 7 9 5 6 3 2 0 13 4 16 8 1 
7 0 2 11 14 13 8 5 3 6 10 9 1 4 16 15 
1 15 10 3 16 7 0 14 2 6 12 9 11 4 8 5 
1 9 13 3 16 8 2 7 15 0 4 6 5 11 12 10 
12 10 14 2 11 8 3 0 13 16 4 6 5 7 9 1 
7 4 0 11 10 12 3 13 5 6 9 1 14 8 2 15 
