11 8 4 2 9 1 13 6 10 16 5 7 12 14 15 3 
15 12 0 9 3 2 10 11 16 8 7 13 6 14 4 5 
10 12 7 4 11 13 8 5 1 0 3 16 14 15 9 6 
11 8 9 5 2 7 14 1 4 6 0 13 16 12 10 15 
16 6 11 14 3 12 5 13 1 8 9 2 15 0 10 7 
10 11 1 14 8 16 15 2 12 0 6 3 13 9 4 7 
12 7 14 2 10 8 9 1 5 16 11 0 13 3 4 15 
10 13 16 14 6 5 2 9 12 11 0 3 4 15 8 1 
4 12 16 1 9 10 3 6 13 11 7 15 5 0 2 14 
4 8 13 0 15 5 14 3 10 2 1 11 7 12 6 16 
9 6 1 7 13 12 15 2 0 5 3 16 4 11 8 14 
5 12 4 10 1 6 15 2 3 13 8 14 16 0 9 7 
6 11 8 15 4 7 10 0 9 14 3 16 5 1 2 13 
11 9 7 12 0 10 14 15 6 1 8 5 2 4 3 16 
0 2 3 8 7 16 6 4 15 11 9 5 12 13 1 10 
3 10 5 7 14 9 12 13 16 0 1 8 4 6 11 2 
11 6 13 0 5 12 14 1 7 10 15 2 8 9 4 3 
