10 15 3 16 4 14 2 13 8 7 9 12 1 6 5 11 
11 6 16 14 10 15 7 13 2 0 5 8 3 9 4 12 
9 12 11 0 6 15 14 13 3 5 7 10 16 4 8 1 
5 1 15 12 4 14 8 11 9 10 13 0 7 2 16 6 
15 7 3 16 10 1 0 6 5 2 11 12 13 14 9 8 
9 7 11 6 15 1 12 4 10 2 16 14 8 3 0 13 
11 3 13 1 0 2 10 8 12 16 14 15 4 7 5 9 
13 11 10 8 9 6 1 14 12 3 2 15 16 0 5 4 
1 12 13 0 14 10 11 16 4 6 3 5 9 7 15 2 
13 7 1 5 11 2 4 6 10 14 3 12 0 15 16 8 
12 3 6 14 11 13 9 15 7 4 1 2 5 16 8 0 
10 14 7 12 4 0 15 2 8 3 5 6 9 16 13 1 
5 16 13 4 8 11 15 14 7 10 0 6 1 2 9 3 
0 7 4 10 11 1 14 3 8 9 6 15 16 5 2 12 
6 12 13 5 11 0 2 15 8 10 1 7 4 9 16 3 
2 7 3 8 0 16 12 11 4 6 14 1 13 9 10 5 
10 5 9 11 14 6 15 2 12 7 13 4 1 3 0 8 
