9 3 7 4 2 6 11 14 15 13 5 16 10 8 1 12 
0 4 12 8 16 9 6 2 3 14 7 5 15 11 13 10 
10 1 9 13 11 12 16 3 6 4 14 15 5 7 0 8 
12 0 15 2 10 8 16 6 11 14 7 9 1 4 5 13 
10 7 6 12 9 13 16 3 1 0 2 11 8 14 5 15 
11 10 3 6 4 7 2 15 9 8 0 13 16 12 1 14 
9 5 10 1 16 14 13 4 8 7 11 15 12 3 0 2 
3 5 6 0 8 9 2 14 16 11 1 4 12 13 15 10 
1 15 5 3 12 9 11 16 6 14 13 0 10 4 7 2 
7 8 13 2 4 15 6 1 12 5 16 3 0 11 10 14 
6 9 0 15 5 4 12 11 7 16 14 1 8 13 2 3 
3 4 14 13 16 15 0 10 6 9 1 8 5 7 12 2 
10 4 2 8 16 15 7 9 0 3 14 1 6 11 5 13 
7 16 11 0 12 6 1 4 3 8 15 9 2 5 10 14 
3 1 15 2 7 13 12 6 4 0 10 16 9 11 5 8 
8 11 3 4 16 6 2 5 1 7 0 13 14 12 9 10 
0 5 9 4 13 1 11 2 7 3 6 10 12 14 15 8 
