10 5 9 3 14 8 6 16 11 12 7 13 1 4 15 2 
5 16 0 11 6 13 14 4 2 8 7 3 9 15 10 12 
13 6 4 9 3 8 11 5 16 10 7 12 0 15 1 14 
9 10 1 14 5 15 13 4 8 11 2 7 6 12 0 16 
16 14 8 15 2 5 13 0 1 9 6 12 3 10 11 7 
10 3 9 7 2 11 13 12 1 15 6 4 8 0 16 14 
16 4 13 14 10 1 2 15 5 7 0 12 3 8 11 9 
6 2 1 14 4 5 13 0 3 15 8 9 11 10 12 16 
2 15 3 16 7 11 13 1 10 14 9 12 0 6 5 4 
8 6 0 11 1 10 3 16 12 7 15 2 4 5 14 13 
13 15 4 6 9 12 5 11 2 3 0 14 7 8 16 1 
1 13 10 7 9 8 3 16 0 12 5 14 6 4 15 2 
15 4 6 1 2 14 7 10 8 16 13 0 5 9 11 3 
7 10 14 1 0 5 15 6 9 8 12 2 4 11 3 16 
5 9 15 4 7 8 3 2 1 6 13 0 12 16 11 10 
11 3 1 5 0 12 7 9 8 16 4 10 14 2 13 6 
2 3 13 14 6 11 4 7 15 9 1 8 0 10 5 12 
