5 14 2 15 7 12 11 1 16 10 13 8 3 9 6 4 
7 3 0 10 2 9 11 16 13 6 8 15 4 5 14 12 
0 15 4 11 8 14 10 7 6 1 9 13 5 12 16 3 
1 2 9 13 16 7 10 11 12 8 4 5 15 0 6 14 
9 15 7 0 1 16 12 6 14 3 2 8 13 5 10 11 
6 12 14 13 1 7 3 4 8 11 15 16 10 0 9 2 
13 16 2 15 10 12 4 0 11 3 1 14 9 7 5 8 
4 15 3 11 1 10 8 5 6 2 16 0 14 12 13 9 
4 10 2 1 7 6 14 16 15 9 12 3 11 5 13 0 
4 2 8 6 10 14 16 3 0 12 1 11 13 7 15 5 
13 5 4 16 11 12 2 15 7 9 14 1 8 3 0 6 
1 8 0 13 6 2 12 7 9 5 16 3 15 4 14 10 
11 9 8 0 3 10 13 6 5 2 7 14 1 16 4 15 
0 16 14 1 10 12 15 9 6 3 5 11 4 8 7 2 
4 16 0 9 5 6 1 15 12 8 11 10 2 7 3 13 
3 12 13 0 7 4 11 6 9 14 16 8 10 5 1 2 
4 11 13 14 2 7 0 12 3 8 1 15 5 6 9 10 
