4 1 13 6 11 5 10 12 14 7 15 2 9 8 3 16 
2 5 9 11 15 16 0 13 6 8 10 3 12 14 7 4 
12 8 14 1 11 6 7 16 9 15 5 13 3 10 4 0 
16 9 1 14 8 12 6 0 10 11 2 15 13 4 7 5 
13 1 7 12 14 5 2 15 0 6 16 3 8 10 11 9 
15 0 16 11 1 4 6 3 10 14 2 8 12 9 13 7 
12 14 5 15 1 9 10 8 2 7 3 4 16 11 13 0 
1 2 3 9 15 11 13 0 6 10 16 8 4 14 5 12 
5 13 14 15 2 16 11 9 10 4 0 3 1 12 7 6 
11 5 14 13 8 15 16 3 12 1 10 2 0 6 7 4 
16 15 1 14 3 13 9 8 12 2 7 5 6 11 0 4 
3 4 8 0 13 15 10 9 6 16 1 14 2 7 5 12 
16 15 8 11 6 10 1 14 4 5 2 7 9 3 13 0 
4 14 15 3 1 2 6 11 0 7 5 12 9 8 10 16 
10 0 6 3 8 5 13 11 4 1 9 16 12 7 15 2 
7 11 4 0 8 6 16 3 12 14 5 13 1 2 9 10 
12 15 5 14 7 2 1 4 11 9 13 0 6 3 8 10 
