7 13 9 14 6 2 4 11 8 1 16 3 5 12 15 10 
7 15 13 12 2 16 14 11 3 5 0 8 6 9 4 10 
9 3 12 7 0 10 5 4 16 13 6 15 8 11 14 1 
11 7 15 2 16 10 13 6 9 5 1 0 12 8 14 4 
7 1 3 15 9 6 5 2 16 11 12 8 10 14 13 0 
4 15 9 1 2 11 16 3 6 12 0 13 14 10 8 7 
14 1 3 2 5 10 8 7 12 4 0 16 9 13 15 11 
3 9 13 8 12 0 1 11 4 5 2 15 6 10 14 16 
0 4 7 6 5 12 2 3 13 16 9 11 10 15 14 1 
10 1 12 2 11 6 14 5 15 3 13 0 16 7 4 8 
11 6 3 7 4 15 14 5 16 2 1 0 8 13 9 12 
8 0 2 15 6 13 10 1 12 9 14 3 4 5 7 16 
9 16 15 5 0 3 14 7 11 4 13 1 8 6 2 10 
2 0 7 6 5 14 16 3 1 4 8 9 12 10 15 11 
4 13 16 3 7 10 9 2 5 1 6 12 11 15 0 8 
2 13 5 8 0 9 14 6 7 12 16 1 3 4 11 10 
6 15 8 3 11 10 0 9 12 2 4 14 1 5 7 13 
