8 6 15 2 5 13 10 9 11 4 7 1 14 12 16 3 
7 9 16 3 13 8 11 12 6 2 0 10 5 14 15 4 
3 1 6 4 8 14 13 9 15 5 12 7 10 0 11 16 
5 8 7 12 2 16 4 10 9 11 14 6 1 15 13 0 
15 16 7 12 0 1 11 8 14 10 3 2 6 13 9 5 
2 4 0 13 14 7 10 11 1 16 12 6 8 3 15 9 
2 12 14 1 11 5 0 15 4 10 16 9 3 7 13 8 
2 5 10 12 11 8 16 13 0 4 15 3 6 9 14 1 
15 14 7 10 2 16 1 5 11 6 13 3 12 0 9 4 
8 14 5 16 12 4 6 11 3 10 15 1 7 2 0 13 
14 11 7 2 15 12 4 13 0 9 3 8 5 6 16 1 
1 9 2 12 8 0 4 10 16 14 6 15 13 5 3 7 
7 15 0 10 6 2 13 3 5 4 14 1 8 9 11 16 
6 16 15 0 11 12 14 1 5 10 3 8 7 9 4 2 
13 15 7 1 2 11 3 16 10 12 8 9 0 6 4 5 
6 4 7 8 0 14 12 3 9 2 11 5 16 13 10 1 
6 10 12 13 11 15 3 5 4 8 14 2 1 7 0 9 
