12 8 5 13 7 11 1 15 14 10 6 16 3 2 4 9 
7 14 10 6 4 12 11 5 2 16 0 13 9 3 15 8 
4 16 13 0 3 6 7 12 1 8 10 15 11 14 9 5 
5 2 0 7 8 4 14 15 13 11 9 6 1 12 16 10 
12 13 8 7 15 1 11 5 16 9 10 0 6 2 3 14 
4 15 13 1 11 14 8 10 12 3 7 6 16 9 0 2 
1 11 9 0 2 16 4 5 15 12 10 14 8 7 13 3 
0 12 15 2 8 6 3 16 4 1 11 5 10 9 13 14 
13 11 1 14 12 9 3 15 4 7 10 16 5 2 6 0 
4 6 10 11 13 3 1 14 5 0 15 8 2 7 12 16 
16 11 2 6 13 7 4 9 3 5 12 1 14 8 15 0 
14 10 4 0 9 2 6 8 3 5 13 12 1 15 16 7 
1 6 2 15 16 0 4 5 11 8 3 13 9 10 7 14 
0 14 3 16 2 4 10 12 9 5 15 6 11 1 7 8 
8 4 10 16 1 11 7 12 3 0 5 6 13 9 15 2 
8 2 3 13 16 12 9 14 0 7 11 6 5 10 4 1 
0 9 8 10 13 5 2 11 3 1 15 6 12 14 7 4 
