10 15 16 9 6 3 1 14 8 4 13 2 7 11 12 5 
10 4 2 7 5 6 0 13 9 11 8 16 14 3 15 12 
8 13 15 10 4 9 14 3 16 7 6 12 0 11 5 1 
1 5 8 6 4 10 2 0 15 13 12 11 16 7 14 9 
12 14 13 0 6 7 10 9 15 1 5 11 8 2 16 3 
13 2 7 9 6 0 3 16 4 15 1 14 11 10 12 8 
9 3 12 2 13 11 10 15 5 14 4 8 0 16 1 7 
15 8 14 16 12 5 0 2 10 1 4 11 9 3 6 13 
2 1 3 16 11 7 4 12 15 5 0 13 6 10 9 14 
7 0 11 3 10 5 2 15 12 8 6 14 16 1 13 4 
11 2 4 16 9 3 5 1 7 0 15 8 13 6 12 14 
2 14 5 9 4 12 3 1 0 6 15 16 8 13 7 10 
3 6 15 2 8 7 14 1 5 10 0 9 13 16 4 11 
0 1 7 2 3 5 10 12 15 4 8 9 14 6 11 16 
5 3 7 6 1 13 12 9 11 10 8 0 16 4 2 15 
8 9 0 4 1 10 16 12 14 6 11 2 5 7 3 13 
2 11 5 4 12 15 9 0 10 3 1 6 13 8 14 7 
