3 15 13 10 12 9 1 6 7 8 5 16 2 4 14 11 
4 0 5 9 3 15 11 6 8 10 2 14 7 16 13 12 
1 8 11 15 12 13 7 16 4 9 0 6 10 14 3 5 
2 10 8 14 0 12 16 5 9 1 4 11 7 6 13 15 
10 3 9 13 2 0 16 7 5 11 14 8 12 6 1 15 
16 13 11 14 10 4 9 6 7 8 3 15 0 2 12 1 
8 10 15 14 5 3 16 7 9 1 2 11 4 12 0 13 
1 0 3 15 16 2 5 8 10 13 12 14 6 4 11 9 
1 11 15 2 0 4 9 5 14 13 16 10 7 3 6 12 
2 11 1 14 12 6 4 0 16 7 15 13 5 10 3 8 
12 6 0 3 7 16 4 9 14 13 15 2 8 11 1 5 
10 9 0 5 16 12 2 8 3 4 13 7 15 6 1 14 
6 0 16 3 1 8 11 2 7 15 13 4 9 10 5 14 
7 3 0 5 11 9 2 4 14 10 8 12 15 1 16 6 
5 2 13 16 8 11 1 15 10 9 7 12 3 0 4 6 
9 7 4 13 12 6 3 0 1 16 2 8 10 14 11 5 
9 4 5 10 6 12 3 0 1 2 11 8 13 15 14 7 
