10 8 13 15 1 9 12 6 5 7 3 16 4 2 11 14 
4 9 5 0 15 3 6 11 8 14 10 2 12 13 16 7 
8 15 13 11 12 1 7 16 4 6 0 9 5 3 14 10 
14 2 10 8 16 5 12 0 4 1 11 9 13 6 15 7 
5 10 13 9 0 16 7 2 11 8 1 14 6 12 15 3 
13 16 11 14 4 10 9 6 15 3 7 8 2 0 1 12 
8 10 15 14 5 0 3 16 9 1 2 11 12 7 13 4 
0 15 1 3 5 2 8 16 12 10 14 13 4 9 11 6 
1 11 2 15 4 0 9 5 10 16 14 13 3 7 6 12 
6 11 14 1 4 12 2 0 16 7 15 13 8 10 5 3 
0 12 16 3 6 9 7 4 14 13 15 2 1 8 11 5 
5 0 10 9 16 2 12 8 4 13 7 3 15 6 1 14 
6 0 3 16 1 8 11 2 7 15 13 4 9 5 14 10 
11 5 12 0 3 2 4 8 10 9 15 7 6 16 14 1 
16 5 13 2 8 1 11 15 7 9 12 10 4 0 3 6 
9 7 4 13 12 0 6 3 16 1 2 8 10 14 5 11 
5 4 9 10 0 3 12 6 2 1 8 11 14 13 7 15 
