11 2 14 7 1 9 6 3 16 12 5 4 15 10 13 8 
6 4 13 0 8 10 7 5 15 3 14 12 11 16 2 9 
0 9 7 12 10 5 8 15 6 13 4 16 3 11 14 1 
12 6 14 5 7 4 0 11 10 1 2 8 9 15 16 13 
1 2 10 5 15 9 8 12 7 0 16 3 13 11 14 6 
7 10 8 0 3 12 6 13 2 9 1 11 16 15 14 4 
9 16 0 13 14 4 5 12 7 10 8 11 1 3 15 2 
14 16 8 2 12 15 6 4 1 5 3 10 9 11 13 0 
6 16 13 0 3 7 15 10 12 5 1 11 4 9 14 2 
12 5 0 13 1 7 10 11 6 15 16 3 14 8 4 2 
8 15 1 7 13 9 14 16 11 4 0 12 2 5 6 3 
4 2 14 1 10 7 0 8 3 5 15 12 9 13 6 16 
9 3 14 1 2 4 10 5 0 11 7 8 13 6 16 15 
7 1 4 11 3 14 9 8 16 5 10 2 12 6 0 15 
12 10 3 8 15 1 13 6 2 7 9 0 5 11 4 16 
14 6 13 4 16 2 0 1 11 10 7 5 3 9 12 8 
9 6 8 10 12 3 15 7 13 2 14 1 5 0 11 4 
