6 2 1 14 9 3 13 15 4 7 12 16 8 11 10 5 
12 0 3 6 8 4 10 2 7 5 16 9 14 11 13 15 
5 15 10 1 7 13 3 16 14 9 8 4 6 0 12 11 
11 5 6 8 4 16 10 12 1 9 7 15 2 14 0 13 
7 12 10 0 15 9 16 11 5 13 14 6 3 8 1 2 
12 6 9 2 11 7 16 3 14 10 0 13 15 4 1 8 
15 1 10 5 14 7 11 3 2 4 12 9 8 16 13 0 
1 5 10 9 3 12 2 13 0 16 6 11 4 8 14 15 
11 5 12 4 9 13 15 2 10 7 16 3 6 0 14 1 
8 6 3 5 2 16 12 10 15 13 11 4 7 0 1 14 
12 5 15 3 2 0 1 14 11 7 8 16 9 6 4 13 
10 6 9 5 4 14 15 2 8 13 12 16 3 0 7 1 
10 5 7 0 11 4 13 16 3 15 6 8 9 2 1 14 
14 4 3 16 5 0 15 2 9 6 7 12 11 8 1 10 
12 8 16 0 4 13 1 10 5 6 11 2 3 7 15 9 
9 14 3 6 1 0 16 11 12 13 7 8 10 2 5 4 
1 11 3 2 8 15 9 10 6 7 13 0 12 14 4 5 
