12 7 1 14 3 9 4 15 8 6 10 2 11 5 13 16 
9 4 15 7 10 2 12 0 13 16 6 8 11 5 14 3 
9 6 10 12 3 0 7 4 8 11 1 14 15 5 13 16 
9 1 2 15 4 16 12 11 6 14 8 13 5 0 7 10 
0 5 10 6 7 8 1 15 14 12 3 16 11 13 9 2 
15 14 11 12 13 10 6 8 2 4 1 0 9 7 16 3 
5 9 10 13 4 14 3 15 1 2 12 16 8 0 7 11 
0 6 5 16 8 12 10 14 13 9 1 4 11 3 15 2 
10 5 16 3 1 15 13 4 9 0 6 2 14 7 12 11 
2 0 6 10 5 4 16 3 8 7 1 14 11 13 12 15 
15 9 7 3 11 12 14 1 2 8 6 0 13 16 4 5 
15 3 14 1 13 10 12 9 0 8 6 7 5 4 16 2 
5 1 4 16 6 13 3 10 2 8 7 0 15 11 9 14 
6 4 5 16 0 1 10 9 14 11 8 2 15 3 12 7 
0 10 7 8 5 9 6 16 11 15 3 13 1 4 2 12 
0 2 8 6 7 16 14 1 12 3 4 9 13 10 11 5 
0 15 7 1 6 8 14 5 13 4 10 9 11 3 12 2 
