9 2 11 6 5 13 1 7 4 16 14 10 3 12 8 15 
2 4 16 11 10 9 6 0 3 7 13 15 12 14 8 5 
14 6 4 9 7 1 8 12 10 13 16 3 11 5 0 15 
8 16 11 12 6 4 2 1 10 5 0 13 15 7 9 14 
11 8 1 14 10 15 0 13 2 6 16 3 12 9 7 5 
16 6 9 10 4 14 7 12 3 11 15 0 2 8 1 13 
1 16 9 0 4 11 8 2 14 5 10 3 13 12 7 15 
5 1 13 12 11 16 2 4 3 0 15 14 6 8 10 9 
11 6 4 16 2 9 14 1 15 12 7 13 3 10 0 5 
7 16 14 12 13 1 3 4 8 2 11 6 5 10 15 0 
9 6 8 1 4 5 13 11 7 0 12 15 14 2 3 16 
8 3 12 7 4 6 0 13 9 10 2 1 15 16 14 5 
0 1 16 3 7 5 10 13 4 15 14 11 9 8 2 6 
9 12 0 1 15 6 11 8 2 4 14 16 7 3 5 10 
5 7 3 12 4 16 13 10 6 9 0 11 8 1 2 15 
4 13 1 3 16 12 14 2 6 11 9 0 8 7 5 10 
4 2 6 12 13 1 3 10 7 15 14 0 11 8 9 5 
