6 2 1 14 9 13 3 15 7 4 16 12 10 5 8 11 
11 0 12 6 2 10 4 8 7 9 16 3 13 14 15 5 
16 5 1 10 13 6 15 7 9 4 14 8 0 12 11 3 
11 8 5 6 10 16 12 4 7 9 15 1 2 14 0 13 
7 10 12 0 11 6 1 9 15 13 5 14 8 2 3 16 
6 9 2 12 7 11 3 16 10 13 8 14 4 1 0 15 
5 1 15 10 11 8 7 3 2 9 12 4 16 14 0 13 
9 16 5 10 12 2 13 3 1 11 0 6 14 8 15 4 
4 12 11 5 13 9 2 15 10 7 16 3 6 0 1 14 
3 6 5 11 16 10 2 15 4 14 12 13 7 0 1 8 
5 8 3 15 6 14 0 13 16 11 7 12 1 2 9 4 
9 10 6 5 15 7 4 14 8 13 3 16 0 2 1 12 
5 10 7 0 16 6 4 13 15 8 11 3 9 2 14 1 
3 9 4 14 0 6 2 15 16 12 8 7 5 1 10 11 
8 16 0 12 13 10 1 4 2 11 6 5 15 3 9 7 
5 3 13 6 1 16 0 11 7 8 12 10 9 2 4 14 
10 11 3 1 9 14 2 15 0 6 8 7 12 4 13 5 
