12 11 1 14 13 5 8 9 15 10 16 7 3 6 4 2 
11 12 10 8 6 2 4 9 0 14 15 5 13 7 3 16 
11 0 16 10 6 3 8 13 9 1 7 15 4 12 5 14 
11 16 6 15 7 10 9 0 4 5 14 1 12 13 2 8 
8 1 16 3 11 0 2 15 13 6 12 9 7 5 14 10 
11 15 9 3 16 12 14 4 8 7 13 0 6 2 1 10 
11 13 10 2 5 7 3 0 8 9 14 16 15 1 12 4 
6 12 10 16 15 11 14 0 3 9 5 2 1 8 13 4 
10 13 2 4 0 12 15 3 5 11 6 14 9 1 16 7 
4 16 2 11 7 10 13 6 0 1 5 8 14 12 3 15 
3 0 14 9 8 2 6 1 13 5 15 7 4 16 11 12 
3 13 8 14 16 1 2 15 4 7 6 0 10 5 12 9 
10 4 2 8 7 11 13 15 14 5 6 9 1 0 16 3 
10 5 2 15 4 7 12 8 6 0 14 1 9 11 3 16 
8 16 7 6 12 5 3 2 9 11 13 1 10 15 0 4 
14 13 9 4 6 11 3 8 7 2 12 0 10 5 16 1 
11 1 3 7 14 8 9 10 4 5 0 2 6 13 15 12 
