5 9 10 3 14 6 8 16 7 13 12 11 1 4 2 15 
5 0 11 16 13 6 4 14 8 7 2 3 10 9 12 15 
6 4 13 9 5 3 11 8 0 10 16 12 7 15 14 1 
10 9 1 14 4 15 13 5 11 8 2 7 0 12 6 16 
15 16 8 14 5 2 0 13 1 12 6 9 7 3 10 11 
3 7 10 9 2 11 12 13 15 6 1 4 16 14 8 0 
4 14 13 16 10 1 15 2 5 12 0 7 9 11 8 3 
6 2 14 1 5 4 13 0 15 8 3 9 16 10 11 12 
2 15 3 16 11 13 1 7 12 9 10 14 0 5 4 6 
8 11 0 6 10 1 3 16 7 12 15 2 14 4 5 13 
13 15 6 4 9 12 5 11 0 2 14 3 1 16 7 8 
1 8 7 10 13 9 16 3 5 14 12 0 6 4 2 15 
4 6 1 15 14 2 10 7 8 16 13 0 9 3 11 5 
10 7 14 1 6 0 15 5 8 12 2 9 11 4 16 3 
4 1 9 15 2 8 3 7 5 6 13 0 16 12 10 11 
4 1 3 5 12 7 0 9 8 10 11 16 6 14 13 2 
14 3 13 2 4 11 7 6 15 1 9 8 12 0 5 10 
