13 2 6 5 14 10 8 7 12 4 11 16 1 3 15 9 
6 15 0 10 5 11 3 9 7 12 4 16 13 14 2 8 
5 3 1 14 16 6 9 12 0 15 11 8 4 13 10 7 
9 8 15 2 0 4 14 1 6 16 7 5 10 13 12 11 
2 14 10 5 3 9 0 13 7 16 15 12 11 8 6 1 
8 4 15 14 16 9 6 11 12 10 1 13 3 7 2 0 
8 9 5 1 4 11 2 3 7 10 13 0 12 15 16 14 
9 2 6 0 1 8 12 5 16 10 11 14 3 13 15 4 
12 7 4 9 0 3 11 1 16 2 14 13 15 5 6 10 
4 13 15 5 10 8 12 0 11 7 1 14 6 2 16 3 
0 16 5 6 12 3 8 13 1 7 2 15 14 11 4 9 
12 8 9 15 5 10 4 2 7 0 3 14 16 1 13 6 
8 14 6 13 2 4 1 10 0 11 5 15 7 9 3 16 
8 5 16 0 14 3 15 2 10 12 4 1 11 9 6 7 
8 13 11 16 4 0 3 12 5 6 7 1 10 9 15 2 
7 8 14 10 13 5 3 9 0 1 2 16 11 4 6 12 
1 13 6 11 12 15 3 10 9 4 0 14 8 7 2 5 
