4 9 3 2 13 6 14 1 12 16 15 7 11 10 8 5 
6 12 13 0 9 10 15 4 7 3 11 5 14 8 2 16 
4 5 6 10 13 12 7 16 8 11 14 15 1 0 9 3 
4 8 6 2 12 5 14 10 0 1 7 9 16 15 13 11 
5 3 2 1 6 9 8 0 11 12 13 15 14 16 10 7 
1 2 0 6 10 11 16 7 14 13 9 3 8 4 12 15 
12 0 10 1 7 11 5 4 13 2 9 3 14 8 16 15 
15 13 12 9 5 3 10 2 0 8 16 6 11 4 14 1 
1 16 12 10 11 9 13 0 15 14 5 4 2 7 6 3 
8 5 15 1 7 16 14 10 12 3 4 2 11 6 13 0 
1 7 5 0 14 13 12 2 15 9 16 11 8 3 6 4 
10 0 9 6 4 14 16 15 8 13 12 1 2 7 5 3 
5 4 1 0 7 15 16 3 11 8 6 13 9 14 10 2 
5 6 3 0 10 16 15 7 2 12 11 9 8 4 1 14 
0 3 2 5 9 1 4 10 11 6 16 12 7 8 15 13 
5 8 3 2 16 1 14 0 7 11 12 6 4 13 10 9 
3 5 10 9 14 15 0 13 7 12 11 8 6 4 2 1 
