7 14 12 16 1 3 4 11 9 5 10 8 6 13 2 15 
14 0 2 15 5 12 3 8 4 10 13 6 9 11 16 7 
16 9 6 5 13 1 7 10 12 3 4 11 15 8 0 14 
14 0 2 15 4 11 13 12 16 5 7 1 10 9 8 6 
2 10 9 16 6 8 13 0 3 11 12 5 15 7 14 1 
10 6 13 1 15 4 3 16 2 11 0 12 7 8 14 9 
8 14 0 13 15 4 1 3 5 10 16 11 9 12 7 2 
2 9 14 0 10 1 13 12 6 8 5 16 15 3 4 11 
12 6 16 5 1 10 7 15 0 2 9 14 13 3 11 4 
15 0 14 1 11 3 5 4 16 6 13 8 10 2 7 12 
4 13 11 1 7 2 12 9 3 5 14 15 16 6 8 0 
9 5 6 16 13 12 4 3 0 8 2 14 7 10 15 1 
4 3 1 15 7 13 6 5 8 9 16 10 14 0 2 11 
0 2 9 14 11 3 15 4 7 10 8 1 6 16 5 12 
12 0 5 7 11 3 4 1 16 10 2 15 13 8 6 9 
5 3 12 11 6 9 7 16 14 2 4 0 8 10 1 13 
3 1 6 13 8 4 9 10 7 5 12 2 15 11 0 14 
