15 1 3 4 16 9 2 6 13 14 7 8 12 10 11 5 
4 11 12 2 7 5 3 16 6 0 8 10 15 9 14 13 
5 0 14 16 3 6 11 1 12 10 7 4 8 13 15 9 
5 2 9 6 8 10 4 16 11 14 7 15 1 12 13 0 
2 8 6 3 1 11 13 0 14 10 16 15 5 12 7 9 
12 13 16 6 10 0 8 3 11 7 2 15 4 9 14 1 
1 9 7 10 4 5 2 14 13 16 8 11 3 15 12 0 
4 2 13 0 8 5 1 12 14 10 3 16 15 6 9 11 
10 13 4 9 11 5 3 16 2 12 14 1 7 6 15 0 
5 2 8 1 10 13 11 7 4 15 0 16 12 14 3 6 
3 7 14 9 12 16 15 2 11 0 5 1 8 6 4 13 
4 16 9 1 5 10 15 8 7 6 0 12 13 3 2 14 
14 11 4 8 5 3 13 15 7 16 1 6 9 2 10 0 
9 0 5 3 16 8 2 7 11 14 6 4 12 1 15 10 
4 6 5 15 1 7 8 3 10 2 13 0 12 9 11 16 
10 11 2 3 12 8 14 9 0 7 4 5 16 13 1 6 
1 7 2 15 10 14 5 6 12 3 13 4 11 9 8 0 
