10 15 16 3 4 14 13 2 7 12 9 8 6 1 11 5 
16 11 14 6 13 15 7 10 8 2 0 5 3 9 12 4 
9 11 12 0 15 6 10 13 14 7 3 5 1 8 16 4 
1 15 5 12 11 14 8 4 9 10 0 13 16 7 6 2 
7 15 16 3 10 6 0 1 11 12 2 5 14 8 13 9 
11 6 7 9 1 15 12 4 2 16 14 10 3 8 0 13 
13 3 1 11 10 2 0 8 16 14 12 15 5 4 9 7 
13 10 8 11 9 6 1 14 3 12 15 2 16 5 0 4 
1 12 0 13 4 11 16 10 14 5 6 3 9 7 15 2 
13 1 7 5 6 11 2 4 14 3 12 10 15 8 0 16 
6 3 12 14 11 9 13 15 7 2 4 1 16 0 5 8 
12 10 14 7 4 0 2 15 6 3 8 5 16 1 9 13 
4 2 13 5 15 14 11 8 10 6 7 0 1 9 16 3 
10 3 0 4 11 7 14 1 8 15 6 9 2 12 16 5 
5 6 12 13 0 11 15 2 10 8 1 7 9 4 16 3 
7 8 3 2 11 12 16 0 4 6 1 14 13 5 10 9 
5 10 11 9 14 6 15 2 4 7 12 13 0 3 8 1 
