13 12 5 10 4 8 1 6 15 14 7 16 11 9 3 2 
14 7 10 6 5 4 11 12 16 2 0 13 3 9 8 15 
13 16 12 4 0 7 3 6 8 15 1 10 11 9 14 5 
5 7 9 0 15 14 4 8 13 6 11 2 12 1 10 16 
12 13 7 8 5 10 11 1 9 0 15 16 14 3 2 6 
15 13 7 11 4 10 8 14 3 12 1 6 2 0 16 9 
11 1 13 0 4 16 5 2 3 10 12 14 9 15 8 7 
12 0 15 2 16 8 6 1 4 3 5 11 9 14 13 10 
11 0 14 1 12 3 15 9 10 16 7 4 6 2 5 13 
7 10 6 11 12 13 14 1 5 8 15 0 2 4 3 16 
12 6 16 11 13 4 9 5 2 7 1 14 15 0 8 3 
10 4 0 14 7 12 16 6 2 3 8 5 15 13 9 1 
1 6 15 2 7 4 8 16 3 0 10 11 9 5 14 13 
12 0 16 3 10 11 2 1 15 4 6 9 5 14 7 8 
13 8 11 15 9 1 16 7 3 6 5 0 12 2 4 10 
8 3 2 13 12 9 14 1 6 11 0 4 16 7 10 5 
6 1 8 0 2 14 13 7 9 10 15 3 4 12 11 5 
