15 13 3 1 4 6 11 2 16 5 7 12 14 10 8 9 
9 11 14 15 7 10 13 2 6 16 0 8 4 3 12 5 
3 6 1 4 16 8 13 0 9 15 7 11 14 5 10 12 
13 4 9 14 11 8 16 0 10 7 5 12 1 6 15 2 
2 6 1 3 9 10 0 11 5 13 15 16 14 7 12 8 
9 16 12 8 2 1 4 13 14 6 7 3 15 10 11 0 
5 1 4 11 2 15 0 13 14 7 3 10 12 8 16 9 
11 1 6 15 9 13 16 3 8 14 2 4 5 10 12 0 
4 3 15 2 6 9 14 1 5 12 11 7 10 16 13 0 
14 11 3 0 1 2 4 6 10 7 12 5 15 13 16 8 
11 2 0 5 14 8 16 12 15 7 13 9 3 6 4 1 
13 9 8 2 15 7 0 5 10 16 12 4 6 3 14 1 
11 0 9 8 5 3 4 6 10 13 2 15 16 7 1 14 
6 4 11 2 10 3 1 7 0 5 15 8 14 12 16 9 
7 6 4 16 12 9 5 15 2 1 11 3 10 8 13 0 
14 11 4 6 7 16 10 9 3 12 13 0 5 2 8 1 
8 14 4 3 10 1 11 6 15 12 5 0 9 7 2 13 
