5 13 12 8 11 7 1 15 14 10 16 6 2 3 4 9 
6 14 10 7 5 11 4 12 16 2 0 13 8 3 9 15 
12 13 16 4 0 6 3 7 8 10 1 15 9 5 11 14 
2 0 5 7 14 4 15 8 6 9 11 13 1 12 16 10 
8 12 13 7 15 10 1 11 5 9 16 0 2 6 14 3 
1 15 13 4 10 8 11 14 7 12 3 6 9 0 16 2 
0 11 1 9 16 5 4 2 10 14 12 15 13 8 3 7 
12 0 15 2 8 6 3 16 11 5 1 4 14 9 13 10 
0 11 1 14 15 9 3 12 16 4 7 10 2 5 6 13 
10 7 11 6 3 12 14 1 5 15 0 8 4 13 2 16 
12 6 11 16 13 9 4 5 2 7 1 14 0 15 8 3 
4 10 0 14 9 6 2 8 12 5 3 16 1 7 15 13 
6 1 2 15 16 0 4 5 13 8 3 11 14 9 7 10 
0 14 3 16 4 2 10 12 5 6 15 9 7 11 1 8 
11 8 15 13 1 7 9 10 5 3 6 0 4 12 2 16 
3 8 2 13 12 9 1 14 0 6 4 11 10 16 5 7 
0 1 6 8 5 2 11 13 9 10 15 3 7 12 4 14 
