15 14 3 7 11 8 10 1 9 4 12 6 5 2 16 13 
9 13 7 5 14 12 8 16 3 6 0 15 4 10 2 11 
16 12 0 15 11 8 5 6 9 14 7 10 1 3 4 13 
16 6 0 2 9 14 8 4 15 11 10 13 12 7 1 5 
6 5 13 1 8 10 16 7 15 14 11 9 0 3 12 2 
11 0 7 4 15 12 14 1 10 6 3 16 8 2 13 9 
7 8 15 12 4 9 13 0 10 2 16 1 5 3 11 14 
2 5 4 8 15 12 0 10 6 9 1 11 13 14 3 16 
5 14 12 10 15 4 7 6 1 2 11 0 13 9 3 16 
7 6 14 1 12 4 3 5 0 16 2 10 8 13 15 11 
8 12 13 9 0 11 16 14 3 2 7 1 4 5 6 15 
9 5 15 2 14 1 13 0 8 10 6 3 4 12 16 7 
13 14 6 4 11 10 7 2 9 15 16 3 0 5 8 1 
8 3 0 7 16 11 1 4 6 14 2 15 12 10 5 9 
1 5 16 15 2 8 4 3 9 0 10 6 7 13 11 12 
12 3 11 5 7 1 9 2 14 8 16 6 10 4 13 0 
12 2 13 6 3 11 8 9 15 4 1 10 0 14 7 5 
