13 5 8 12 1 11 15 7 10 14 6 16 2 9 4 3 
6 10 7 14 5 4 11 12 16 2 13 0 9 8 3 15 
4 3 0 6 7 16 13 12 5 8 10 14 11 15 9 1 
5 7 2 0 16 14 15 11 6 8 13 9 4 1 10 12 
7 12 13 8 5 0 15 11 16 9 1 10 14 6 3 2 
13 15 4 1 8 11 14 10 3 6 12 0 2 16 7 9 
0 9 1 11 4 16 2 5 3 15 10 12 14 7 8 13 
4 0 15 2 6 8 3 16 5 10 12 11 9 13 1 14 
3 11 13 14 9 15 0 12 4 16 10 7 2 5 1 6 
4 6 12 14 11 13 1 3 5 8 0 15 7 2 16 10 
12 11 6 2 7 9 4 8 1 5 16 3 15 13 0 14 
16 15 12 0 9 1 2 8 5 13 14 3 7 4 6 10 
14 1 15 2 5 16 4 0 6 8 3 11 10 9 7 13 
14 0 16 3 12 10 2 4 9 5 6 15 11 7 1 8 
8 4 0 10 16 1 7 11 5 12 9 3 6 13 15 2 
2 11 8 13 12 14 6 16 0 9 3 7 5 4 10 1 
0 9 10 8 13 5 11 2 6 3 1 15 7 14 12 4 
