4 13 7 14 10 11 1 5 2 8 12 16 15 9 6 3 
12 13 8 10 14 16 2 15 11 6 7 0 9 5 4 3 
6 7 9 10 14 12 5 16 11 3 0 13 4 15 8 1 
10 14 4 12 15 5 13 1 9 0 8 7 2 16 11 6 
16 15 5 0 3 14 1 8 10 9 2 6 11 7 12 13 
14 11 15 10 8 1 9 12 2 6 13 4 7 0 3 16 
8 7 15 5 2 3 12 0 9 16 11 4 10 13 1 14 
2 12 1 16 9 14 0 13 6 10 3 5 11 8 4 15 
0 5 15 2 12 3 10 9 4 11 14 1 7 16 6 13 
10 8 16 3 1 7 5 15 6 14 0 13 4 11 2 12 
12 4 3 6 15 16 8 13 0 2 5 7 9 11 1 14 
0 4 14 6 12 9 5 1 15 10 3 13 8 7 16 2 
5 1 6 16 4 14 15 2 13 10 7 9 3 11 0 8 
10 4 2 11 5 16 12 1 0 6 9 15 14 7 8 3 
13 2 3 4 0 6 8 5 10 12 16 1 9 15 7 11 
7 1 2 3 4 0 16 10 12 9 11 6 14 13 8 5 
10 9 4 8 12 11 15 1 0 14 6 7 2 3 5 13 
