2 6 1 14 15 9 13 3 16 4 7 12 8 5 10 11 
11 6 12 0 8 2 10 4 5 7 16 9 14 15 3 13 
5 10 15 1 6 16 7 13 8 14 4 9 0 3 11 12 
6 11 8 5 10 4 16 12 7 9 1 15 14 2 13 0 
12 10 0 7 9 1 11 15 6 5 13 14 2 8 16 3 
12 6 9 2 7 11 3 16 10 14 0 13 8 1 4 15 
1 15 5 10 8 11 3 7 2 9 4 12 14 16 13 0 
1 9 10 5 2 12 3 13 16 11 0 6 4 8 14 15 
12 5 4 11 9 13 2 15 10 7 16 3 6 0 1 14 
6 3 5 11 16 10 2 12 14 4 15 13 7 1 8 0 
12 15 3 5 2 14 13 0 11 7 16 8 9 4 1 6 
5 10 9 6 14 4 2 15 13 8 16 3 12 7 1 0 
5 0 7 10 4 16 13 11 8 6 3 15 2 9 1 14 
14 4 16 3 8 0 2 15 7 6 12 9 10 5 1 11 
8 16 0 12 10 4 13 1 2 5 11 6 7 3 9 15 
3 9 13 6 0 11 16 1 12 8 14 7 10 4 2 5 
3 11 8 1 14 9 15 2 10 0 6 7 13 4 12 5 
