4 1 8 11 13 6 9 2 7 5 10 16 15 3 14 12 
12 15 9 0 11 3 10 2 13 4 7 16 5 14 6 8 
5 12 7 4 10 11 13 8 0 1 16 3 9 6 15 14 
11 5 8 9 2 7 14 1 6 4 0 13 16 15 12 10 
14 11 6 16 5 3 13 12 2 1 9 10 15 7 0 8 
10 11 14 1 8 16 2 15 0 12 3 6 7 9 4 13 
12 2 7 14 1 8 9 10 5 0 11 16 15 3 13 4 
13 10 16 14 5 2 9 6 12 0 3 11 8 4 1 15 
12 16 4 1 10 6 3 9 11 15 7 13 0 2 14 5 
4 8 0 13 5 15 3 14 1 11 10 2 7 6 12 16 
3 7 1 6 12 13 2 15 0 16 11 5 8 9 14 4 
12 5 10 4 1 6 2 15 13 3 14 8 7 0 9 16 
11 4 6 15 10 7 8 0 14 9 16 3 13 1 5 2 
7 12 11 9 10 14 15 0 8 5 6 1 2 4 16 3 
3 2 0 8 6 16 7 4 15 5 9 11 1 10 12 13 
3 7 10 5 12 9 13 14 16 0 1 8 4 2 11 6 
6 11 0 13 5 12 1 14 7 10 15 2 8 4 9 3 
