1 4 2 15 14 9 6 3 13 16 12 7 10 5 11 8 
12 3 8 0 2 6 4 10 7 5 16 9 11 13 15 14 
10 15 1 14 7 13 3 16 8 4 9 5 0 12 11 6 
5 6 8 11 16 10 12 4 1 7 15 9 2 14 13 0 
0 12 10 7 11 1 15 9 13 5 6 14 8 2 3 16 
9 2 12 6 11 7 16 3 10 14 0 13 1 4 8 15 
10 0 1 5 7 14 3 11 2 12 9 4 15 8 13 16 
10 9 5 1 3 13 12 2 6 16 11 0 8 15 4 14 
11 5 4 12 13 9 15 10 2 3 16 7 0 6 14 1 
5 6 8 3 10 2 12 16 13 15 11 4 7 0 1 14 
3 8 12 15 0 2 1 14 16 7 5 11 6 4 9 13 
5 6 10 9 4 14 2 15 8 16 13 12 0 7 3 1 
7 0 5 10 4 13 3 16 8 15 6 11 2 9 14 1 
4 14 3 16 0 5 15 2 9 6 7 12 8 10 11 1 
0 11 8 2 13 10 4 1 6 5 12 16 9 3 7 15 
14 6 3 2 11 16 1 0 12 8 13 7 10 9 4 5 
3 2 11 1 8 10 9 15 7 12 0 13 6 4 5 14 
