8 16 9 6 4 10 15 11 5 3 1 14 7 2 12 13 
13 6 14 12 4 10 16 11 15 7 3 5 0 9 8 2 
9 11 10 4 12 16 6 7 1 8 0 13 14 5 3 15 
7 4 12 11 6 1 13 15 0 16 8 14 10 9 2 5 
6 13 7 12 16 11 10 0 5 8 1 14 3 9 15 2 
14 16 15 4 12 2 0 13 3 9 10 8 6 11 7 1 
2 13 5 1 12 16 14 15 11 4 10 3 9 0 8 7 
2 5 8 0 16 11 6 12 13 9 3 1 10 15 4 14 
7 10 13 0 6 16 12 2 14 9 11 3 5 4 15 1 
13 10 14 1 5 0 11 4 6 15 3 8 12 2 7 16 
7 8 12 9 11 4 6 0 13 15 3 5 16 2 14 1 
6 12 16 10 0 4 2 7 5 3 9 8 13 15 1 14 
11 7 5 14 2 1 13 8 6 15 3 4 0 16 9 10 
4 16 8 2 10 11 1 14 6 9 5 15 12 0 3 7 
0 11 10 16 2 12 13 1 7 15 8 6 4 9 3 5 
9 10 0 13 2 12 7 8 11 3 4 1 5 14 16 6 
14 10 6 15 2 13 11 3 1 12 8 5 4 7 0 9 
