6 8 12 15 9 10 2 13 1 4 11 7 5 14 16 3 
15 5 9 7 16 10 13 11 0 8 12 2 6 4 14 3 
8 10 6 1 9 13 15 14 7 0 4 16 5 12 11 3 
12 5 4 13 14 10 7 16 11 6 9 2 15 0 1 8 
15 12 14 0 9 7 1 8 11 10 16 3 13 5 6 2 
14 2 4 8 11 10 0 7 9 16 6 12 15 13 1 3 
9 8 16 2 5 11 15 0 4 10 1 14 7 3 13 12 
10 2 5 12 16 9 8 11 1 3 15 4 6 14 13 0 
12 10 15 2 5 16 1 14 3 6 7 11 9 4 13 0 
4 14 11 2 8 5 16 3 13 6 7 1 15 10 12 0 
11 6 2 15 13 14 5 8 4 3 7 12 9 1 16 0 
5 8 0 9 3 2 14 1 6 16 15 12 4 13 10 7 
0 7 14 15 5 4 16 2 6 1 9 10 13 11 3 8 
6 9 5 14 0 1 12 11 3 8 15 10 4 7 16 2 
15 11 13 16 7 5 9 3 2 1 8 12 0 10 4 6 
6 0 3 10 14 7 2 8 4 9 5 11 1 16 12 13 
7 6 8 4 9 3 15 2 14 11 10 12 1 5 0 13 
