14 13 5 3 12 9 7 8 4 2 16 11 10 6 15 1 
7 12 5 10 9 8 15 2 6 14 13 0 11 4 16 3 
10 5 1 14 12 16 4 9 13 11 15 8 7 3 0 6 
11 2 1 14 15 8 9 16 4 6 13 0 5 12 10 7 
1 16 2 15 0 11 3 10 8 9 6 13 7 12 5 14 
9 14 12 6 2 8 1 0 11 4 13 3 10 15 7 16 
12 9 1 4 3 2 11 0 5 14 10 13 7 16 15 8 
15 14 0 11 1 16 8 2 10 6 12 5 9 4 3 13 
5 0 12 7 9 16 15 2 3 13 11 4 10 6 14 1 
5 11 14 1 13 3 10 4 6 16 15 2 7 12 8 0 
8 16 1 14 12 6 7 5 3 0 2 15 4 9 13 11 
12 2 0 14 16 9 4 15 8 13 1 6 5 7 10 3 
9 13 4 3 5 16 11 14 10 1 8 6 7 2 15 0 
8 2 16 1 9 12 15 4 11 6 14 3 7 0 10 5 
10 2 16 1 4 12 11 15 8 5 13 3 7 6 0 9 
10 4 14 9 6 7 13 0 12 11 5 3 8 1 2 16 
9 0 1 7 12 6 13 2 4 15 8 3 11 14 10 5 
