10 3 9 5 16 14 6 8 7 12 11 13 4 1 15 2 
5 16 0 11 14 13 6 4 3 2 8 7 10 12 9 15 
13 9 6 4 5 8 3 11 10 16 7 12 0 15 1 14 
10 9 14 1 5 4 13 15 2 11 8 7 6 12 0 16 
15 8 16 14 2 5 13 0 1 12 9 6 3 10 11 7 
10 7 3 9 2 11 13 12 1 15 6 4 14 0 8 16 
13 16 4 14 1 10 15 2 5 12 7 0 9 3 8 11 
6 2 14 1 4 5 13 0 3 15 8 9 12 11 10 16 
2 15 16 3 13 1 7 11 9 10 14 12 5 4 6 0 
8 0 6 11 10 1 3 16 7 12 15 2 14 5 13 4 
4 6 13 15 9 11 12 5 14 3 2 0 1 8 7 16 
13 1 10 7 8 9 3 16 14 0 12 5 6 4 2 15 
6 15 4 1 7 2 14 10 16 8 13 0 11 3 9 5 
10 7 14 1 6 15 0 5 8 12 9 2 11 4 16 3 
1 4 9 15 2 3 7 8 5 6 0 13 16 12 11 10 
5 1 3 11 7 12 0 9 8 16 10 4 2 13 14 6 
2 3 13 14 4 11 7 6 1 9 15 8 0 10 5 12 
