3 8 5 11 7 1 16 13 4 12 2 10 15 6 14 9 
5 12 16 13 6 15 9 0 2 10 4 14 3 8 11 7 
16 10 0 5 1 13 6 4 8 3 12 11 15 9 14 7 
11 8 7 9 4 15 6 13 16 10 1 14 12 0 2 5 
10 7 14 16 3 15 0 13 11 9 6 5 8 12 2 1 
6 14 15 7 4 10 2 0 12 3 11 9 16 8 13 1 
8 15 3 16 11 5 13 0 4 1 12 7 14 10 9 2 
0 2 10 6 16 8 14 1 11 3 12 5 15 4 13 9 
12 9 3 16 6 2 10 0 15 4 7 14 5 13 1 11 
5 14 7 10 2 11 1 8 0 15 3 16 13 12 6 4 
6 2 4 0 8 12 5 13 15 9 3 11 16 7 14 1 
7 6 10 8 14 15 9 4 5 3 0 13 1 12 2 16 
9 4 6 3 2 10 0 5 14 7 15 11 13 8 16 1 
14 6 9 10 0 11 7 5 1 15 16 3 12 8 2 4 
5 1 13 0 6 4 7 15 10 2 8 3 16 11 12 9 
13 9 4 14 2 8 0 6 11 5 12 3 16 10 7 1 
15 10 1 14 2 13 6 4 3 5 11 12 9 0 7 8 
