4 5 8 6 12 1 3 9 13 11 15 2 14 7 16 10 
13 14 4 10 7 15 3 16 2 0 6 8 11 9 5 12 
15 9 7 6 10 3 13 5 4 1 16 8 0 12 14 11 
9 16 5 4 12 11 15 2 10 13 7 8 0 6 14 1 
8 11 1 14 5 6 13 2 3 9 12 0 10 16 7 15 
7 3 10 0 4 8 9 13 16 6 2 15 12 11 1 14 
12 0 11 3 1 4 5 9 7 13 10 14 8 16 2 15 
4 12 15 2 9 13 10 14 3 1 5 0 11 16 6 8 
16 0 2 12 9 5 6 13 10 3 14 1 4 11 15 7 
15 6 3 0 4 7 1 16 2 11 13 5 10 14 12 8 
15 5 6 4 11 0 16 12 7 9 1 14 8 13 3 2 
14 10 15 12 5 9 7 6 3 2 13 0 1 8 4 16 
0 7 11 2 5 14 13 8 6 9 3 10 4 16 1 15 
1 10 15 3 7 16 14 0 9 2 6 12 4 8 5 11 
3 1 15 9 2 7 8 16 6 4 13 0 11 5 10 12 
2 10 12 14 11 3 0 8 6 13 16 4 1 5 7 9 
7 11 4 0 13 12 10 3 9 1 6 5 8 14 2 15 
