6 13 1 14 9 15 16 3 5 12 4 7 11 10 2 8 
12 11 6 0 8 10 2 4 7 15 3 13 9 14 5 16 
1 16 5 10 7 15 13 6 14 4 8 9 0 3 12 11 
6 11 5 1 4 10 16 12 15 13 7 9 0 2 8 14 
15 12 0 10 11 1 5 6 8 9 7 14 13 2 16 3 
9 1 12 6 4 7 11 3 13 14 10 8 16 0 2 15 
5 1 15 10 11 2 8 13 12 9 3 4 7 0 14 16 
16 5 10 9 2 13 3 12 0 6 1 11 8 15 14 4 
12 11 4 5 13 9 2 15 1 3 10 7 0 14 6 16 
5 6 3 11 10 16 2 15 13 12 14 1 0 8 4 7 
5 15 3 8 14 6 0 13 11 16 2 7 12 1 4 9 
9 5 2 10 7 14 4 15 8 12 13 16 0 3 6 1 
0 5 15 7 1 4 16 6 3 10 2 8 13 9 14 11 
3 4 9 14 0 6 15 2 7 16 12 8 1 5 10 11 
8 16 0 12 1 13 4 10 6 11 2 5 15 3 7 9 
13 5 6 3 11 16 0 1 8 12 7 9 10 4 2 14 
11 1 10 3 14 9 2 15 0 8 6 7 5 4 13 12 
