8 6 5 4 1 12 3 9 13 11 2 15 14 16 7 10 
13 14 4 10 7 15 3 16 6 8 0 2 5 9 11 12 
7 9 6 15 10 1 5 13 4 8 3 16 0 12 11 14 
9 4 16 5 12 11 15 2 10 7 13 8 6 0 14 1 
11 8 14 1 6 5 2 13 9 3 12 0 10 15 7 16 
10 3 8 0 9 7 4 13 16 6 2 1 15 11 12 14 
11 0 12 3 1 5 4 9 14 7 13 10 16 8 2 15 
12 11 15 2 10 14 9 13 3 0 5 1 16 6 8 4 
0 2 12 16 13 6 9 5 3 10 14 1 4 7 15 11 
0 6 3 14 1 4 7 16 13 11 5 2 12 15 8 10 
4 5 8 6 12 16 0 11 7 9 1 14 13 3 2 15 
12 15 10 14 7 9 6 5 3 2 13 0 4 1 16 8 
0 2 7 11 8 14 5 13 4 9 10 3 16 15 6 1 
3 10 1 15 7 16 14 0 2 6 9 12 4 8 11 5 
1 13 9 3 7 16 8 2 4 6 15 0 12 10 11 5 
14 10 12 2 3 8 0 11 6 4 16 13 1 9 7 5 
7 4 0 11 10 13 3 12 9 5 1 6 14 8 2 15 
