3 2 4 9 6 13 14 1 15 7 12 16 11 10 8 5 
12 6 0 13 4 10 9 15 3 7 11 5 8 16 14 2 
15 6 5 10 7 13 12 16 4 14 8 11 1 0 9 3 
6 4 2 8 5 12 10 14 0 7 9 1 13 15 11 16 
3 5 2 1 9 6 10 0 15 12 13 11 16 8 14 7 
2 0 1 6 11 7 16 3 9 14 10 13 8 15 4 12 
12 0 8 10 5 7 4 11 2 3 9 13 15 16 1 14 
5 12 13 9 3 1 10 2 11 0 16 6 4 15 14 8 
16 10 12 1 11 9 0 13 15 14 4 5 2 6 3 7 
5 1 15 8 16 14 7 10 4 2 12 6 3 11 0 13 
0 1 5 7 13 12 14 2 16 11 15 8 9 6 3 4 
0 6 9 10 4 14 2 15 8 13 12 16 3 7 1 5 
1 5 4 0 13 7 16 3 6 15 8 11 9 2 14 10 
6 0 10 3 15 5 7 16 12 2 9 11 4 8 1 14 
3 2 0 8 10 9 4 1 11 12 16 6 15 7 13 5 
3 8 2 5 16 0 4 1 11 12 6 7 14 9 13 10 
6 10 9 3 15 14 0 13 11 8 12 7 2 5 4 1 
