8 5 2 15 9 16 7 14 12 4 10 13 6 11 1 3 
6 3 2 15 9 12 0 11 13 8 4 10 5 14 16 7 
10 16 5 6 15 12 0 11 8 13 4 9 3 7 1 14 
0 15 14 1 8 4 13 10 12 5 11 6 9 2 16 7 
3 6 2 1 5 15 9 14 0 11 7 8 13 16 12 10 
3 10 1 15 6 7 2 8 12 4 13 9 16 14 0 11 
11 12 13 0 3 7 14 1 9 8 4 2 16 15 5 10 
2 9 8 3 15 0 6 11 1 4 13 12 5 10 16 14 
3 11 1 4 15 10 13 14 7 12 9 0 2 16 5 6 
13 10 2 16 12 15 8 6 11 4 5 14 0 7 3 1 
8 4 6 12 15 14 5 11 2 16 0 9 1 13 7 3 
3 0 1 14 13 8 2 10 12 6 15 4 7 16 5 9 
9 3 0 1 13 5 6 2 16 7 8 4 15 11 10 14 
1 11 2 3 15 12 14 0 7 10 16 8 5 4 6 9 
11 6 5 15 0 8 12 7 4 3 13 10 2 1 9 16 
5 11 2 14 0 1 16 3 7 6 4 10 8 12 9 13 
4 13 3 12 1 5 9 6 8 0 15 2 11 10 14 7 
