4 14 7 11 12 15 3 16 13 9 1 5 2 10 6 8 
9 0 3 16 7 15 8 13 4 10 2 12 6 5 14 11 
12 11 8 0 10 15 14 6 13 3 1 7 9 16 5 4 
12 2 7 5 1 11 6 4 14 16 15 9 10 8 13 0 
15 2 5 16 6 9 12 3 8 1 13 11 7 0 14 10 
3 1 0 4 15 12 8 9 6 16 2 13 10 11 7 14 
16 14 13 0 1 11 2 15 5 12 7 3 10 4 8 9 
13 15 6 5 9 10 4 12 16 1 8 0 2 14 11 3 
11 16 6 7 15 5 10 3 4 9 1 14 2 12 13 0 
4 11 15 12 6 14 0 13 5 3 10 1 7 8 2 16 
0 4 15 2 9 13 11 5 7 8 3 14 12 16 6 1 
3 0 8 2 10 13 14 1 7 12 9 6 15 16 5 4 
0 6 15 7 2 1 3 9 11 10 13 16 5 14 8 4 
8 12 9 11 0 4 7 2 5 6 1 14 10 15 16 3 
5 4 3 13 7 11 2 15 6 8 0 9 16 1 10 12 
5 8 6 2 4 14 16 3 12 11 1 0 9 7 13 10 
13 15 1 7 0 10 11 5 3 4 6 8 12 14 2 9 
