6 8 2 15 10 9 5 13 1 7 11 4 14 12 3 16 
9 7 16 3 13 11 12 8 0 2 6 10 14 4 5 15 
1 4 6 3 9 8 13 14 7 5 12 15 0 10 11 16 
8 7 5 12 2 4 10 16 11 6 9 14 1 15 13 0 
12 7 15 16 8 1 0 11 10 3 14 2 6 9 13 5 
2 4 0 13 10 7 11 14 16 12 6 1 3 9 8 15 
2 12 14 1 11 0 15 5 4 16 10 9 8 13 3 7 
10 2 12 5 8 13 11 16 15 3 4 0 9 6 14 1 
7 14 10 15 1 5 16 2 13 6 3 11 12 4 9 0 
5 8 14 16 12 11 4 6 1 15 10 3 7 2 0 13 
2 14 11 7 4 13 12 15 3 8 9 0 6 5 1 16 
1 2 9 12 4 0 8 10 14 6 16 15 5 13 3 7 
11 10 0 7 13 2 3 6 4 5 14 1 16 9 15 8 
1 8 2 15 14 11 0 12 5 6 3 10 16 9 7 4 
15 13 1 7 2 11 3 16 10 12 9 8 4 5 0 6 
7 4 8 6 14 3 12 0 2 5 9 11 10 1 13 16 
13 12 6 10 11 15 3 5 14 2 4 8 1 0 9 7 
