2 4 3 6 13 9 1 14 7 16 12 15 5 10 11 8 
8 0 3 12 5 4 10 15 11 9 7 6 2 16 13 14 
10 6 15 5 13 7 12 16 4 3 9 8 0 11 14 1 
8 2 4 6 12 11 10 5 1 15 9 7 14 16 13 0 
3 1 5 2 6 14 9 10 12 13 7 11 8 0 16 15 
6 0 2 1 11 7 3 16 9 14 13 10 12 4 8 15 
0 10 8 12 7 4 5 11 2 13 3 9 16 15 1 14 
1 5 10 9 3 12 2 13 16 6 11 0 14 4 15 8 
11 7 16 12 9 15 0 13 5 4 14 1 6 2 3 10 
15 8 1 5 10 16 7 14 6 4 2 12 3 11 13 0 
5 0 7 1 8 13 2 14 12 11 16 15 6 9 3 4 
10 9 0 6 14 4 2 15 12 16 13 8 1 3 5 7 
5 4 0 1 7 13 3 16 8 15 11 6 14 9 2 10 
6 0 3 16 5 7 2 15 11 10 12 9 8 4 1 14 
3 2 8 0 1 9 10 4 11 12 16 6 7 13 15 5 
2 3 5 8 4 16 1 0 7 13 12 14 11 10 6 9 
10 3 11 6 0 14 2 8 13 9 7 12 1 4 5 15 
