14 12 2 4 10 1 8 15 7 6 3 16 5 11 9 13 
12 11 8 15 4 7 9 14 6 2 3 16 5 10 13 0 
9 1 8 12 0 4 14 11 13 6 3 16 10 15 7 5 
15 16 5 6 4 10 1 2 7 8 14 12 11 9 0 13 
5 14 11 9 15 3 8 10 0 16 2 7 12 6 1 13 
9 7 0 14 2 4 3 8 13 12 6 15 1 16 11 10 
7 8 15 16 9 12 14 10 0 3 4 11 1 2 13 5 
6 13 4 12 0 9 1 10 14 8 11 5 3 16 15 2 
9 13 12 6 5 10 1 14 4 11 0 3 16 7 2 15 
4 5 15 2 3 11 13 0 12 7 14 6 8 16 10 1 
0 9 6 2 5 7 11 14 8 4 1 12 13 15 3 16 
6 4 1 14 2 12 3 7 5 16 8 15 10 9 0 13 
13 15 5 16 6 1 2 3 4 7 11 10 0 9 14 8 
3 5 2 15 14 0 11 4 8 16 10 9 6 1 7 12 
9 12 13 0 11 7 4 3 10 16 5 8 1 6 2 15 
12 13 4 14 0 10 9 8 11 6 16 3 5 2 1 7 
12 4 14 0 1 7 10 9 3 8 6 2 11 5 15 13 
