15 12 6 8 2 9 10 13 4 1 7 11 14 5 3 16 
15 5 9 7 16 13 10 11 12 8 0 2 4 14 3 6 
1 6 8 10 9 14 15 13 7 4 0 16 3 5 11 12 
5 4 12 13 16 10 7 14 9 11 2 6 8 15 1 0 
14 15 0 12 1 9 8 7 11 10 16 3 2 13 5 6 
4 8 2 14 0 7 10 11 9 16 6 12 1 15 3 13 
16 9 8 14 11 15 0 5 10 1 2 4 12 3 13 7 
12 16 5 2 11 9 10 8 3 1 4 15 14 6 13 0 
12 10 2 15 1 5 16 3 6 14 7 11 9 4 0 13 
14 11 2 4 5 8 16 3 1 7 6 0 10 13 15 12 
6 11 2 15 8 14 5 13 3 4 12 7 9 0 16 1 
9 0 8 5 3 2 1 14 12 16 6 15 10 13 7 4 
7 14 0 15 2 5 16 4 6 10 9 1 13 3 8 11 
6 5 14 9 12 0 11 1 10 15 8 3 7 16 2 4 
15 11 16 13 3 5 7 9 12 2 8 1 4 0 10 6 
10 0 3 6 14 12 7 2 9 5 11 4 13 1 8 16 
6 7 8 4 9 3 15 2 11 14 10 12 1 5 0 13 
