2 8 11 14 4 13 3 16 7 9 10 5 1 12 6 15 
5 3 13 0 2 6 9 7 10 11 12 14 16 15 8 4 
6 9 15 0 8 10 11 14 13 12 3 16 1 4 5 7 
15 14 4 6 1 5 11 12 16 9 2 10 8 7 0 13 
2 14 9 10 13 5 11 7 6 3 15 1 12 0 8 16 
12 2 8 10 9 16 0 13 11 4 1 7 15 3 14 6 
16 14 15 2 13 10 12 5 7 9 4 0 1 8 11 3 
15 16 13 0 11 1 5 4 14 12 6 8 10 9 2 3 
5 4 9 10 7 0 2 12 11 15 3 16 6 13 14 1 
8 1 5 11 2 7 10 12 4 0 16 3 6 13 14 15 
14 7 6 2 9 3 0 13 8 12 15 16 5 1 4 11 
4 1 15 3 8 5 13 7 10 0 16 9 6 2 14 12 
9 15 0 13 4 1 16 3 14 5 2 8 11 7 6 10 
0 9 3 16 8 14 11 6 12 1 15 2 5 4 7 10 
0 1 8 6 12 10 9 3 15 13 16 4 7 11 5 2 
1 8 4 11 12 2 14 10 5 9 16 3 7 6 13 0 
2 5 10 9 6 15 14 12 8 11 4 1 7 3 13 0 
