5 15 10 12 4 8 14 1 6 7 13 16 3 11 2 9 
11 13 0 16 8 12 7 4 9 10 15 14 6 3 2 5 
8 1 13 0 7 4 6 12 10 15 14 3 11 9 5 16 
5 16 7 14 4 8 12 9 1 2 13 11 0 6 10 15 
13 12 16 7 10 1 11 5 8 15 9 0 14 3 2 6 
4 8 13 6 7 14 3 15 2 10 1 12 16 0 11 9 
2 1 9 11 0 5 10 4 12 14 16 3 7 8 13 15 
12 0 1 14 6 8 2 5 15 4 3 13 11 16 10 9 
0 11 6 1 12 7 15 10 4 9 3 16 14 13 2 5 
7 10 2 8 12 15 3 16 11 5 13 0 6 4 14 1 
2 16 9 14 13 3 5 12 4 6 7 1 15 11 0 8 
8 2 9 12 7 14 16 0 5 4 3 1 13 15 6 10 
1 6 15 2 4 16 8 7 0 11 14 3 13 10 5 9 
4 1 16 3 5 6 2 15 12 0 9 11 10 14 7 8 
8 3 15 11 1 13 12 9 5 0 7 6 10 2 16 4 
13 3 14 5 0 16 2 1 9 12 4 7 6 11 10 8 
6 7 11 9 13 14 2 10 8 15 3 1 5 4 0 12 
