1 13 4 2 3 6 9 14 15 12 7 16 11 8 10 5 
8 3 12 0 4 2 5 10 11 6 9 7 15 13 16 14 
6 5 15 10 12 16 7 13 4 9 8 3 11 0 1 14 
4 5 8 6 10 11 12 16 7 15 1 9 14 2 0 13 
1 3 5 0 14 9 10 6 11 7 13 12 16 8 15 2 
2 0 6 12 11 7 3 16 14 9 10 13 4 15 1 8 
10 5 12 0 7 4 14 11 2 1 9 3 13 8 16 15 
5 9 10 1 13 2 12 3 11 0 16 6 14 8 4 15 
12 11 7 16 10 13 15 9 5 4 14 2 6 3 0 1 
15 5 8 1 7 16 10 14 4 6 2 12 11 3 13 0 
0 8 3 5 13 2 1 14 16 15 7 11 9 6 12 4 
6 10 5 9 14 4 15 2 8 16 12 13 0 3 1 7 
4 0 5 1 13 7 16 3 8 15 11 6 9 10 2 14 
7 6 3 16 0 5 15 2 4 12 9 10 11 8 14 1 
8 0 2 11 13 10 3 1 5 6 12 16 7 4 15 9 
14 6 2 3 12 1 16 0 7 13 8 4 5 11 10 9 
11 1 10 3 8 2 14 0 9 13 12 7 4 6 5 15 
