8 1 7 9 4 15 10 11 16 6 5 14 2 3 12 13 
6 14 12 0 4 11 5 2 8 9 15 3 7 10 16 13 
6 9 4 10 11 16 7 12 0 8 1 14 3 5 13 15 
4 12 7 11 13 1 16 15 0 8 9 6 5 2 10 14 
12 11 8 13 0 5 6 1 10 7 14 16 9 3 15 2 
15 4 16 3 8 13 6 12 9 0 1 14 7 11 2 10 
11 1 13 0 2 9 16 5 10 15 3 12 8 4 7 14 
8 11 5 2 0 10 12 16 9 14 13 15 4 6 3 1 
7 3 11 14 12 0 6 15 10 13 9 16 5 2 4 1 
6 2 13 12 10 7 5 1 4 8 14 15 11 0 3 16 
6 7 16 8 13 9 11 4 12 5 14 1 3 0 2 15 
5 7 0 12 4 16 2 1 8 13 9 3 14 10 6 15 
5 6 2 15 9 4 13 0 11 10 3 1 7 14 8 16 
16 5 2 15 0 7 12 14 4 8 10 9 3 11 6 1 
5 15 4 8 12 2 13 1 11 7 16 10 6 9 3 0 
6 10 0 13 7 12 9 2 8 4 16 3 5 11 1 14 
15 0 5 10 8 7 2 13 6 9 1 4 14 3 11 12 
