12 5 13 8 11 1 15 2 10 16 14 6 4 9 7 3 
10 7 6 14 2 11 5 4 16 12 13 0 3 15 8 9 
9 4 6 0 7 16 12 13 5 14 10 8 3 11 1 15 
0 2 5 7 14 16 11 15 9 8 13 6 1 4 12 10 
7 13 12 8 11 5 15 0 1 9 10 16 3 14 6 2 
13 4 3 15 8 10 11 14 0 1 6 12 2 7 9 16 
0 1 9 11 5 4 16 2 3 10 12 15 8 7 14 13 
11 2 10 0 6 8 16 3 14 12 15 5 4 13 9 1 
13 3 14 11 0 12 15 9 16 4 10 7 2 6 1 5 
12 14 13 6 1 11 4 3 15 5 8 0 2 10 7 16 
11 16 6 2 4 9 8 7 3 12 5 1 14 15 13 0 
15 16 12 0 1 8 2 9 3 13 14 4 7 6 10 5 
1 7 2 15 16 4 0 5 14 8 11 3 13 9 6 10 
14 0 16 3 2 4 12 10 9 15 5 6 7 8 1 11 
0 10 8 4 11 1 15 16 12 5 3 9 2 7 6 13 
2 13 14 8 12 16 11 9 6 3 7 0 5 4 1 10 
0 9 8 10 13 2 11 5 3 15 6 1 4 12 7 14 
