11 7 9 3 4 1 10 16 2 13 8 5 14 12 6 15 
4 7 10 15 9 2 12 3 13 11 6 8 5 16 0 14 
9 12 1 14 10 3 7 0 15 6 4 16 5 11 8 13 
7 14 15 6 12 9 0 13 16 11 1 4 8 10 2 5 
1 9 7 15 5 14 11 12 10 8 6 16 2 3 13 0 
12 9 10 0 3 4 15 1 8 7 16 2 11 6 14 13 
12 9 3 2 8 5 11 7 16 10 0 13 15 4 1 14 
1 4 16 11 6 5 9 8 10 14 15 2 12 3 13 0 
9 12 14 5 10 15 1 6 11 4 16 7 2 3 0 13 
0 3 10 15 4 7 16 1 5 11 13 8 2 14 12 6 
3 13 0 12 2 9 1 7 8 11 16 5 14 6 15 4 
9 3 13 0 14 12 16 5 6 2 8 10 1 4 7 15 
0 16 1 10 6 15 14 3 5 9 13 4 8 7 2 11 
0 12 5 15 4 11 16 10 8 7 9 2 6 3 1 14 
4 6 2 1 3 13 8 9 10 0 12 15 7 5 16 11 
6 9 4 1 12 13 3 16 5 0 2 10 14 8 7 11 
12 3 8 15 9 1 5 7 6 0 11 4 2 13 10 14 
