6 2 4 3 9 13 1 14 12 16 7 15 8 11 5 10 
0 3 12 8 5 15 10 4 7 11 9 6 16 14 2 13 
15 6 5 10 7 13 12 16 4 9 3 8 11 0 14 1 
6 5 8 4 16 11 10 12 9 15 7 1 2 14 13 0 
1 5 2 3 10 9 14 6 7 11 12 13 0 16 15 8 
6 2 12 0 7 11 16 3 13 9 10 14 8 15 1 4 
0 10 12 8 4 5 7 11 2 1 9 3 16 14 13 15 
5 9 10 1 13 3 2 12 6 11 16 0 15 14 8 4 
16 11 7 12 9 10 13 15 14 2 5 4 3 0 1 6 
8 5 1 15 16 14 7 10 12 2 6 4 3 11 13 0 
3 0 8 5 2 13 1 14 15 11 16 12 6 4 9 7 
6 9 10 0 14 4 15 2 12 8 13 16 5 7 3 1 
4 0 5 1 13 7 3 16 15 8 11 6 10 2 14 9 
7 6 3 16 0 5 15 2 12 9 10 4 11 8 1 14 
2 11 8 0 4 3 10 1 12 5 6 16 13 7 9 15 
9 14 2 3 4 0 1 16 8 7 13 12 5 6 10 11 
11 10 3 1 8 0 14 2 9 12 7 13 15 6 5 4 
