7 10 13 5 3 8 1 15 16 6 2 4 11 9 14 12 
16 4 6 13 12 9 5 14 10 7 3 2 8 15 0 11 
12 8 15 9 10 7 6 13 1 16 5 4 3 14 11 0 
15 14 8 0 9 2 6 13 10 5 1 7 11 16 12 4 
6 14 11 0 9 8 1 15 12 2 16 13 10 5 7 3 
14 0 8 11 6 3 2 15 7 9 10 12 4 1 16 13 
9 10 3 16 8 11 1 15 12 2 4 13 7 14 5 0 
11 5 10 15 13 1 12 2 3 6 9 8 14 16 4 0 
4 13 16 10 7 2 3 6 11 14 5 9 0 15 12 1 
10 6 3 8 14 5 4 2 12 13 16 1 7 0 15 11 
4 2 8 1 13 6 16 3 14 5 12 7 15 0 11 9 
6 9 12 0 7 13 4 10 2 1 3 16 5 14 15 8 
5 0 7 3 13 16 4 10 14 9 11 8 6 1 2 15 
11 12 14 9 16 8 15 1 4 2 10 6 0 7 5 3 
7 12 5 13 4 0 3 16 9 1 15 11 2 6 10 8 
4 5 12 8 16 1 6 2 3 13 10 7 0 14 11 9 
10 15 7 12 13 4 11 5 1 2 9 0 3 8 6 14 
