6 15 8 12 9 13 2 10 7 11 1 4 5 14 3 16 
5 15 9 7 16 10 13 11 8 12 0 2 14 6 4 3 
8 6 1 10 13 14 9 15 16 7 4 0 3 12 11 5 
5 4 13 12 10 7 16 14 0 6 11 2 9 8 15 1 
7 15 12 14 1 0 8 11 9 10 3 16 6 13 5 2 
2 4 8 14 10 11 0 7 9 16 12 6 13 15 3 1 
8 16 2 9 11 5 15 0 4 10 14 1 3 12 13 7 
10 12 5 2 9 11 16 8 15 4 1 3 14 6 13 0 
12 10 15 2 16 5 14 1 6 3 11 7 9 4 13 0 
14 4 2 11 8 5 16 3 13 7 1 6 12 0 10 15 
11 6 15 2 13 5 14 8 12 4 7 3 9 16 0 1 
0 9 8 5 3 2 14 1 12 15 16 6 10 13 7 4 
0 14 7 15 16 4 2 5 9 1 10 6 3 13 11 8 
14 5 6 9 1 0 11 12 3 8 10 15 16 7 4 2 
16 11 15 13 9 7 3 2 5 8 1 12 6 0 10 4 
6 0 10 3 7 2 8 14 11 4 9 5 12 13 16 1 
6 8 4 7 3 9 15 2 12 11 14 10 5 1 0 13 
