9 7 6 11 2 12 3 5 8 16 13 10 15 4 1 14 
2 10 3 16 15 0 14 9 8 7 12 4 5 13 6 11 
10 8 6 13 15 11 5 9 12 0 16 3 4 7 14 1 
14 11 0 15 9 16 12 1 7 10 6 13 5 4 2 8 
5 15 14 8 6 13 9 10 7 2 1 3 0 12 16 11 
14 9 4 15 2 1 12 16 6 11 8 0 10 3 13 7 
7 10 2 3 4 14 15 11 1 5 8 9 12 16 0 13 
15 0 3 16 4 13 12 1 8 10 14 2 11 6 5 9 
9 3 15 0 11 13 6 5 1 10 16 2 12 4 14 7 
13 15 14 11 16 10 7 6 2 5 1 8 3 0 12 4 
3 6 13 11 8 2 12 0 1 9 5 7 16 14 4 15 
8 15 4 14 0 12 16 3 2 9 10 5 1 13 7 6 
8 6 11 0 4 5 15 14 1 2 9 13 7 10 3 16 
12 6 3 11 2 1 9 7 8 10 4 14 15 5 0 16 
2 1 9 10 5 11 16 15 7 3 4 13 12 0 8 6 
6 9 7 16 10 4 8 0 5 3 1 2 14 12 13 11 
4 9 3 15 5 7 2 1 6 10 14 8 11 12 13 0 
