4 3 2 9 13 6 1 14 7 12 16 15 8 11 10 5 
6 12 0 13 10 4 15 9 7 11 5 3 14 16 8 2 
10 6 5 4 16 7 13 12 15 11 8 14 1 3 9 0 
8 6 2 4 10 5 14 12 7 0 1 9 16 11 15 13 
1 2 5 3 0 8 6 9 15 11 13 12 7 10 14 16 
2 0 6 1 7 10 11 16 9 13 3 14 4 8 15 12 
10 0 1 12 11 4 5 7 13 3 9 2 8 16 15 14 
5 12 13 9 3 15 2 10 0 16 6 11 8 4 1 14 
12 1 16 10 11 9 0 13 14 5 15 4 6 2 3 7 
8 1 15 5 14 10 7 16 4 12 6 2 3 11 13 0 
1 5 0 7 13 14 2 12 9 15 16 11 3 4 8 6 
6 0 9 10 4 14 2 15 13 1 12 8 5 7 3 16 
4 0 1 5 13 7 16 3 11 6 8 15 2 9 10 14 
0 5 3 6 16 7 10 15 11 9 12 2 8 4 14 1 
5 0 3 2 4 9 1 10 11 6 12 16 8 15 13 7 
2 5 8 3 16 0 14 1 11 6 12 7 10 13 4 9 
5 10 3 9 14 15 13 0 12 11 7 8 6 2 1 4 
