16 5 10 15 7 14 13 2 9 1 4 12 11 6 3 8 
9 5 15 7 16 11 13 0 14 4 3 6 2 10 12 8 
0 10 6 7 5 12 14 1 11 8 13 9 15 4 16 3 
14 15 6 9 11 5 16 7 13 10 1 4 2 8 0 12 
7 8 10 13 1 6 16 5 2 3 9 0 12 15 14 11 
2 6 1 16 7 15 4 8 11 10 3 12 9 14 13 0 
12 8 9 15 5 1 16 13 11 0 3 7 10 4 14 2 
5 0 14 6 2 11 9 4 8 15 1 10 12 13 16 3 
12 5 4 13 10 6 1 11 9 7 3 16 14 0 2 15 
13 10 14 3 6 15 7 12 8 2 16 0 1 4 11 5 
8 0 1 3 2 5 4 9 6 15 11 13 12 14 7 16 
15 4 16 0 8 6 9 13 14 10 5 3 12 2 1 7 
14 16 11 8 10 9 5 0 1 3 15 2 4 13 6 7 
5 12 0 6 1 9 7 3 10 11 2 15 4 16 14 8 
9 16 10 12 4 6 8 3 11 2 7 5 1 15 13 0 
16 10 6 9 0 4 12 11 7 8 14 1 2 13 3 5 
5 15 8 3 6 13 12 2 9 11 1 14 4 7 0 10 
