1 4 2 15 3 6 9 14 13 16 7 12 11 8 5 10 
0 8 12 3 10 4 2 6 7 9 16 5 14 11 15 13 
10 15 14 1 13 7 3 16 5 8 9 4 0 11 6 12 
8 6 5 11 12 16 10 4 15 1 9 7 14 2 0 13 
12 0 7 10 15 11 9 1 5 6 14 13 8 2 3 16 
9 6 2 12 7 11 3 16 14 10 0 13 1 4 8 15 
15 5 1 10 7 3 14 11 9 4 12 2 16 0 13 8 
5 9 1 10 2 13 3 12 6 16 11 0 14 15 8 4 
11 4 12 5 13 9 15 2 7 10 3 16 0 6 14 1 
5 3 8 6 10 12 16 2 15 4 11 13 7 0 1 14 
3 15 12 8 0 2 14 1 5 11 7 16 13 6 9 4 
10 6 5 9 4 14 2 15 16 8 12 13 3 7 1 0 
10 5 7 0 4 13 16 3 8 15 6 11 2 9 14 1 
14 4 16 3 0 5 2 15 6 7 9 12 11 8 1 10 
8 12 2 0 1 13 10 4 6 11 5 16 3 9 7 15 
3 6 2 14 11 1 0 16 12 8 7 13 4 5 9 10 
3 11 1 2 10 9 15 8 7 0 13 6 12 5 4 14 
