2 3 6 4 13 9 1 14 12 16 15 7 11 10 8 5 
12 6 13 0 9 4 10 15 3 5 7 11 14 2 8 16 
10 15 5 6 13 7 16 12 9 4 8 11 3 14 1 0 
8 6 2 4 10 14 5 12 9 7 0 1 16 11 13 15 
5 1 2 3 10 6 0 9 11 15 13 12 8 7 14 16 
0 1 6 2 11 7 3 16 9 10 13 14 8 15 4 12 
0 12 10 8 11 7 4 5 3 2 9 13 16 15 14 1 
12 9 5 13 1 2 10 3 6 0 11 16 14 4 15 8 
12 11 16 7 1 9 0 13 14 5 4 15 6 3 10 2 
8 1 5 15 16 7 14 10 2 4 12 6 11 3 0 13 
5 0 7 1 2 14 12 13 16 15 11 8 4 9 3 6 
10 6 9 0 14 4 2 15 16 8 13 12 5 1 7 3 
0 4 1 5 7 13 3 16 8 6 11 15 10 9 2 14 
6 3 10 0 16 15 7 5 9 12 2 11 4 8 14 1 
3 8 0 2 9 1 10 4 6 16 11 12 15 13 5 7 
3 5 8 2 4 16 1 0 12 11 7 6 10 13 9 14 
10 6 9 3 0 14 2 15 8 12 7 11 1 13 5 4 
