5 4 8 2 11 12 1 14 6 10 7 3 9 15 16 13 
15 14 16 8 7 11 6 13 0 3 10 12 9 2 5 4 
3 15 13 14 16 7 4 11 10 0 1 5 8 6 12 9 
9 8 2 1 6 12 13 0 5 16 11 14 15 10 7 4 
11 0 14 1 15 5 8 13 16 12 2 10 7 6 3 9 
7 16 1 0 8 11 6 4 2 12 14 3 9 10 15 13 
15 1 4 10 8 5 14 7 11 12 9 13 2 0 16 3 
11 0 2 15 3 14 6 4 5 12 16 10 8 1 13 9 
0 9 4 7 16 2 6 1 3 11 15 5 14 10 12 13 
12 7 2 15 16 4 13 5 3 10 11 8 0 6 1 14 
3 5 6 8 14 11 9 16 4 15 1 12 7 2 0 13 
15 3 9 14 10 1 5 2 13 6 16 7 12 4 8 0 
9 7 5 14 6 11 0 15 10 8 2 13 4 1 3 16 
5 6 12 15 9 11 1 4 8 0 16 3 7 14 10 2 
6 4 2 12 16 8 0 15 1 13 7 3 10 5 9 11 
5 12 1 3 10 7 8 11 9 16 2 6 4 14 0 13 
7 15 1 8 2 11 3 13 12 5 0 9 4 6 10 14 
