13 12 8 5 1 11 7 15 10 16 6 14 3 9 2 4 
6 14 10 7 4 12 11 5 2 16 13 0 3 8 15 9 
13 0 12 16 6 4 3 7 8 1 10 15 5 14 11 9 
7 0 2 5 8 14 15 4 6 11 13 9 12 1 10 16 
12 8 7 13 15 10 1 11 5 16 0 9 3 14 6 2 
13 4 15 1 11 8 10 14 6 12 7 3 9 0 16 2 
1 11 9 0 4 16 5 2 10 12 14 15 13 3 8 7 
12 0 2 15 6 8 16 3 1 4 5 11 9 13 10 14 
0 11 1 14 12 9 15 3 10 16 7 4 2 13 6 5 
10 11 6 7 3 12 1 14 0 8 5 15 2 16 4 13 
6 11 12 16 4 9 13 5 7 2 14 1 0 8 15 3 
14 0 10 4 2 6 9 8 5 12 16 3 13 1 7 15 
6 1 2 15 0 16 5 4 3 11 8 13 14 10 9 7 
0 14 3 16 12 4 2 10 5 9 6 15 8 7 1 11 
11 15 8 13 1 16 7 9 6 5 0 3 2 4 10 12 
2 3 8 13 9 12 14 1 6 11 4 0 16 10 7 5 
9 0 6 8 11 2 5 13 1 15 10 3 4 7 14 12 
