7 11 4 10 15 3 9 14 8 6 5 13 12 2 1 16 
2 0 7 16 6 4 8 5 14 3 11 9 13 12 10 15 
14 8 12 7 13 10 5 16 11 4 15 6 1 9 0 3 
12 5 9 16 7 0 2 1 15 4 14 6 13 11 10 8 
7 0 3 11 15 8 14 6 1 10 2 5 16 13 9 12 
9 1 2 10 7 8 16 13 6 3 4 11 0 12 15 14 
7 11 8 0 3 13 10 5 2 1 9 16 12 4 14 15 
4 3 6 11 9 8 1 14 13 12 10 5 0 16 2 15 
6 9 7 3 5 4 2 10 16 15 1 13 14 12 11 0 
12 10 0 5 2 16 1 14 11 15 6 4 13 8 7 3 
5 16 15 2 4 6 11 7 1 0 9 12 8 14 13 3 
8 1 13 10 2 9 14 12 3 5 6 4 7 15 16 0 
9 15 14 3 5 13 10 2 0 1 16 4 11 7 6 8 
11 4 0 6 16 7 8 5 2 1 12 10 9 14 15 3 
6 3 5 4 12 9 15 2 7 10 11 16 1 8 13 0 
11 16 0 1 7 5 3 13 6 4 8 10 2 9 14 12 
4 11 3 5 14 2 6 8 7 1 0 13 9 15 10 12 
