1 4 15 2 14 3 13 9 12 6 7 16 8 11 5 10 
6 0 12 3 10 2 4 8 7 5 9 16 11 15 13 14 
10 15 1 14 13 7 3 16 5 4 8 9 11 0 6 12 
6 5 11 8 12 4 10 16 7 15 9 1 2 14 0 13 
10 12 7 0 1 15 11 9 14 6 13 5 2 8 16 3 
9 12 2 6 11 7 16 3 10 14 13 0 8 15 1 4 
15 5 1 10 7 11 14 3 2 12 9 4 16 8 13 0 
5 9 10 1 12 13 3 2 0 6 16 11 4 14 15 8 
11 5 4 12 9 13 2 15 10 7 16 3 6 0 14 1 
6 5 8 3 16 12 2 10 15 4 11 13 7 0 14 1 
8 3 12 15 0 2 14 1 7 16 11 5 4 9 6 13 
5 9 10 6 14 4 2 15 8 13 16 12 3 0 7 1 
0 5 10 7 4 13 11 16 15 8 3 6 2 9 14 1 
14 4 16 3 5 0 2 15 12 7 6 9 10 11 8 1 
8 12 2 0 10 13 1 4 16 11 5 6 3 9 15 7 
9 6 3 14 11 16 0 1 8 13 12 7 2 5 4 10 
3 1 11 2 10 8 15 9 7 6 0 13 12 14 5 4 
