2 11 1 14 5 9 8 13 16 15 10 7 12 4 6 3 
12 11 4 8 9 14 5 13 7 15 6 3 2 16 0 10 
15 11 9 0 13 14 3 16 10 1 8 7 12 4 6 5 
16 6 9 15 7 10 0 13 5 4 1 14 2 12 8 11 
6 0 5 3 7 16 2 15 13 8 1 14 10 9 12 11 
4 7 14 11 6 13 3 12 1 9 15 0 2 16 10 8 
11 13 2 10 3 9 14 7 0 12 8 5 15 1 16 4 
6 16 1 12 0 14 15 2 11 3 5 9 8 4 13 10 
9 15 4 13 10 0 3 12 6 16 5 11 7 2 14 1 
1 16 4 7 5 6 13 0 2 11 12 10 14 15 8 3 
1 9 12 0 5 7 8 2 14 15 6 13 4 11 3 16 
14 16 8 13 1 2 3 9 0 4 6 7 10 15 5 12 
7 6 8 13 9 11 15 2 10 5 14 4 0 1 16 3 
5 15 11 6 7 0 12 16 8 2 1 14 9 4 10 3 
16 9 4 8 5 2 12 3 7 11 0 13 10 6 1 15 
4 0 10 14 6 8 3 11 1 13 2 5 7 16 12 9 
1 3 11 7 14 10 9 6 0 4 5 2 13 8 15 12 
