11 6 2 9 10 13 3 5 4 1 7 15 12 8 14 16 
2 4 11 16 9 10 6 0 3 13 14 7 5 15 12 8 
6 14 4 9 12 7 1 8 13 10 3 16 5 15 11 0 
12 8 15 7 4 16 6 1 14 10 13 5 2 9 0 11 
12 8 1 14 15 10 13 0 6 2 3 16 7 5 11 9 
16 8 9 1 14 4 13 12 7 3 11 15 10 6 0 2 
16 1 9 0 8 2 4 11 14 3 10 5 7 15 12 13 
5 12 13 1 16 11 4 2 3 6 0 14 8 15 9 10 
6 16 4 11 2 0 1 14 12 7 13 3 5 9 15 10 
13 12 1 14 2 4 16 3 5 7 15 11 0 10 8 6 
6 1 8 9 5 4 11 13 12 0 15 7 14 2 16 3 
13 7 12 8 3 4 5 0 15 1 9 10 16 14 6 2 
1 0 16 3 5 13 7 10 11 4 15 14 2 8 6 9 
9 12 1 0 14 16 8 11 4 6 15 2 10 7 5 3 
5 6 0 3 16 4 10 13 7 9 2 11 15 8 1 12 
4 3 14 13 1 16 12 2 10 6 0 11 8 9 5 7 
12 4 14 2 10 13 1 3 0 6 15 8 5 11 7 9 
