8 4 7 13 10 3 15 9 1 2 6 16 5 12 14 11 
12 9 7 0 6 3 5 8 11 16 15 4 2 10 13 14 
12 15 16 3 5 13 4 9 6 11 14 7 8 0 10 1 
7 16 1 14 11 4 8 5 15 6 10 0 9 12 13 2 
15 8 9 6 16 11 2 10 7 1 0 5 14 3 12 13 
1 10 3 4 7 8 15 13 0 16 2 9 6 12 14 11 
2 10 7 4 15 11 3 5 16 8 12 0 9 13 1 14 
15 13 6 1 10 9 14 5 8 11 12 2 4 0 16 3 
10 7 14 15 1 2 0 3 16 5 13 12 11 4 9 6 
14 0 5 8 12 7 15 2 13 1 3 11 6 4 16 10 
2 5 0 6 3 14 9 4 15 8 1 12 13 11 16 7 
10 12 13 0 7 16 6 9 4 5 15 2 8 3 14 1 
10 9 3 8 16 14 2 15 1 5 11 7 6 4 13 0 
14 4 0 15 8 11 10 2 5 9 1 16 12 6 3 7 
10 16 13 5 6 8 1 12 4 2 7 3 11 9 0 15 
16 4 14 8 9 13 2 1 6 10 5 12 3 7 11 0 
1 4 15 12 11 9 13 0 5 10 8 7 6 14 3 2 
