12 11 14 1 8 9 13 5 7 15 10 16 2 3 4 6 
11 8 12 4 13 14 5 9 3 7 15 6 2 0 16 10 
11 9 15 0 13 14 3 16 7 10 8 1 5 6 12 4 
16 9 6 15 10 7 0 13 5 4 14 1 2 8 12 11 
0 6 3 5 7 16 2 15 8 13 14 1 10 9 11 12 
14 4 11 7 3 6 12 13 15 1 9 0 8 2 16 10 
11 13 2 10 14 7 3 9 12 8 0 5 15 1 4 16 
6 12 1 16 14 0 2 15 3 11 5 9 8 4 13 10 
9 13 4 15 0 10 12 3 11 16 6 5 2 7 1 14 
7 1 4 16 6 5 0 13 11 12 10 2 3 15 14 8 
0 1 9 12 5 2 7 8 15 6 14 13 11 4 3 16 
8 14 13 16 3 9 2 1 7 0 4 6 10 15 12 5 
7 8 13 6 9 11 15 2 5 4 14 10 1 0 3 16 
6 11 15 5 16 0 7 12 8 2 1 14 3 10 9 4 
9 8 16 4 3 5 2 12 11 7 13 0 15 10 1 6 
0 14 4 10 8 11 3 6 5 1 2 13 9 7 16 12 
3 7 1 11 10 14 9 6 4 5 2 0 13 15 8 12 
