13 5 8 12 1 11 15 7 14 6 10 16 3 9 2 4 
10 6 14 7 11 12 4 5 2 16 13 0 3 8 9 15 
4 6 13 0 7 12 16 3 14 5 8 10 15 9 11 1 
0 2 5 7 8 14 15 16 11 6 13 9 1 4 10 12 
8 7 12 13 11 5 1 15 0 10 9 16 2 6 3 14 
1 15 4 13 10 14 11 8 3 12 6 0 16 9 7 2 
9 0 1 11 5 4 16 2 12 10 14 15 13 7 8 3 
0 4 15 2 6 8 3 16 12 11 10 5 13 9 1 14 
14 9 13 11 3 15 0 12 10 16 7 4 6 1 5 2 
6 14 10 4 3 13 1 11 0 5 8 15 7 12 2 16 
11 6 2 12 13 9 4 7 5 1 16 3 15 0 8 14 
15 0 12 10 1 2 9 8 14 13 3 5 6 16 7 4 
14 1 15 2 5 4 16 0 11 13 8 3 7 9 6 10 
0 14 16 3 12 10 2 4 9 15 5 6 11 8 7 1 
10 8 16 4 7 1 12 11 0 5 6 3 9 13 15 2 
3 2 8 13 12 16 9 14 11 6 0 7 4 1 10 5 
0 9 8 10 13 11 2 5 6 1 15 3 12 14 4 7 
