4 1 2 15 3 14 6 9 13 16 7 12 11 5 8 10 
6 0 12 3 8 10 4 2 16 5 9 7 14 11 15 13 
10 15 1 14 7 13 3 16 8 5 9 4 11 0 6 12 
8 5 11 6 16 12 10 4 9 7 15 1 2 14 13 0 
12 0 7 10 9 1 15 11 14 5 6 13 8 2 3 16 
9 6 2 12 11 7 3 16 14 10 13 0 15 4 1 8 
5 1 15 10 11 7 3 14 2 9 4 12 16 13 0 8 
5 9 1 10 2 12 13 3 6 16 11 0 14 8 15 4 
11 12 4 5 9 13 15 2 10 7 16 3 0 6 1 14 
8 3 5 6 12 2 16 10 15 11 13 4 0 7 14 1 
8 12 3 15 0 2 14 1 5 11 7 16 6 13 4 9 
10 5 9 6 4 14 2 15 16 8 12 13 1 3 7 0 
10 5 7 0 4 13 16 3 15 8 6 11 9 2 14 1 
14 4 16 3 0 5 2 15 9 6 7 12 1 10 8 11 
2 8 0 12 13 1 10 4 6 11 5 16 7 9 15 3 
3 6 2 14 16 11 1 0 7 12 8 13 5 4 9 10 
2 3 11 1 10 9 15 8 7 13 0 6 12 5 4 14 
