11 12 14 1 8 5 9 13 16 7 10 15 6 4 3 2 
12 8 4 11 7 14 13 9 6 15 5 3 10 16 2 0 
11 0 15 9 13 14 16 3 1 7 8 10 4 12 6 5 
15 6 14 16 7 10 0 13 5 1 4 9 11 12 8 2 
0 3 6 8 16 7 15 2 13 5 1 14 12 10 11 9 
4 11 7 14 3 6 13 12 0 9 1 15 8 16 10 2 
10 2 11 13 14 7 3 9 16 8 5 0 12 1 15 4 
12 6 1 16 14 0 15 2 5 9 3 11 8 10 13 4 
13 15 9 4 10 0 12 3 16 5 11 6 2 7 1 14 
16 1 4 7 11 6 13 0 12 10 2 5 3 8 15 14 
12 0 9 1 7 14 8 2 5 13 15 6 4 11 3 16 
13 8 16 14 3 9 1 2 6 4 7 0 5 15 10 12 
8 13 7 6 11 9 2 15 4 14 10 5 1 0 16 3 
11 15 5 8 16 12 7 0 6 2 14 1 10 3 9 4 
16 4 8 9 12 2 3 5 7 11 13 0 15 10 1 6 
0 14 10 4 8 6 3 11 13 1 5 2 7 9 12 16 
7 1 3 11 9 10 6 14 5 2 4 0 12 13 8 15 
