16 15 5 10 2 7 14 13 12 1 4 9 11 6 3 8 
9 7 5 15 11 16 13 0 4 6 3 14 12 10 2 8 
0 7 6 10 12 5 14 1 8 13 11 9 15 4 16 3 
15 6 9 14 5 7 16 11 13 1 10 4 8 0 2 12 
8 7 10 13 1 5 6 16 2 0 9 3 15 11 12 14 
2 6 16 1 7 15 8 4 10 11 3 12 9 14 0 13 
5 12 9 8 15 16 1 13 11 7 0 3 10 14 4 2 
0 14 6 5 2 9 11 4 15 10 1 8 13 12 16 3 
4 13 5 12 6 11 1 10 9 7 3 16 14 0 15 2 
3 14 13 10 7 12 6 15 8 2 16 0 5 11 1 4 
8 0 1 3 4 2 9 5 6 11 13 15 14 12 7 16 
15 16 4 0 8 13 6 9 10 3 14 5 7 12 1 2 
14 8 16 11 10 5 9 0 1 3 2 15 4 13 6 7 
12 5 6 0 1 7 3 9 11 10 2 15 4 16 8 14 
12 9 16 10 8 6 4 3 11 2 7 5 1 15 0 13 
9 10 16 6 4 11 0 12 8 7 14 1 5 13 3 2 
3 8 15 5 2 13 12 6 11 9 14 1 10 4 0 7 
