2 6 1 14 9 3 15 13 16 7 4 12 5 10 11 8 
0 12 11 6 4 2 8 10 9 3 7 13 16 14 15 5 
10 1 5 16 7 6 15 13 9 4 8 14 12 0 3 11 
11 5 8 6 12 10 16 4 1 7 15 9 14 2 0 13 
15 10 0 12 6 11 1 9 7 14 5 13 2 8 16 3 
2 6 12 9 11 7 16 3 8 13 10 14 1 0 4 15 
1 5 10 15 7 11 8 3 9 4 2 12 14 16 0 13 
16 10 9 5 12 2 13 3 1 11 0 6 8 14 15 4 
12 4 11 5 9 13 2 15 3 1 10 7 16 0 14 6 
11 6 5 3 16 10 2 15 13 4 12 14 1 7 8 0 
5 3 8 15 14 6 13 0 7 11 12 16 9 4 1 2 
9 6 10 5 14 7 4 15 8 13 16 3 2 1 0 12 
5 0 15 7 16 6 1 4 8 3 2 10 11 9 13 14 
3 14 4 9 0 6 2 15 7 16 12 8 11 1 10 5 
0 8 12 16 13 10 1 4 11 2 5 6 15 3 9 7 
6 13 3 5 16 0 1 11 9 7 12 8 2 14 10 4 
11 1 3 10 9 14 15 2 7 0 6 8 13 4 5 12 
