3 7 14 15 1 8 11 10 6 12 4 9 16 2 5 13 
7 9 13 5 14 12 16 8 6 15 0 3 11 4 10 2 
15 12 0 16 11 6 5 8 9 14 7 10 4 3 1 13 
6 0 16 2 9 4 8 14 10 15 13 11 12 5 1 7 
5 13 1 6 10 7 16 8 14 15 9 11 3 12 2 0 
0 11 7 4 9 12 1 14 10 6 3 16 15 2 8 13 
7 12 15 8 9 4 13 0 16 10 1 2 14 5 3 11 
4 8 2 5 10 0 12 15 9 1 11 6 14 13 16 3 
5 12 10 14 15 4 6 7 1 2 0 11 13 9 16 3 
6 7 1 14 4 12 3 5 2 0 16 10 15 13 8 11 
13 8 1 9 0 11 14 16 2 7 12 3 15 5 4 6 
9 5 15 2 14 1 13 0 3 10 8 6 12 16 4 7 
13 6 4 14 2 10 7 11 15 9 16 3 8 1 0 5 
0 3 8 7 16 11 4 1 14 6 2 15 5 12 10 9 
15 16 5 1 2 4 3 8 6 10 9 0 7 13 11 12 
3 12 5 11 9 7 2 1 14 16 8 6 4 10 13 0 
12 6 2 13 8 3 11 9 15 1 4 10 0 14 5 7 
