8 13 5 12 1 11 15 7 6 14 10 16 3 2 4 9 
6 7 10 14 11 5 12 4 16 2 13 0 15 8 3 9 
3 4 6 0 13 12 7 16 10 8 14 5 9 15 1 11 
5 2 7 0 15 14 16 11 9 8 13 6 1 4 12 10 
7 8 12 13 5 11 15 0 1 9 10 16 2 6 14 3 
15 1 13 4 10 8 14 11 12 3 6 0 9 7 2 16 
9 1 0 11 4 16 2 5 12 10 15 14 8 13 3 7 
4 0 15 2 8 6 16 3 10 11 5 12 9 13 1 14 
14 13 3 11 12 0 15 9 16 4 7 10 5 1 6 2 
10 6 14 4 11 13 1 3 15 5 8 0 2 12 16 7 
6 11 12 2 7 8 4 9 5 1 3 16 15 13 0 14 
16 12 15 0 8 1 9 2 3 14 5 13 10 4 6 7 
14 1 15 2 5 0 4 16 8 11 6 3 10 7 13 9 
14 0 3 16 12 10 2 4 6 5 15 9 11 7 8 1 
0 10 4 8 1 7 16 11 5 12 6 3 13 9 2 15 
13 8 2 3 14 12 9 16 0 6 7 11 4 10 1 5 
9 10 0 8 5 11 2 13 6 3 15 1 14 4 12 7 
