9 10 5 2 8 16 14 6 12 11 1 3 4 13 7 15 
15 11 10 13 0 9 14 8 4 12 16 7 6 3 5 2 
14 9 6 4 8 13 3 11 10 16 12 0 1 15 7 5 
13 8 1 14 6 5 10 4 2 16 12 9 11 0 15 7 
5 8 9 3 12 10 15 0 6 11 14 1 7 2 13 16 
3 15 1 14 6 12 2 11 8 10 0 4 9 16 7 13 
4 12 1 14 9 7 8 10 16 15 2 5 11 3 13 0 
8 4 16 15 0 2 1 5 13 9 3 10 14 12 11 6 
13 1 6 5 9 12 7 11 0 14 3 16 4 10 15 2 
7 15 8 12 5 10 16 0 1 2 3 4 14 11 6 13 
14 9 15 16 5 12 6 8 2 4 0 13 11 7 1 3 
7 4 3 2 13 16 9 1 12 14 0 10 6 15 5 8 
16 10 6 1 14 2 4 13 15 8 7 0 5 9 3 11 
16 2 0 14 5 3 9 4 15 6 10 7 8 12 1 11 
12 9 4 15 2 7 1 10 8 5 13 0 11 6 16 3 
8 11 1 16 0 14 3 7 2 4 6 10 13 9 5 12 
12 5 4 8 14 6 7 3 1 2 11 9 10 15 13 0 
