1 8 4 11 9 13 2 6 5 10 16 7 3 12 15 14 
9 12 15 0 3 11 10 2 7 16 13 4 8 5 6 14 
4 5 7 12 10 13 8 11 1 0 3 16 15 6 9 14 
8 11 9 5 7 2 1 14 6 4 0 13 15 12 10 16 
11 16 6 14 3 12 13 5 2 1 9 10 15 8 0 7 
7 11 10 1 8 16 2 15 3 0 6 12 14 9 4 13 
2 12 14 7 1 8 10 9 0 16 5 11 3 13 4 15 
14 13 16 10 6 2 5 9 11 0 3 12 4 1 8 15 
1 4 12 16 9 6 3 10 11 13 7 15 0 14 2 5 
4 8 0 13 14 5 3 15 11 1 10 2 7 6 12 16 
3 1 6 7 12 13 2 15 5 0 11 16 14 8 9 4 
12 5 10 4 6 1 2 15 8 14 13 3 0 9 16 7 
4 11 15 6 0 10 7 8 14 9 3 16 2 1 5 13 
12 9 11 7 15 0 14 10 5 1 6 8 2 4 3 16 
8 2 3 0 16 6 7 4 5 9 15 11 10 12 1 13 
5 3 7 10 9 12 13 14 8 0 1 16 4 2 11 6 
11 6 0 13 5 12 14 1 7 10 15 2 8 4 3 9 
