10 9 13 16 3 6 1 8 14 7 4 5 11 12 15 2 
9 12 0 16 10 8 13 11 3 14 7 15 6 4 2 5 
1 16 5 8 6 15 13 7 9 10 4 14 3 11 0 12 
12 14 7 5 2 10 4 16 9 15 1 13 11 0 8 6 
12 10 8 0 6 11 1 5 7 9 15 13 14 2 3 16 
2 16 6 8 4 11 3 13 10 12 1 14 9 7 0 15 
5 10 9 1 2 11 8 13 4 12 3 16 14 15 7 0 
4 5 2 1 8 3 13 15 0 16 11 6 14 12 9 10 
11 15 4 6 13 7 2 9 10 5 12 1 0 14 16 3 
11 10 0 5 16 3 2 15 12 13 14 1 4 6 8 7 
15 6 16 13 12 3 5 9 1 7 4 2 14 11 8 0 
9 8 12 2 14 16 7 15 1 13 5 4 0 10 6 3 
11 15 0 1 6 9 4 16 8 10 3 2 7 14 5 13 
9 3 14 4 2 5 6 0 12 16 7 8 1 11 15 10 
6 12 15 2 13 1 9 4 8 11 0 5 10 7 3 16 
5 13 14 3 11 2 0 16 7 12 9 4 1 6 8 10 
10 3 1 11 14 15 4 8 0 2 9 6 13 5 12 7 
