13 8 12 5 11 7 15 1 10 16 14 6 2 9 4 3 
10 14 7 6 4 5 12 11 16 2 13 0 15 9 3 8 
3 4 6 0 13 12 7 16 5 14 8 10 15 1 9 11 
7 0 5 2 14 16 11 15 9 6 13 8 1 4 10 12 
13 7 12 8 5 0 11 15 10 16 1 9 6 14 2 3 
15 13 1 4 10 14 8 11 6 0 3 12 7 2 9 16 
1 11 0 9 16 2 4 5 12 10 14 15 3 13 8 7 
0 4 15 2 8 6 16 3 10 12 5 11 13 9 14 1 
9 13 11 14 3 12 15 0 7 4 10 16 1 5 6 2 
10 4 6 14 11 13 3 1 8 5 0 15 2 7 16 12 
2 12 6 11 13 4 9 7 1 5 3 16 0 15 8 14 
0 15 12 10 1 8 2 9 3 5 14 13 7 4 6 16 
14 1 2 15 16 0 5 4 3 13 11 8 6 7 10 9 
0 14 16 3 4 10 2 12 15 6 9 5 8 11 7 1 
8 4 10 16 0 11 7 1 6 3 5 12 9 13 15 2 
8 2 3 13 14 9 12 16 11 6 0 7 5 1 10 4 
8 0 10 9 2 13 5 11 3 15 6 1 14 4 12 7 
