7 6 11 9 3 12 5 2 13 10 8 16 15 4 1 14 
10 2 3 16 15 14 9 0 8 7 12 4 5 11 13 6 
13 6 10 8 5 15 11 9 12 0 16 3 4 7 14 1 
15 11 0 14 1 9 12 16 10 6 13 7 4 8 5 2 
8 15 5 14 10 9 6 13 7 2 1 3 0 11 12 16 
15 14 9 4 1 2 12 16 8 11 6 0 13 3 7 10 
10 3 7 2 14 15 4 11 9 1 5 8 12 16 13 0 
15 0 16 3 12 13 1 4 2 10 14 8 6 11 9 5 
15 3 9 0 13 6 5 11 10 1 16 2 4 14 7 12 
14 13 15 11 16 7 6 10 2 1 5 8 0 12 4 3 
11 13 3 6 12 8 0 2 1 9 5 7 15 4 14 16 
8 14 4 15 0 12 3 16 2 10 9 5 7 13 6 1 
11 6 8 0 4 14 15 5 13 1 9 2 7 10 3 16 
3 12 6 11 9 1 2 7 10 8 14 4 16 5 0 15 
1 2 9 10 16 11 5 15 3 13 4 7 12 8 6 0 
10 9 6 7 16 8 4 0 3 1 5 2 11 12 13 14 
4 3 15 9 7 2 5 1 10 6 8 14 11 12 13 0 
