13 2 6 11 7 16 10 1 4 14 15 12 3 9 8 5 
2 13 16 9 10 8 11 15 4 14 5 3 7 0 12 6 
6 0 3 14 15 13 1 4 5 7 11 9 16 10 8 12 
1 6 2 7 10 12 0 13 5 15 16 14 9 4 11 8 
1 6 15 9 11 7 16 3 13 12 2 8 5 10 0 14 
10 15 1 12 3 6 13 7 2 16 0 11 14 4 9 8 
0 16 9 12 4 5 11 1 13 14 3 10 7 8 15 2 
9 10 3 12 13 14 16 11 0 15 4 6 5 1 8 2 
10 2 4 6 5 13 11 12 7 15 16 3 0 9 1 14 
8 14 16 6 7 2 0 10 1 13 5 12 4 3 15 11 
11 2 1 14 5 7 4 12 8 15 13 0 6 9 16 3 
12 8 6 3 14 10 5 13 9 0 2 15 7 16 1 4 
16 5 2 15 0 1 11 3 8 14 13 7 10 4 6 9 
5 6 16 4 7 15 11 10 12 9 2 14 0 1 3 8 
4 3 13 2 11 6 12 15 1 16 10 8 0 7 9 5 
6 11 8 9 16 4 13 0 12 7 1 14 10 3 5 2 
15 10 14 11 9 6 13 7 1 2 3 12 4 0 8 5 
