12 8 5 13 15 11 7 1 14 6 16 10 4 9 2 3 
14 6 7 10 12 11 5 4 2 16 0 13 9 15 8 3 
16 12 0 13 4 7 6 3 1 10 8 15 11 5 9 14 
7 5 2 0 8 4 15 14 11 6 13 9 16 1 12 10 
13 8 7 12 1 10 15 11 9 0 16 5 3 14 6 2 
13 1 4 15 14 11 8 10 12 3 7 6 0 9 2 16 
9 1 11 0 5 4 16 2 10 12 15 14 3 8 7 13 
12 0 15 2 8 6 3 16 11 4 5 1 9 10 14 13 
13 11 14 1 9 3 12 15 4 7 10 16 6 2 0 5 
7 11 10 6 12 3 14 1 5 0 8 15 16 13 2 4 
2 6 16 11 9 5 13 4 12 7 1 14 0 8 3 15 
14 4 10 0 2 6 9 8 12 5 3 16 7 13 15 1 
1 6 2 15 16 4 5 0 11 8 13 3 7 9 10 14 
14 0 16 3 10 2 12 4 15 5 6 9 8 7 11 1 
11 15 4 10 9 7 16 1 0 3 6 5 8 2 13 12 
3 2 8 13 12 9 1 14 11 0 4 6 5 7 10 16 
9 6 0 8 11 13 5 2 3 10 15 1 7 4 14 12 
