8 9 1 16 11 4 15 10 3 6 5 14 12 2 7 13 
6 13 14 12 4 11 10 16 5 7 15 3 2 8 9 0 
10 11 9 4 12 6 7 16 0 8 14 1 15 3 13 5 
4 12 11 7 13 1 15 6 16 8 0 9 5 10 2 14 
6 12 7 13 11 1 10 0 8 14 5 16 3 9 15 2 
4 15 14 16 12 2 0 13 8 10 9 1 11 3 6 7 
5 1 2 13 16 14 11 15 3 7 12 10 0 4 9 8 
8 11 5 2 16 0 15 12 3 9 1 13 14 6 4 10 
7 10 13 0 12 2 14 6 11 9 3 16 1 4 5 15 
13 5 10 1 14 0 4 11 8 3 15 6 7 16 12 2 
6 16 7 8 11 9 0 4 15 3 13 5 2 12 14 1 
10 12 16 0 4 6 2 7 3 9 8 5 15 13 14 1 
5 14 7 11 1 2 13 8 6 3 10 4 9 0 15 16 
8 6 16 2 11 10 14 1 9 15 4 5 7 0 12 3 
10 5 0 16 1 2 12 13 6 15 7 8 11 9 3 4 
6 10 0 13 12 8 2 7 9 4 3 11 5 16 1 14 
6 0 10 15 7 3 2 13 1 8 12 5 11 4 14 9 
