16 5 10 15 13 2 14 7 12 1 4 9 11 6 3 8 
15 7 9 5 16 11 13 0 4 6 3 14 12 2 10 8 
6 7 0 10 5 12 1 14 8 13 9 11 15 4 16 3 
6 15 14 9 5 11 16 7 10 4 13 1 2 0 12 8 
13 7 10 8 1 16 6 5 0 2 9 3 15 11 12 14 
16 6 1 2 15 7 8 4 10 3 12 11 14 9 0 13 
15 9 8 12 5 13 16 1 0 3 7 11 2 4 14 10 
14 0 5 6 9 2 4 11 8 15 10 1 12 13 16 3 
12 4 5 13 11 1 10 6 9 7 3 16 0 14 15 2 
10 13 14 3 7 6 12 15 2 16 8 0 11 4 1 5 
3 1 8 0 2 9 5 4 15 13 11 6 16 14 7 12 
0 16 4 15 9 8 6 13 10 5 14 3 2 12 7 1 
14 16 8 11 5 10 9 0 3 1 15 2 13 6 4 7 
0 12 6 5 3 7 1 9 10 11 15 2 16 4 8 14 
16 10 12 9 8 3 4 6 7 11 5 2 15 1 0 13 
6 16 9 10 4 11 12 0 7 8 14 1 5 3 2 13 
8 15 5 3 12 13 6 2 11 9 14 1 10 7 4 0 
