3 15 7 12 11 4 1 14 5 9 16 8 10 6 2 13 
0 15 2 14 12 11 5 3 4 10 13 6 9 7 16 8 
5 6 16 9 14 10 7 8 12 11 3 4 1 15 0 13 
14 0 2 15 13 16 4 12 11 5 7 1 10 6 8 9 
16 2 9 10 13 1 6 8 0 11 3 5 7 12 15 14 
6 13 3 10 16 1 4 15 0 2 11 12 14 7 9 8 
0 8 14 1 4 15 16 3 11 10 5 13 12 9 2 7 
0 2 14 11 12 13 10 1 16 8 9 6 15 4 3 5 
5 12 16 6 15 1 7 10 14 9 2 0 3 13 4 11 
15 0 14 1 11 4 5 3 8 13 12 16 10 2 6 7 
4 1 11 0 7 9 12 2 15 3 5 14 6 8 16 13 
16 6 5 9 10 12 13 3 14 2 8 0 1 7 15 4 
15 3 4 0 13 5 7 6 16 8 9 10 11 2 1 14 
9 2 14 0 15 6 3 4 7 10 1 8 12 16 11 5 
5 16 7 12 10 4 1 3 11 0 2 15 9 6 8 13 
11 3 5 12 16 6 9 7 0 4 2 14 8 13 1 10 
13 1 3 6 10 8 9 14 7 2 5 12 15 11 0 4 
