13 8 12 5 11 15 1 7 14 10 6 16 2 9 4 3 
10 6 14 7 12 11 4 5 16 2 13 0 15 8 3 9 
4 12 13 16 6 3 0 7 8 10 15 1 9 14 5 11 
0 5 2 7 4 14 15 8 6 9 11 13 10 16 12 1 
7 13 12 8 11 1 5 10 0 16 15 9 3 2 6 14 
15 4 1 13 10 8 14 11 12 7 3 6 16 2 0 9 
0 11 1 9 16 5 2 4 10 12 14 15 7 13 8 3 
12 0 2 15 6 8 16 3 5 11 1 4 13 10 9 14 
0 11 1 14 9 12 3 15 16 4 10 7 2 13 6 5 
7 11 6 10 12 13 1 14 15 8 5 0 4 2 16 3 
11 16 12 6 9 13 4 5 7 2 1 14 3 8 0 15 
4 14 0 10 2 6 7 8 5 12 3 16 13 1 9 15 
1 6 15 2 0 4 7 16 8 3 11 13 9 14 10 5 
0 14 3 16 10 2 4 12 5 9 15 6 1 8 7 11 
13 11 8 15 1 9 7 10 5 3 6 0 4 2 12 16 
2 3 8 13 9 12 1 14 11 0 6 4 5 10 16 7 
0 1 8 6 13 5 11 2 10 9 3 15 4 14 7 12 
