5 13 3 9 6 8 14 16 12 10 11 7 1 4 2 15 
11 16 12 0 4 13 14 6 7 3 15 8 2 10 5 9 
13 14 4 6 8 5 3 11 12 16 10 0 7 9 15 1 
9 10 1 14 13 5 4 15 2 11 16 7 0 12 8 6 
7 8 15 16 5 2 0 13 6 12 14 1 10 9 3 11 
10 15 6 7 12 2 1 11 13 9 4 3 8 14 16 0 
14 4 13 16 7 10 15 2 0 12 1 5 11 9 8 3 
6 1 16 2 4 5 0 13 15 9 8 3 11 14 12 10 
0 3 15 2 1 7 11 9 14 16 10 12 5 13 4 6 
11 6 0 15 1 10 16 12 3 2 4 8 5 7 13 14 
15 13 4 6 12 9 11 5 3 2 0 8 7 16 14 1 
10 1 8 7 9 13 3 16 5 0 12 14 6 4 15 2 
4 6 15 1 2 7 10 14 8 16 0 13 9 5 3 11 
0 11 14 1 4 5 15 6 3 12 8 2 16 9 10 7 
9 15 1 4 10 2 8 7 6 5 13 0 12 11 16 3 
12 2 1 9 4 3 0 7 8 11 10 16 6 14 5 13 
13 3 15 2 6 1 7 11 9 8 4 5 10 12 0 14 
