10 15 16 5 13 2 7 14 9 4 1 12 6 8 11 3 
15 5 7 9 16 11 13 0 6 3 14 4 8 10 12 2 
10 0 6 7 12 5 1 14 13 8 11 9 15 4 16 3 
9 14 6 15 7 5 16 11 13 4 1 10 8 12 2 0 
10 7 8 13 1 6 5 16 2 3 9 0 15 14 11 12 
2 16 6 1 4 15 7 8 10 3 11 12 9 14 13 0 
9 12 8 15 13 5 16 1 0 3 7 11 10 14 2 4 
6 0 5 14 9 2 4 11 8 1 15 10 12 13 16 3 
5 13 12 4 1 10 6 11 7 9 3 16 14 0 2 15 
10 13 14 3 7 12 6 15 16 0 8 2 1 4 5 11 
0 3 8 1 2 5 9 4 11 13 15 6 7 16 14 12 
16 15 0 4 9 13 8 6 5 3 10 14 2 7 1 12 
14 11 16 8 10 5 9 0 3 1 15 2 6 7 4 13 
5 6 12 0 3 9 7 1 10 11 2 15 16 14 8 4 
12 9 10 16 8 4 6 3 7 11 5 2 1 15 0 13 
6 16 10 9 4 0 12 11 7 8 14 1 13 2 5 3 
8 5 3 15 6 2 13 12 9 11 1 14 7 10 4 0 
