15 16 10 9 6 3 1 14 13 4 2 8 11 7 5 12 
10 4 7 2 6 5 13 0 9 16 8 11 15 14 12 3 
8 10 13 15 3 14 5 4 7 12 6 16 9 1 11 0 
7 1 5 6 10 4 2 0 13 15 11 12 8 9 16 14 
12 14 0 13 10 9 7 6 1 5 11 15 8 2 16 3 
7 13 9 2 6 0 3 16 15 4 14 1 10 8 11 12 
2 3 9 12 13 11 15 10 4 8 5 14 7 0 1 16 
16 14 8 15 2 12 0 5 4 11 1 10 3 13 9 6 
1 2 16 3 12 7 11 4 15 5 0 13 9 6 10 14 
3 0 11 7 5 10 15 2 12 6 8 14 1 4 13 16 
2 4 16 11 9 3 5 1 7 15 0 8 12 6 14 13 
9 2 14 5 4 1 12 3 15 6 16 0 7 10 8 13 
6 3 15 2 8 7 14 1 10 0 9 5 16 13 11 4 
1 0 2 7 10 3 5 12 9 4 8 15 14 16 11 6 
3 7 5 6 13 12 1 9 8 11 10 0 16 4 15 2 
9 0 8 4 12 1 10 16 2 11 14 6 3 13 7 5 
4 5 11 2 15 12 9 0 1 10 3 6 8 14 7 13 
