8 16 15 6 1 4 9 11 5 12 2 14 7 3 13 10 
8 2 5 7 11 4 9 12 16 10 13 14 0 6 15 3 
9 4 10 8 15 16 7 0 13 12 1 14 11 3 5 6 
5 9 7 12 4 14 10 0 11 8 6 13 1 16 15 2 
15 11 14 8 1 2 0 13 3 12 6 9 7 5 10 16 
3 9 0 13 11 4 16 8 6 12 2 15 7 10 1 14 
15 1 5 13 10 9 16 3 4 2 11 14 8 7 0 12 
14 6 0 16 10 3 8 4 5 12 1 15 13 2 9 11 
10 1 5 15 11 7 6 14 12 2 3 4 16 9 13 0 
15 14 5 3 6 13 8 10 11 1 0 7 4 16 12 2 
2 14 9 0 16 8 12 6 1 15 11 7 13 3 4 5 
5 4 6 9 15 14 3 8 12 7 13 16 2 0 10 1 
13 4 15 7 8 9 1 14 0 10 2 6 5 11 16 3 
16 9 5 14 11 10 15 12 4 0 1 8 6 7 3 2 
16 2 8 1 0 5 9 15 10 6 13 12 4 3 7 11 
12 10 0 11 1 4 16 3 14 7 9 6 8 5 13 2 
13 15 4 14 3 0 8 12 11 5 6 10 9 7 2 1 
