8 4 6 5 12 9 1 3 13 11 2 15 10 7 14 16 
13 14 4 10 15 7 16 3 2 6 0 8 9 5 12 11 
9 7 6 15 5 13 10 1 4 8 3 16 12 11 0 14 
5 16 9 4 11 12 2 15 13 10 8 7 0 6 1 14 
8 11 14 1 2 5 13 6 12 0 3 9 15 16 7 10 
10 7 0 3 4 8 13 9 16 6 15 2 11 12 1 14 
11 3 0 12 9 5 4 1 10 7 14 13 8 16 2 15 
12 11 2 15 10 9 14 13 1 5 3 0 8 4 16 6 
2 0 12 16 6 5 13 9 3 10 14 1 11 7 15 4 
15 0 3 6 16 1 7 4 2 5 11 13 12 10 14 8 
5 8 6 4 12 0 11 16 7 9 14 1 3 13 15 2 
15 10 14 12 7 9 5 6 2 3 0 13 4 16 8 1 
2 7 0 11 13 14 8 5 3 6 10 9 16 1 4 15 
15 1 10 3 0 14 16 7 6 2 12 9 8 4 11 5 
15 9 1 3 7 8 16 2 6 13 0 4 12 5 11 10 
10 2 12 14 0 3 11 8 6 4 13 16 1 7 5 9 
11 4 7 0 13 10 12 3 9 6 1 5 8 14 2 15 
