2 3 6 4 13 9 1 14 15 12 7 16 11 5 10 8 
8 12 0 6 9 15 10 4 7 11 3 5 2 14 16 13 
15 6 10 5 13 12 16 7 4 8 3 9 0 11 1 14 
4 8 6 2 12 5 14 10 1 15 7 9 11 16 0 13 
3 1 5 2 0 10 9 6 7 12 13 11 15 14 16 8 
6 0 2 1 11 7 16 3 9 13 10 14 4 12 8 15 
8 0 12 10 11 5 7 4 3 13 2 9 16 15 14 1 
12 9 10 5 3 1 2 13 0 16 11 6 14 15 4 8 
16 12 11 7 9 15 13 0 4 5 1 14 6 3 2 10 
5 1 15 8 7 16 10 14 6 4 12 2 11 3 13 0 
5 1 0 7 12 2 13 14 11 8 15 16 6 9 3 4 
6 9 10 0 14 4 2 15 12 16 13 8 3 7 5 1 
4 1 0 5 13 7 3 16 8 6 15 11 9 14 10 2 
0 6 16 3 7 5 15 2 11 12 10 9 8 4 1 14 
3 2 0 8 1 4 10 9 16 11 6 12 5 7 15 13 
3 2 5 8 4 1 16 0 7 6 14 12 13 10 9 11 
6 3 10 11 14 0 2 15 7 9 8 12 5 13 1 4 
