11 2 1 14 5 13 8 9 16 10 15 7 3 12 4 6 
11 4 8 12 13 9 5 14 6 15 7 3 0 16 10 2 
15 11 0 9 13 14 16 3 8 7 10 1 6 12 5 4 
15 16 6 9 7 10 0 13 4 5 1 14 12 11 8 2 
3 5 0 6 9 16 15 2 8 13 14 1 10 7 12 11 
14 11 4 7 13 12 3 6 0 15 9 1 10 8 16 2 
13 10 11 2 9 7 3 14 8 12 0 5 16 1 15 4 
12 1 6 16 14 0 2 15 5 9 3 11 4 10 8 13 
15 9 4 13 3 0 10 12 16 5 11 6 7 2 14 1 
2 4 7 16 6 5 0 13 1 10 12 11 14 8 3 15 
0 1 9 12 7 8 2 5 6 15 14 13 11 4 16 3 
13 14 8 16 2 3 9 1 7 0 4 6 12 10 5 15 
13 7 8 6 9 11 2 15 4 5 10 14 1 0 16 3 
5 15 11 6 0 12 7 16 2 8 14 1 3 10 4 9 
4 16 9 8 3 2 12 5 11 7 13 0 1 10 15 6 
10 0 4 14 6 3 8 11 1 2 13 5 16 9 12 7 
1 7 3 11 9 10 6 14 0 4 5 2 12 8 15 13 
