6 13 2 11 10 7 16 1 4 15 14 12 9 5 3 8 
2 13 9 16 11 10 8 15 3 5 4 14 0 6 12 7 
14 0 3 6 13 1 4 15 9 5 7 11 16 12 10 8 
1 7 2 6 10 12 0 13 5 15 14 16 8 4 9 11 
1 9 15 6 7 11 3 16 2 12 13 8 10 5 0 14 
15 1 10 12 6 7 13 3 11 0 16 2 14 9 8 4 
0 12 16 9 11 4 1 5 10 14 3 13 7 8 2 15 
3 12 9 10 14 13 11 16 0 4 6 15 1 5 8 2 
2 10 4 6 12 11 13 5 7 15 16 3 0 9 1 14 
16 6 14 8 0 7 2 10 5 1 12 13 11 15 4 3 
2 11 1 14 12 4 7 5 15 8 13 0 9 6 3 16 
6 8 3 12 13 9 5 10 14 0 15 2 16 7 4 1 
5 16 15 2 3 11 1 0 13 8 14 7 4 10 6 9 
4 6 5 16 15 11 7 10 2 9 12 14 0 8 3 1 
4 13 2 3 6 12 15 11 10 16 1 8 5 9 7 0 
6 8 11 9 4 16 13 0 12 7 14 1 3 10 5 2 
11 14 15 10 13 7 9 6 12 2 1 3 5 8 0 4 
