4 11 15 5 16 9 1 10 14 3 8 6 7 2 12 13 
5 12 6 8 2 4 10 3 0 7 11 16 14 13 15 9 
8 7 15 4 14 9 12 11 5 6 16 13 10 3 1 0 
15 6 7 10 16 12 14 0 2 5 9 4 8 1 11 13 
9 2 11 1 5 3 15 7 14 13 8 6 0 10 12 16 
8 2 16 3 11 10 4 14 6 0 7 15 1 12 13 9 
15 3 8 9 7 10 0 11 4 16 14 1 2 12 13 5 
14 8 15 0 11 5 3 12 1 16 2 9 4 10 6 13 
6 4 0 9 5 7 3 1 13 11 10 12 16 14 15 2 
7 4 3 14 0 12 1 2 6 8 5 10 11 15 16 13 
11 6 3 16 4 5 0 1 13 7 9 2 14 15 12 8 
12 1 8 4 13 16 9 10 14 6 2 15 3 0 5 7 
0 7 9 15 16 10 8 5 3 11 1 14 4 6 2 13 
12 11 9 4 7 10 8 16 15 5 1 14 0 3 2 6 
10 5 3 2 4 15 11 16 7 1 13 6 12 8 9 0 
8 11 13 0 14 7 12 4 2 5 9 10 1 6 3 16 
1 6 10 15 13 12 4 3 8 7 9 11 0 2 5 14 
