8 1 9 7 15 10 11 4 16 14 6 5 3 2 13 12 
12 14 6 13 11 2 10 5 8 9 3 15 7 4 0 16 
6 10 4 9 12 11 7 16 8 0 14 1 13 15 3 5 
4 7 12 11 15 13 1 16 0 9 6 8 5 2 14 10 
6 11 13 12 0 7 1 8 10 5 16 14 9 3 15 2 
4 15 3 16 6 8 12 13 0 9 1 14 2 11 10 7 
2 1 0 13 16 9 7 5 12 3 15 10 11 8 14 4 
2 5 11 8 12 0 16 10 13 15 9 14 1 3 6 4 
3 7 14 11 6 0 12 15 13 10 16 9 4 5 2 1 
14 6 2 13 5 10 7 1 12 15 4 8 11 0 3 16 
7 6 16 8 13 9 11 4 5 12 14 1 0 3 2 15 
12 5 7 0 1 4 16 2 13 9 8 3 10 15 6 14 
6 9 15 2 5 4 0 13 10 11 3 1 8 14 16 7 
2 5 6 16 7 0 14 12 8 9 10 4 3 1 11 15 
5 8 4 15 13 1 12 2 7 6 16 11 10 3 0 9 
6 10 0 13 9 12 2 7 8 4 3 16 11 5 14 1 
5 15 10 0 13 7 8 2 4 6 1 9 12 14 3 11 
