12 10 5 15 8 4 14 1 7 6 13 16 2 3 11 9 
15 16 13 0 4 12 7 8 11 10 9 14 6 5 3 2 
1 8 13 0 7 4 12 6 3 14 10 15 5 9 16 11 
14 7 16 5 12 9 4 8 13 1 11 2 15 6 10 0 
16 13 12 7 5 10 1 11 8 9 15 0 6 3 2 14 
6 8 4 13 7 3 14 15 10 1 12 2 9 11 0 16 
9 1 2 11 4 5 0 10 14 12 16 3 13 8 15 7 
0 12 1 14 8 6 5 2 15 13 3 4 10 16 11 9 
6 11 0 1 7 15 10 12 4 9 16 3 2 14 13 5 
7 2 10 8 12 15 16 3 5 11 0 13 4 6 14 1 
16 2 14 9 5 3 12 13 1 4 7 6 15 0 8 11 
2 9 8 12 1 7 16 0 4 14 5 3 15 13 6 10 
1 6 15 2 7 4 16 8 3 0 14 11 9 5 10 13 
4 1 16 3 5 6 15 2 9 12 0 11 8 14 10 7 
8 3 15 11 13 9 1 12 0 5 6 7 2 16 10 4 
14 3 5 13 0 16 2 1 9 7 4 12 8 11 6 10 
9 7 6 11 13 14 2 10 3 8 15 1 0 4 12 5 
