13 10 5 12 1 6 4 8 16 7 15 14 2 3 11 9 
10 6 13 0 4 11 5 12 7 14 16 2 8 15 9 3 
16 4 13 0 12 7 3 6 1 15 8 10 11 14 9 5 
7 5 9 0 14 8 12 4 2 13 1 11 6 16 15 10 
13 16 7 12 10 11 5 1 0 8 15 9 14 3 6 2 
7 15 13 11 8 4 3 14 10 1 6 12 9 2 16 0 
11 1 13 0 2 5 4 16 14 12 3 10 15 8 9 7 
0 12 1 15 2 6 8 16 11 4 3 13 5 14 9 10 
11 0 1 14 12 10 15 9 7 4 16 3 2 6 13 5 
11 6 10 7 13 12 1 14 8 0 5 15 2 4 3 16 
6 12 16 11 4 9 13 5 7 2 14 1 8 15 3 0 
4 10 14 0 12 16 6 7 3 5 8 2 9 15 13 1 
1 6 2 15 16 7 8 4 11 10 0 3 14 5 13 9 
0 12 16 3 1 2 11 5 15 4 6 9 14 8 10 7 
7 15 11 8 1 13 9 12 0 5 3 6 16 2 4 10 
2 3 8 13 12 9 1 14 11 6 4 0 7 16 5 10 
6 8 0 1 2 14 7 13 15 3 10 9 4 11 12 5 
