2 6 3 4 13 9 1 14 7 15 16 12 11 5 10 8 
3 12 8 0 9 10 4 15 6 5 7 11 13 2 16 14 
15 10 6 5 16 13 12 7 3 8 9 4 0 11 1 14 
8 4 6 2 10 11 12 5 7 1 15 9 14 16 13 0 
2 5 3 1 10 9 6 0 7 12 13 11 14 16 15 8 
6 1 0 2 11 7 3 16 14 9 10 13 15 4 12 8 
10 8 0 12 5 4 7 11 3 13 2 9 16 15 14 1 
9 12 5 10 13 1 3 2 16 11 6 0 15 8 14 4 
7 16 12 11 9 15 0 13 4 5 1 14 6 2 10 3 
8 1 5 15 7 14 16 10 12 2 4 6 11 3 0 13 
5 0 7 1 12 2 14 13 16 8 15 11 9 4 6 3 
9 10 6 0 14 4 2 15 8 16 12 13 5 7 1 3 
4 5 0 1 7 13 3 16 11 15 6 8 14 9 10 2 
0 6 3 16 7 5 15 2 9 12 10 11 8 4 1 14 
2 3 8 0 1 10 4 9 11 12 16 6 5 7 15 13 
2 3 5 8 1 4 0 16 14 6 12 7 13 9 11 10 
3 6 10 11 0 14 2 15 7 12 9 8 5 1 4 13 
