4 1 2 15 14 3 9 6 7 13 12 16 5 8 11 10 
3 12 0 8 6 10 2 4 5 16 9 7 13 11 15 14 
15 10 14 1 7 13 16 3 4 8 5 9 12 6 11 0 
5 6 8 11 12 16 4 10 15 1 7 9 2 14 0 13 
7 10 12 0 9 15 11 1 13 14 6 5 8 2 16 3 
9 6 2 12 11 7 3 16 14 10 13 0 4 15 1 8 
15 1 10 5 11 3 7 14 4 2 12 9 0 13 8 16 
9 10 5 1 12 13 3 2 11 6 0 16 14 15 8 4 
4 12 5 11 15 10 13 9 2 7 16 3 0 6 14 1 
5 6 3 8 12 16 2 10 11 13 4 15 7 0 1 14 
3 15 8 12 0 2 1 14 5 7 16 11 9 6 4 13 
9 6 10 5 14 4 2 15 13 12 8 16 3 7 1 0 
5 7 0 10 13 4 3 16 6 15 11 8 9 2 1 14 
4 14 3 16 0 5 15 2 12 6 7 9 8 1 11 10 
12 8 0 2 13 10 4 1 11 5 6 16 3 9 15 7 
2 6 14 3 16 11 1 0 7 8 12 13 5 9 10 4 
3 2 11 1 10 15 9 8 7 12 0 13 5 14 6 4 
