12 8 13 5 11 7 1 15 10 14 16 6 3 9 2 4 
7 10 14 6 11 4 12 5 2 16 13 0 3 9 15 8 
0 13 12 16 3 6 4 7 10 1 8 15 9 11 14 5 
5 2 7 0 4 15 8 14 11 13 6 9 1 16 12 10 
13 8 12 7 10 11 1 15 5 16 0 9 6 3 14 2 
15 4 1 13 11 14 10 8 3 7 6 12 2 0 9 16 
9 1 11 0 16 2 5 4 15 12 14 10 8 7 3 13 
12 0 2 15 8 6 16 3 5 11 1 4 10 13 14 9 
13 11 14 1 12 15 9 3 4 7 10 16 0 5 2 6 
11 6 7 10 3 12 1 14 0 5 8 15 2 16 4 13 
6 11 16 12 5 13 4 9 2 7 14 1 0 8 15 3 
4 14 0 10 2 6 9 8 5 12 16 3 7 13 15 1 
1 6 2 15 16 4 5 0 13 3 11 8 10 9 14 7 
14 0 3 16 12 2 10 4 9 6 5 15 8 11 1 7 
15 13 11 4 16 1 7 9 0 3 6 5 10 8 2 12 
13 8 3 2 9 12 14 1 11 6 0 4 16 7 5 10 
6 0 9 8 2 11 5 13 10 15 3 1 12 14 4 7 
