8 12 5 1 4 10 16 3 14 11 2 15 6 9 7 13 
13 2 10 8 0 11 5 6 14 7 15 12 9 4 16 3 
16 0 1 14 12 4 13 3 6 15 9 5 8 7 10 11 
7 14 4 2 0 10 8 15 16 6 13 11 5 12 9 1 
0 12 3 7 1 11 2 15 13 6 8 16 14 5 10 9 
12 2 3 16 4 15 7 14 1 6 10 0 11 9 8 13 
1 3 5 13 9 11 16 15 10 8 4 7 2 12 14 0 
9 13 14 10 6 12 1 4 16 0 11 8 5 3 2 15 
15 12 11 4 10 2 9 16 5 7 13 0 6 3 1 14 
3 14 8 0 15 1 16 7 4 2 13 6 12 10 11 5 
11 6 7 3 5 16 2 15 0 9 12 14 13 4 1 8 
2 7 10 1 8 14 16 6 9 0 5 3 13 15 4 12 
5 11 10 14 13 7 16 1 6 8 3 15 4 2 0 9 
6 10 2 15 9 1 0 4 7 11 3 12 8 14 16 5 
15 13 11 3 12 0 16 10 2 5 1 4 6 7 8 9 
4 11 13 0 3 10 1 14 12 8 2 9 16 6 5 7 
12 10 6 4 2 8 1 7 9 3 14 11 5 15 0 13 
