3 1 15 12 5 14 16 6 4 9 8 13 7 2 11 10 
8 5 13 4 16 3 2 15 9 12 6 0 11 7 14 10 
5 11 0 13 6 3 14 1 10 9 4 15 7 16 8 12 
4 16 14 1 13 6 2 10 11 8 15 12 9 5 0 7 
11 5 0 3 1 13 7 15 9 2 12 14 10 6 16 8 
0 2 4 7 12 6 9 11 10 13 16 1 14 8 3 15 
12 13 16 8 14 15 0 7 5 10 1 2 11 3 9 4 
0 16 1 14 2 9 11 13 12 4 3 10 5 6 15 8 
0 6 2 4 11 16 5 10 7 14 9 15 3 13 1 12 
0 2 16 3 12 4 14 13 11 15 6 5 10 1 7 8 
2 11 14 12 3 7 13 6 0 1 8 9 4 16 15 5 
9 10 16 3 14 13 2 15 0 1 4 6 8 5 7 12 
1 9 16 11 8 0 10 14 4 5 2 15 7 13 6 3 
6 15 1 11 10 5 9 14 4 16 12 7 2 0 8 3 
9 7 16 6 4 11 3 8 2 12 5 1 10 15 0 13 
9 1 2 8 11 16 0 13 3 14 7 5 6 4 12 10 
6 8 2 14 3 9 13 5 12 10 15 0 4 7 1 11 
