12 8 5 13 7 11 15 1 16 6 10 14 2 9 4 3 
10 7 14 6 5 12 11 4 16 2 13 0 3 8 9 15 
6 3 0 4 7 12 13 16 5 10 14 8 15 9 1 11 
0 5 7 2 15 11 14 16 13 8 9 6 4 10 1 12 
13 8 7 12 11 0 5 15 10 16 1 9 6 3 14 2 
4 1 15 13 11 8 10 14 12 3 6 0 2 9 7 16 
11 1 0 9 16 2 4 5 3 10 15 12 8 14 7 13 
0 4 15 2 6 8 16 3 14 5 10 12 11 13 9 1 
14 13 11 3 12 15 9 0 10 7 16 4 1 6 2 5 
14 12 4 6 1 13 3 11 8 5 0 15 16 10 7 2 
12 6 2 11 7 4 9 8 1 5 3 16 15 14 0 13 
0 16 15 12 8 1 9 2 14 3 4 13 6 10 5 7 
1 14 15 2 16 4 5 0 3 11 6 8 9 7 10 13 
14 0 3 16 10 4 12 2 15 9 6 5 8 1 7 11 
0 8 10 4 7 11 1 16 9 5 12 3 13 6 2 15 
8 14 2 13 6 16 12 11 7 3 0 9 5 4 1 10 
0 8 9 10 11 2 13 5 1 3 15 6 14 7 12 4 
