11 14 8 3 10 2 16 12 6 13 4 5 9 1 7 15 
4 3 2 8 11 15 12 0 16 10 9 13 6 5 7 14 
8 6 10 0 3 7 9 13 15 16 4 14 12 11 1 5 
10 7 16 5 1 6 8 15 12 4 2 9 11 14 0 13 
5 8 12 3 0 16 15 2 7 9 1 14 13 6 10 11 
8 7 12 0 4 15 10 11 16 9 1 6 3 14 2 13 
8 3 9 11 2 16 1 0 12 10 14 4 13 15 5 7 
2 6 11 9 12 1 10 13 8 14 16 4 5 3 15 0 
2 11 10 7 15 13 1 14 0 4 5 9 12 6 16 3 
7 14 2 12 13 16 11 1 10 3 15 4 6 0 8 5 
9 13 14 6 11 0 2 15 1 12 4 3 8 7 5 16 
8 7 2 13 5 9 3 16 12 15 14 10 1 4 6 0 
7 0 3 1 6 15 14 16 2 8 13 4 10 5 9 11 
8 12 16 11 2 1 4 5 6 15 3 7 9 0 14 10 
4 11 7 6 9 12 5 15 8 1 10 2 13 0 16 3 
11 7 16 4 8 3 1 10 2 14 6 5 9 12 13 0 
12 4 0 7 10 2 6 3 8 9 13 15 11 5 1 14 
