5 3 9 13 14 6 8 16 12 7 10 11 4 1 2 15 
0 12 16 11 6 14 13 4 7 3 15 8 9 5 2 10 
13 4 6 14 8 11 9 3 10 12 0 16 15 5 1 7 
9 10 1 14 5 4 13 15 2 16 7 11 12 0 8 6 
7 8 15 16 5 2 13 0 12 6 1 14 9 11 10 3 
7 6 10 15 1 2 12 11 3 4 9 13 0 8 14 16 
13 16 14 4 10 7 15 2 1 0 5 12 8 9 3 11 
6 16 2 1 4 5 0 13 9 15 3 8 14 11 12 10 
0 3 2 15 9 7 1 11 12 14 10 16 13 4 5 6 
15 11 0 6 1 12 16 10 2 4 8 3 14 7 5 13 
4 15 6 13 12 9 11 5 8 3 2 0 7 16 1 14 
1 10 8 7 13 9 16 3 14 12 0 5 6 4 2 15 
15 1 4 6 14 2 7 10 8 16 13 0 5 11 9 3 
0 11 1 14 6 4 15 5 2 3 12 8 16 9 10 7 
9 4 15 1 10 2 8 7 6 5 0 13 11 12 3 16 
12 2 1 9 0 4 7 3 10 8 16 11 5 14 6 13 
3 13 2 15 4 11 1 7 6 8 5 9 10 12 0 14 
