7 6 3 16 15 13 9 5 2 14 4 11 8 12 10 1 
3 13 6 9 11 5 14 4 8 0 2 15 16 12 7 10 
15 10 14 1 3 12 11 5 7 4 0 13 9 8 16 6 
13 1 9 7 4 10 0 11 12 14 8 2 15 16 5 6 
10 14 11 7 9 2 16 3 12 1 13 0 6 5 15 8 
7 6 2 4 11 1 12 3 0 10 15 9 8 14 16 13 
13 8 10 4 16 5 1 14 9 15 7 11 0 12 3 2 
11 2 13 6 9 10 3 14 8 4 15 12 5 16 0 1 
1 15 4 3 12 6 2 9 11 10 16 14 7 5 13 0 
15 14 13 12 4 0 16 3 1 8 11 6 2 7 5 10 
12 16 11 15 3 4 5 2 14 6 13 0 7 1 9 8 
4 16 1 6 12 5 10 13 0 9 14 2 15 8 7 3 
0 9 16 11 4 6 15 10 13 1 7 2 14 8 3 5 
6 11 12 0 16 2 10 8 7 14 15 3 4 5 9 1 
10 0 1 3 5 12 7 6 13 16 15 2 9 4 11 8 
13 11 8 3 2 10 5 9 4 7 12 16 0 6 14 1 
8 0 5 7 10 6 3 13 1 11 15 2 12 9 4 14 
