12 11 1 14 5 9 8 13 16 15 7 10 2 4 6 3 
11 12 8 4 6 13 9 14 7 5 15 3 10 16 2 0 
15 0 11 9 13 8 14 3 10 16 7 1 4 12 6 5 
14 16 6 5 7 10 13 0 1 15 4 9 12 2 8 11 
6 3 0 8 7 16 2 15 13 14 1 9 12 5 11 10 
7 4 11 14 3 13 12 15 1 9 0 6 2 16 8 10 
11 10 2 13 3 7 9 14 8 16 0 5 4 15 12 1 
6 16 1 12 14 0 15 2 9 3 5 11 10 13 8 4 
13 15 4 9 3 10 0 12 6 11 1 5 7 16 2 14 
1 7 16 4 11 6 0 13 2 12 5 10 8 3 15 14 
9 0 1 12 8 2 7 14 5 6 13 15 4 11 16 3 
8 14 16 13 3 9 2 1 7 4 6 0 10 12 15 5 
8 7 6 13 4 11 15 2 5 14 10 9 0 1 3 16 
8 16 5 11 15 7 0 12 6 2 1 14 9 3 4 10 
16 4 9 8 5 3 2 12 7 11 13 0 6 10 15 1 
4 10 14 0 8 6 3 11 1 13 5 2 16 12 7 9 
11 1 7 3 14 9 6 10 4 2 0 5 8 13 12 15 
