11 2 14 1 13 9 5 8 7 15 16 10 6 12 4 3 
4 8 12 11 14 5 9 13 7 3 15 6 10 0 2 16 
0 9 15 11 14 13 16 3 7 1 8 10 6 4 5 12 
16 9 15 6 10 7 13 0 5 4 1 14 11 12 8 2 
6 11 0 3 16 9 2 15 13 8 1 14 10 5 12 7 
11 14 7 4 6 12 13 3 0 15 9 1 10 16 2 8 
10 11 2 13 14 3 7 9 0 12 8 5 4 16 15 1 
12 16 1 6 14 0 15 2 3 5 9 11 10 13 4 8 
9 13 15 4 3 0 12 10 6 16 5 11 7 2 14 1 
2 4 7 16 6 5 0 13 12 10 11 1 8 15 14 3 
1 0 9 12 2 7 8 5 14 6 15 13 4 11 16 3 
16 8 13 14 1 2 3 9 0 4 6 7 5 12 15 10 
11 13 7 6 8 2 4 9 5 15 14 10 0 1 16 3 
15 11 6 5 16 12 0 7 2 8 1 14 4 3 10 9 
9 8 16 4 2 5 3 12 7 11 0 13 10 6 15 1 
10 4 14 0 3 11 6 8 13 1 5 2 9 7 12 16 
1 7 3 11 10 6 9 14 0 2 5 4 12 13 15 8 
