5 14 15 2 1 7 12 11 8 16 10 13 6 9 4 3 
3 10 7 0 16 9 2 11 6 8 13 15 4 12 14 5 
14 8 11 6 15 0 7 10 9 13 1 4 5 12 16 3 
13 2 1 9 10 7 11 16 8 4 5 12 6 14 15 0 
15 0 9 7 16 1 6 12 3 14 8 2 10 11 5 13 
6 14 12 13 3 7 4 1 15 8 11 16 9 0 2 10 
16 13 2 15 4 0 10 12 3 11 1 14 5 9 8 7 
15 3 11 4 1 5 10 8 0 6 16 2 9 14 13 12 
2 6 1 10 7 14 4 16 12 9 15 3 5 11 0 13 
6 2 8 4 10 14 3 16 12 11 0 1 5 15 7 13 
5 13 16 4 12 11 2 15 7 9 1 14 3 6 8 0 
1 8 13 0 7 6 12 16 2 9 5 3 10 15 14 4 
0 8 9 11 6 3 13 10 7 14 5 2 4 16 15 1 
0 16 14 1 12 15 9 10 5 6 11 3 4 2 7 8 
0 16 9 4 5 1 6 15 11 10 8 12 3 13 7 2 
12 3 13 0 7 4 6 11 8 14 9 16 10 2 5 1 
14 13 11 4 0 7 12 2 15 1 8 3 9 6 10 5 
