11 14 10 5 15 8 7 13 6 16 2 9 3 1 12 4 
11 15 16 3 12 10 13 7 8 4 2 14 6 9 0 5 
9 13 14 1 8 11 5 6 0 4 3 16 10 12 15 7 
12 6 0 13 16 14 4 11 9 5 2 15 1 7 8 10 
7 0 15 3 11 9 2 8 16 12 13 14 6 5 1 10 
10 4 12 8 6 11 15 13 9 7 1 16 14 0 2 3 
12 2 1 14 4 9 7 11 16 0 15 10 3 5 8 13 
10 0 1 14 13 3 2 6 5 11 8 16 4 9 15 12 
3 7 9 12 6 4 14 15 0 16 5 1 11 10 2 13 
2 11 0 12 6 3 1 8 14 5 10 15 4 13 7 16 
12 16 2 5 1 4 11 3 9 14 7 6 15 8 0 13 
8 3 14 12 0 6 4 10 1 13 5 9 16 7 15 2 
14 3 7 5 6 1 2 15 9 8 16 10 11 4 13 0 
1 12 15 11 7 2 4 5 6 10 16 3 14 9 0 8 
7 1 0 11 10 4 13 2 3 5 9 15 16 6 12 8 
8 7 0 2 9 11 3 10 13 16 1 14 6 4 12 5 
13 3 2 10 11 7 6 14 4 1 15 8 9 5 12 0 
