6 2 1 14 13 15 9 3 16 7 4 12 8 11 5 10 
12 11 0 6 2 8 4 10 3 13 9 7 15 14 5 16 
10 5 16 1 7 6 15 13 8 14 4 9 0 12 11 3 
6 11 8 5 10 4 12 16 7 9 15 1 14 2 0 13 
12 0 10 7 6 1 11 9 5 13 15 14 8 2 16 3 
6 12 9 2 11 7 16 3 8 14 10 13 4 1 0 15 
5 10 1 15 8 3 7 11 4 12 2 9 16 14 13 0 
16 10 9 5 13 12 2 3 0 1 11 6 8 14 15 4 
11 4 5 12 13 9 15 2 10 1 3 7 0 16 14 6 
5 6 3 11 16 10 15 2 14 4 12 13 8 1 7 0 
15 8 5 3 6 14 13 0 7 12 16 11 4 9 2 1 
5 6 9 10 7 15 4 14 8 13 3 16 12 0 1 2 
15 5 7 0 6 13 4 16 10 3 8 11 2 9 14 1 
3 4 14 9 6 0 2 15 16 12 8 7 5 11 1 10 
0 8 12 16 10 13 1 4 2 6 11 5 3 9 15 7 
3 6 13 5 16 11 0 1 8 12 9 7 10 14 4 2 
10 3 1 11 9 14 2 15 6 0 7 8 12 5 13 4 
