12 7 14 15 1 4 11 3 5 16 8 9 6 10 13 2 
14 0 2 15 11 5 3 12 6 10 13 4 8 7 16 9 
16 6 9 5 7 14 8 10 3 12 11 4 1 15 13 0 
14 0 15 2 13 11 4 12 5 1 7 16 8 6 9 10 
9 10 2 16 6 8 13 0 5 11 12 3 15 7 14 1 
1 6 13 10 3 16 4 15 12 0 11 2 8 14 7 9 
0 8 14 1 15 4 16 3 13 10 11 5 2 7 9 12 
11 14 0 2 10 1 13 12 8 16 6 5 9 3 4 15 
16 5 6 12 7 10 1 15 14 2 9 0 13 4 3 11 
0 15 1 14 11 3 4 5 12 13 16 8 2 6 10 7 
6 11 4 1 7 12 9 2 15 3 14 5 16 8 0 13 
16 5 9 6 13 10 12 3 0 2 14 8 15 1 4 7 
3 15 4 1 7 13 6 5 9 16 8 10 14 0 11 2 
14 2 0 9 3 4 6 15 10 8 1 7 12 16 11 5 
5 12 0 7 4 3 11 1 10 16 2 15 9 6 8 13 
12 11 5 3 16 9 7 6 14 0 4 2 1 10 13 8 
6 1 13 3 10 9 8 14 5 2 12 7 11 15 4 0 
