2 9 10 5 8 6 16 14 1 11 3 12 13 15 4 7 
10 11 15 13 14 0 9 8 16 4 7 12 5 6 2 3 
12 9 6 4 8 3 11 13 10 0 14 16 7 5 15 1 
13 8 1 14 4 5 6 10 12 16 2 9 11 7 0 15 
3 9 8 5 0 12 15 10 6 11 14 1 7 16 2 13 
3 15 1 14 2 12 11 6 10 4 8 0 7 16 9 13 
12 4 14 1 10 7 9 8 16 5 15 2 3 11 13 0 
8 15 16 4 5 2 1 0 9 10 13 3 11 12 14 6 
6 13 1 5 11 4 7 9 14 0 16 3 12 10 15 2 
15 8 12 7 10 5 16 0 2 3 4 1 14 11 13 6 
6 9 16 15 14 12 5 8 2 4 13 0 3 7 11 1 
3 4 2 7 1 16 9 13 14 12 10 0 8 15 6 5 
16 6 10 1 4 2 13 14 7 8 0 15 9 11 3 5 
16 0 14 2 5 3 9 4 6 15 10 7 11 1 8 12 
12 4 9 15 7 10 1 2 8 5 13 0 6 11 16 3 
11 8 1 16 7 0 3 14 2 6 4 10 5 12 13 9 
12 8 4 5 6 3 7 14 11 1 2 9 10 15 13 0 
