5 14 15 2 7 11 1 12 10 16 13 8 9 6 4 3 
0 10 3 7 9 11 16 2 6 8 13 15 12 4 14 5 
6 0 14 11 15 7 10 8 4 13 9 1 5 12 16 3 
1 9 2 13 16 10 11 7 8 12 4 5 14 0 6 15 
7 15 9 0 1 16 12 6 2 14 8 3 11 5 10 13 
12 6 13 14 7 1 3 4 8 16 15 11 0 10 2 9 
13 16 15 2 12 4 0 10 11 3 14 1 9 5 8 7 
3 15 4 11 5 1 10 8 6 2 16 0 13 12 14 9 
2 10 4 1 16 7 14 6 3 12 15 9 5 11 0 13 
4 2 8 6 10 14 3 16 12 0 1 11 13 5 15 7 
5 4 13 16 12 11 2 15 9 7 14 1 8 0 6 3 
1 8 0 13 12 7 2 6 9 5 3 16 4 14 15 10 
8 11 0 9 13 6 10 3 5 2 14 7 4 15 1 16 
16 0 14 1 10 9 15 12 5 6 3 11 7 8 4 2 
4 9 0 16 15 5 1 6 12 11 8 10 13 3 7 2 
3 12 13 0 7 11 4 6 8 14 16 9 1 5 2 10 
4 13 11 14 0 12 7 2 15 3 8 1 9 5 6 10 
