3 15 13 10 1 12 6 9 7 5 8 16 14 2 11 4 
4 0 5 9 3 11 15 6 14 8 10 2 12 7 13 16 
8 0 1 15 12 7 13 16 11 9 4 6 14 3 5 10 
14 8 10 2 5 0 12 16 9 11 1 4 15 6 7 13 
3 13 9 10 7 2 16 0 5 8 1 14 12 6 15 11 
14 12 16 13 9 4 10 6 7 15 8 3 1 0 11 2 
14 8 10 15 9 5 16 7 3 1 11 2 4 12 0 13 
0 3 1 15 5 16 2 8 13 14 12 10 9 4 11 6 
1 11 15 2 0 4 5 9 13 16 14 10 3 6 7 12 
2 11 14 1 4 6 0 12 16 7 15 13 3 5 10 8 
12 0 6 3 4 9 16 7 1 13 2 15 8 14 5 11 
0 10 9 5 2 8 12 16 3 4 13 7 6 15 14 1 
0 6 16 3 8 11 5 2 4 7 13 15 9 10 1 14 
0 7 3 5 4 2 11 9 14 12 8 10 15 6 1 16 
2 16 13 5 1 8 15 11 12 9 7 10 0 6 3 4 
9 4 7 13 12 0 3 6 16 1 2 8 14 5 11 10 
11 10 5 9 0 12 6 3 8 1 4 2 13 15 7 14 
