14 15 12 9 6 13 10 8 1 11 16 7 2 3 5 4 
16 6 7 9 10 8 11 4 14 5 2 15 3 12 0 13 
0 4 8 12 3 1 9 13 5 14 15 11 16 6 7 10 
6 5 7 12 11 4 14 1 9 13 15 16 10 0 8 2 
7 5 12 10 11 9 13 0 3 16 2 15 8 6 14 1 
4 9 8 12 15 6 3 0 13 16 10 14 1 2 11 7 
10 1 16 3 8 0 11 15 5 7 9 4 2 13 12 14 
6 2 12 16 5 0 1 14 13 15 10 4 3 11 9 8 
16 1 4 5 9 0 11 6 12 3 15 10 14 7 2 13 
6 2 13 5 10 3 1 0 16 11 12 14 4 8 15 7 
6 1 15 4 5 13 12 11 14 0 16 3 9 8 7 2 
0 16 5 2 13 15 1 8 7 14 10 9 3 12 6 4 
13 16 11 8 9 2 14 1 10 6 3 5 15 7 0 4 
4 15 16 3 2 5 9 10 14 11 6 12 7 8 1 0 
8 5 16 3 2 6 11 10 4 7 13 0 12 9 1 15 
9 8 16 5 7 12 2 0 11 14 10 3 13 1 6 4 
0 10 14 6 4 12 1 2 11 15 8 5 7 9 3 13 
