1 2 13 4 3 9 6 14 7 16 15 12 5 10 8 11 
12 0 8 3 2 5 4 10 11 6 7 9 16 14 15 13 
10 1 14 15 7 5 13 16 4 3 9 8 6 0 12 11 
6 4 5 8 10 12 16 11 1 9 7 15 2 14 13 0 
7 1 3 0 11 15 10 9 5 13 6 14 2 16 12 8 
2 12 0 6 7 11 16 3 9 14 10 13 1 4 15 8 
0 5 1 10 3 11 7 14 2 9 4 12 16 8 15 13 
1 5 10 9 12 3 2 13 0 16 6 11 14 8 4 15 
16 7 11 12 13 15 9 10 4 14 5 2 3 6 1 0 
5 15 1 8 16 2 14 10 6 11 12 4 3 7 0 13 
3 15 12 8 13 2 14 1 16 5 11 7 0 6 4 9 
5 9 10 6 14 4 15 2 16 12 8 13 0 1 7 3 
1 7 5 0 13 4 16 3 15 8 6 11 10 2 14 9 
4 10 16 3 0 5 2 15 6 9 12 7 8 11 1 14 
8 0 2 11 1 13 3 10 5 12 16 6 9 4 15 7 
2 14 6 3 11 0 1 16 4 8 7 13 10 12 5 9 
9 1 3 11 14 8 2 10 12 13 0 7 15 6 5 4 
