13 3 5 14 9 8 7 12 4 11 16 2 15 1 6 10 
7 10 5 12 8 9 15 2 6 14 13 0 11 4 16 3 
5 10 1 14 12 9 4 16 8 11 15 13 3 7 0 6 
11 2 1 14 15 8 9 16 6 4 0 13 7 5 10 12 
16 1 15 2 10 0 11 3 6 13 8 9 14 7 5 12 
9 6 12 14 0 8 1 2 3 4 11 13 7 15 16 10 
9 4 1 12 2 0 3 11 5 10 14 13 7 16 15 8 
0 11 15 14 2 16 8 1 10 12 5 6 4 13 9 3 
0 12 5 7 9 16 2 15 3 13 11 4 10 6 1 14 
5 11 14 1 3 10 13 4 16 6 15 2 12 8 0 7 
4 8 16 14 6 5 7 12 0 3 2 15 1 13 9 11 
12 14 2 0 16 4 15 9 8 13 6 1 3 5 7 10 
3 4 9 13 14 11 5 16 10 1 6 8 0 7 2 15 
2 1 16 8 4 12 9 15 14 0 6 11 5 7 10 3 
1 10 6 16 15 11 4 12 8 13 5 3 9 0 2 7 
4 9 10 14 7 6 13 0 11 5 12 3 16 1 8 2 
9 4 13 1 2 6 12 0 7 3 8 15 5 10 14 11 
