11 10 3 16 4 12 1 2 8 14 6 7 9 15 5 13 
0 11 7 3 2 9 6 13 16 8 4 15 14 5 10 12 
7 15 10 14 6 3 8 12 16 1 0 13 4 5 9 11 
4 7 13 0 8 10 6 5 14 16 9 2 12 15 11 1 
13 12 3 15 9 6 10 1 14 11 8 2 5 16 7 0 
12 11 16 10 4 7 9 3 15 6 1 14 2 8 13 0 
2 11 14 8 4 5 1 13 9 10 0 3 15 16 12 7 
13 10 12 11 8 2 0 5 3 9 1 14 4 6 16 15 
3 5 2 15 11 6 4 9 0 7 12 16 10 13 14 1 
11 15 0 6 13 8 12 7 10 4 2 1 14 5 16 3 
7 4 13 14 12 9 8 5 15 11 1 0 6 2 3 16 
6 5 13 10 15 3 14 4 1 8 0 16 9 2 12 7 
10 7 15 2 14 6 0 13 1 4 3 8 11 5 16 9 
9 16 8 10 4 11 12 14 3 1 6 7 5 0 2 15 
1 7 2 11 0 4 10 16 13 9 15 8 6 12 5 3 
6 12 4 0 11 3 10 13 9 5 7 1 2 8 16 14 
11 13 3 2 12 0 14 9 5 1 7 6 10 8 4 15 
