4 3 6 2 13 9 14 1 7 16 12 15 8 5 11 10 
0 3 12 8 4 5 10 15 9 7 11 6 16 13 2 14 
6 15 5 10 16 7 13 12 3 9 4 8 11 0 1 14 
4 2 6 8 10 11 12 5 1 15 7 9 16 14 13 0 
1 5 3 2 9 14 6 10 12 13 7 11 8 0 16 15 
0 2 1 6 7 11 3 16 9 14 10 13 15 12 8 4 
8 12 10 0 4 5 11 7 2 9 3 13 15 16 14 1 
1 10 9 5 12 3 2 13 6 16 11 0 14 4 15 8 
11 16 7 12 9 15 0 13 4 5 14 1 3 2 6 10 
15 8 1 5 10 16 7 14 4 6 2 12 3 11 13 0 
7 0 1 5 2 13 12 14 8 16 15 11 9 3 4 6 
0 9 10 6 14 4 2 15 12 13 16 8 7 5 1 3 
5 4 0 1 7 13 16 3 15 11 6 8 9 14 2 10 
6 0 16 3 5 7 2 15 11 10 12 9 4 8 1 14 
8 0 2 3 4 1 9 10 16 12 11 6 15 5 13 7 
3 5 2 8 4 0 1 16 13 7 12 14 10 6 9 11 
3 11 6 10 14 2 8 0 13 9 7 12 1 4 5 15 
