4 2 14 12 1 8 10 15 7 6 16 3 11 13 5 9 
15 11 8 12 7 14 4 9 2 6 3 16 10 5 13 0 
8 1 9 12 4 14 0 11 13 6 16 3 15 5 10 7 
15 16 5 6 7 1 10 2 4 8 14 12 11 9 13 0 
11 5 14 9 15 8 10 3 16 0 2 7 1 13 6 12 
0 7 14 9 3 2 8 4 15 13 6 12 16 1 11 10 
8 15 16 7 12 10 14 9 0 3 11 4 1 5 2 13 
4 12 6 13 10 1 0 9 11 5 8 14 16 3 15 2 
13 12 9 6 10 5 1 14 4 0 3 11 7 16 2 15 
5 4 15 2 0 11 7 3 12 13 6 14 16 10 8 1 
6 2 0 9 11 5 14 7 1 4 8 12 15 13 3 16 
6 4 14 1 3 2 12 7 8 15 5 16 9 10 0 13 
13 16 15 5 3 1 2 6 4 10 11 7 0 9 14 8 
3 5 2 15 4 11 14 0 9 10 16 8 7 1 6 12 
12 9 0 13 3 4 11 7 16 5 10 8 6 1 15 2 
12 13 14 4 9 8 10 0 6 11 3 16 7 5 2 1 
0 14 4 12 9 1 10 7 6 2 3 8 5 11 15 13 
