3 13 6 4 8 1 16 9 11 7 12 2 10 15 14 5 
10 8 11 9 6 4 12 3 5 15 13 0 16 14 7 2 
12 1 11 5 4 10 13 6 14 7 15 0 8 9 3 16 
13 1 2 5 7 14 8 0 10 15 4 9 6 12 16 11 
10 13 1 11 3 2 14 12 8 7 15 5 0 16 6 9 
1 0 15 2 8 11 13 3 10 12 9 16 4 7 6 14 
10 2 8 5 13 14 7 3 11 12 15 0 16 1 9 4 
11 6 14 0 1 4 3 16 15 8 10 5 13 2 12 9 
15 4 16 3 6 11 7 0 9 12 14 5 2 10 13 1 
7 5 6 13 2 0 4 16 10 14 8 12 11 1 3 15 
11 4 2 15 7 12 13 16 14 3 9 0 6 5 1 8 
16 10 0 13 3 7 15 9 5 8 4 12 6 2 1 14 
0 7 8 4 16 15 1 14 9 11 3 2 13 10 6 5 
5 0 14 11 12 1 2 7 8 4 3 16 6 15 10 9 
13 6 16 11 5 9 2 3 1 8 0 7 4 12 15 10 
7 16 9 11 3 2 0 10 6 14 5 8 4 12 1 13 
2 8 6 12 1 3 9 15 7 10 0 13 14 4 11 5 
