6 11 7 4 14 9 15 3 10 13 8 5 12 2 16 1 
0 2 7 16 6 8 5 4 3 11 14 9 10 15 12 13 
12 14 8 7 5 10 13 16 4 11 15 6 3 0 9 1 
16 9 5 12 2 7 0 1 4 14 15 6 13 11 8 10 
11 7 0 3 14 6 15 8 10 5 2 1 12 16 13 9 
10 9 1 2 8 7 0 13 3 6 11 4 14 12 15 16 
11 8 7 0 10 13 3 5 9 1 2 16 15 14 4 12 
11 4 3 6 8 9 14 1 5 12 13 10 16 0 2 15 
9 6 7 3 2 10 4 5 16 1 15 13 11 0 12 14 
10 0 12 5 16 2 1 14 15 4 6 11 7 8 13 3 
5 16 15 2 7 4 6 11 0 9 12 1 3 13 8 14 
8 10 13 1 14 12 2 9 4 3 6 5 15 7 16 0 
15 14 9 3 10 2 13 5 4 0 16 1 8 7 11 6 
4 6 0 11 8 16 5 7 12 10 2 1 14 3 15 9 
6 3 5 4 12 9 15 2 16 10 11 7 8 1 0 13 
11 16 0 1 7 3 5 13 8 10 4 6 2 14 9 12 
6 5 3 11 10 14 2 8 7 1 13 0 15 12 9 4 
