2 4 1 13 14 3 9 6 15 12 16 7 8 10 11 5 
0 3 12 8 2 4 10 5 7 9 6 11 16 13 14 15 
10 15 14 1 7 13 3 16 8 4 9 5 12 0 6 11 
5 4 8 6 16 10 11 12 1 7 9 15 2 14 13 0 
11 0 7 3 1 15 10 9 13 14 6 5 2 12 16 8 
6 2 9 12 11 7 16 3 10 13 0 14 1 15 8 4 
1 10 5 0 14 11 7 3 2 4 12 9 15 8 13 16 
5 1 9 10 13 2 12 3 16 11 6 0 8 4 15 14 
12 11 7 16 13 9 10 15 2 4 14 5 0 6 1 3 
5 8 15 1 14 2 16 10 6 12 4 11 7 3 13 0 
15 12 3 8 2 13 14 1 5 16 7 11 6 9 4 0 
9 5 6 10 4 14 2 15 12 13 8 16 7 3 0 1 
1 0 5 7 13 4 3 16 8 6 15 11 9 2 10 14 
10 4 16 3 0 5 2 15 12 6 7 9 8 11 14 1 
11 2 0 8 13 3 10 1 16 6 5 12 15 9 7 4 
3 2 14 6 11 1 0 16 13 12 8 7 4 9 5 10 
11 3 1 9 2 8 10 14 12 7 0 13 15 5 4 6 
