12 9 15 14 8 13 10 6 16 1 7 11 4 3 5 2 
16 6 7 9 8 10 4 11 14 5 15 2 12 3 0 13 
4 12 8 14 3 1 13 9 15 11 5 0 16 10 7 6 
5 6 12 7 13 11 4 1 9 16 14 15 0 2 10 8 
10 12 7 5 0 13 11 9 16 3 15 2 6 8 14 1 
4 8 9 12 0 6 2 15 14 10 13 16 1 7 11 3 
15 16 1 10 11 0 3 8 7 4 9 5 2 12 13 14 
16 12 2 8 0 5 1 14 10 15 13 4 3 6 9 11 
1 16 5 4 0 11 9 6 3 10 15 12 13 14 2 7 
2 6 5 13 3 1 0 10 12 14 16 11 4 7 15 8 
6 15 1 4 12 5 11 13 14 0 3 16 8 9 2 7 
2 0 16 5 13 15 1 8 14 10 7 9 6 4 12 3 
13 11 16 8 9 4 2 1 6 5 3 10 7 0 15 14 
6 15 3 16 2 5 10 9 12 11 4 14 1 7 8 0 
5 8 3 16 6 10 11 2 7 4 13 0 1 12 15 9 
16 5 8 9 7 0 12 2 11 3 14 10 1 6 4 13 
6 5 14 10 1 2 12 4 11 7 15 8 3 9 13 0 
