5 12 2 13 10 7 14 8 11 16 6 4 15 9 3 1 
15 6 0 10 3 11 9 5 16 4 7 12 13 14 8 2 
5 3 1 14 9 16 12 6 0 15 8 11 10 7 13 4 
9 8 2 15 5 0 4 1 14 16 7 6 13 11 10 12 
10 5 14 2 3 9 13 0 12 15 7 16 8 11 6 1 
15 4 1 14 6 12 9 11 10 16 8 13 2 3 7 0 
8 9 5 1 3 2 4 11 10 7 13 0 12 14 15 16 
6 2 0 9 1 8 12 5 16 14 11 10 15 4 13 3 
9 4 7 12 3 11 1 0 2 13 14 16 5 10 6 15 
4 13 15 2 0 12 10 8 11 7 1 14 6 5 16 3 
16 6 5 0 8 12 13 3 1 7 2 15 11 14 4 9 
12 9 8 15 4 10 2 5 7 0 3 14 6 13 16 1 
6 13 14 8 10 2 1 4 11 15 0 5 9 7 3 16 
5 16 0 8 14 3 2 15 10 4 12 1 6 11 9 7 
13 11 16 8 0 3 4 12 7 1 5 6 10 9 15 2 
8 14 7 10 5 3 13 9 0 16 1 2 4 6 11 12 
13 6 11 15 3 1 12 10 9 0 4 14 2 7 8 5 
