12 7 3 15 4 11 1 14 5 8 9 16 6 10 2 13 
9 14 2 0 3 16 11 12 6 4 10 13 5 7 8 15 
5 9 6 16 14 7 10 8 12 3 11 4 15 1 13 0 
0 11 2 15 4 16 13 12 7 5 14 1 6 10 9 8 
16 2 10 9 13 8 1 6 0 3 11 5 14 15 7 12 
6 13 10 3 1 16 4 15 11 0 2 12 8 9 7 14 
8 0 14 1 4 15 3 16 5 10 11 13 9 2 7 12 
0 2 14 11 10 1 13 12 9 6 16 8 3 5 15 4 
6 5 16 12 1 15 7 10 14 9 2 0 3 4 13 11 
1 16 0 15 11 4 5 3 12 14 13 8 10 7 2 6 
0 11 4 1 7 2 12 9 3 13 5 14 16 6 15 8 
5 16 9 6 3 10 13 12 2 4 0 8 15 7 14 1 
15 0 4 3 7 6 13 5 16 9 8 10 11 2 1 14 
9 14 2 0 4 15 6 3 7 10 1 8 16 12 11 5 
5 7 12 16 1 10 3 4 11 0 2 15 9 6 13 8 
11 5 3 12 9 7 6 16 4 2 14 0 10 1 13 8 
3 13 1 6 10 14 8 9 5 12 2 7 4 11 15 0 
