7 6 3 16 15 13 9 5 14 4 2 11 12 10 8 1 
6 3 13 9 5 11 14 4 0 8 15 2 10 7 12 16 
10 15 14 1 5 12 11 3 7 4 13 0 6 8 16 9 
7 13 9 1 0 10 4 11 8 12 14 2 16 15 6 5 
10 14 7 11 2 9 3 16 1 12 13 0 15 8 5 6 
6 2 7 4 1 3 12 11 10 15 0 9 14 13 8 16 
4 10 13 8 16 5 14 1 15 9 7 11 3 12 2 0 
6 11 13 2 14 9 10 3 15 12 8 4 16 0 5 1 
4 3 1 15 6 12 9 2 13 10 16 11 14 5 7 0 
13 12 15 14 4 0 3 16 11 8 6 1 5 10 7 2 
12 11 15 16 3 5 2 4 6 14 13 0 1 9 8 7 
16 4 6 1 10 12 5 13 9 14 0 2 7 8 15 3 
16 0 11 9 15 4 6 10 2 7 13 1 8 14 5 3 
11 12 6 0 16 8 2 10 3 14 7 15 5 1 9 4 
1 10 0 3 5 12 7 6 13 16 15 2 4 9 8 11 
13 3 11 8 2 10 9 5 4 12 16 7 6 0 14 1 
0 7 8 5 6 10 3 13 1 11 2 15 4 14 12 9 
