7 16 12 14 11 3 4 1 8 10 5 9 13 6 2 15 
0 14 2 15 3 12 8 5 4 13 6 10 7 9 11 16 
16 5 9 6 10 13 1 7 3 11 4 12 15 0 14 8 
14 0 2 15 12 11 4 13 7 1 5 16 6 9 10 8 
16 10 2 9 8 6 0 13 11 12 5 3 7 15 14 1 
13 6 10 1 4 16 2 15 11 3 12 0 9 7 8 14 
8 14 0 13 4 3 1 15 16 10 11 5 12 7 9 2 
0 2 9 14 1 13 10 12 8 16 6 5 3 11 15 4 
11 5 16 6 10 15 9 1 7 2 0 14 4 13 3 12 
14 0 2 15 4 5 11 3 6 8 16 13 7 10 1 12 
11 4 1 13 12 2 9 7 3 14 15 5 16 6 8 0 
6 9 5 0 12 4 13 3 16 8 14 2 10 15 7 1 
4 1 3 15 7 11 5 13 8 9 16 10 0 2 14 6 
0 9 2 14 15 11 4 3 7 1 6 10 16 5 8 12 
7 12 0 5 3 1 11 4 16 10 2 15 8 6 13 9 
12 11 3 5 16 9 0 6 14 7 2 4 1 10 13 8 
13 1 3 6 11 8 9 4 5 12 2 7 10 14 15 0 
