13 12 5 8 11 1 15 2 16 6 10 14 9 7 3 4 
10 7 6 14 2 11 4 5 16 12 13 0 3 8 9 15 
6 0 4 9 7 16 12 13 5 14 10 8 3 15 1 11 
0 5 7 2 14 15 11 16 8 13 9 6 12 4 10 1 
7 13 12 8 5 15 0 11 10 1 16 9 2 14 6 3 
3 15 13 4 8 14 11 10 1 12 6 0 2 9 16 7 
0 11 1 9 5 16 4 2 15 12 10 3 7 13 14 8 
0 10 4 2 6 8 16 3 5 12 15 14 9 13 1 11 
3 14 13 11 15 0 9 12 16 10 4 7 2 1 6 5 
12 13 14 6 4 11 3 1 8 15 5 0 7 16 10 2 
6 2 16 11 9 7 4 8 1 12 3 5 14 15 0 13 
16 0 12 15 9 1 8 2 3 14 4 13 5 7 10 6 
7 1 15 2 16 5 0 4 8 14 3 11 9 13 10 6 
14 0 3 16 2 10 4 12 15 5 9 6 7 11 1 8 
8 10 4 0 1 11 7 16 12 3 5 9 13 6 15 2 
14 13 8 2 16 9 12 11 3 0 6 7 10 5 4 1 
0 10 8 9 11 2 5 13 6 3 1 15 12 7 4 14 
