7 12 3 15 11 4 1 14 16 9 8 5 13 6 2 10 
0 14 15 2 11 12 5 3 6 4 13 10 16 8 7 9 
6 9 5 16 14 7 8 10 3 11 4 12 15 1 0 13 
14 0 15 2 11 13 4 12 16 5 1 7 9 6 8 10 
2 16 9 10 13 6 8 1 3 0 11 5 15 7 12 14 
10 3 6 13 4 15 16 1 0 2 11 12 7 8 14 9 
0 8 1 14 15 4 16 3 5 13 11 10 9 7 12 2 
14 2 0 11 13 10 12 1 16 6 5 8 4 3 9 15 
16 6 12 5 1 15 10 7 0 14 9 2 11 4 3 13 
15 0 1 14 11 3 4 5 12 16 8 13 2 6 7 10 
6 1 11 4 12 7 2 9 15 14 5 3 16 8 13 0 
9 5 16 6 12 10 13 3 0 14 8 2 1 7 15 4 
1 4 3 15 5 13 6 7 8 16 10 9 2 11 14 0 
14 0 2 9 15 4 6 3 1 8 10 7 12 5 11 16 
5 7 12 16 10 4 3 1 11 0 2 15 9 6 13 8 
11 12 5 3 9 16 6 7 14 0 2 4 1 13 10 8 
6 13 3 1 10 9 8 14 12 5 2 7 0 4 15 11 
