4 1 15 2 3 9 6 14 12 7 16 13 5 8 10 11 
12 8 3 0 5 4 10 2 7 9 6 16 13 15 11 14 
15 10 14 1 7 13 16 3 9 8 5 4 0 6 11 12 
8 5 11 6 12 16 10 4 9 15 7 1 2 14 13 0 
10 7 12 0 15 1 9 11 13 14 5 6 8 2 16 3 
6 12 2 9 11 7 3 16 14 10 13 0 15 4 1 8 
0 1 5 10 3 14 7 11 2 9 4 12 15 8 16 13 
9 5 1 10 2 3 13 12 0 6 11 16 15 4 8 14 
4 5 12 11 9 10 15 13 16 14 7 2 1 3 0 6 
6 8 3 5 12 10 16 2 13 4 11 15 0 7 14 1 
15 3 12 8 0 2 1 14 5 11 16 7 6 9 13 4 
9 6 5 10 14 4 15 2 16 13 12 8 3 1 7 0 
0 5 7 10 4 13 3 16 15 8 11 6 9 2 14 1 
4 16 3 14 0 5 2 15 7 9 6 12 10 11 1 8 
8 2 11 0 4 1 13 10 12 5 6 16 7 3 9 15 
14 3 6 2 1 16 0 11 12 7 13 8 5 4 9 10 
3 2 11 1 15 10 9 8 7 12 13 0 5 14 6 4 
