8 15 6 12 10 13 2 9 11 1 7 4 5 14 16 3 
15 9 7 5 10 11 13 16 12 0 2 8 6 3 14 4 
8 1 10 6 13 9 15 14 0 7 4 16 11 12 3 5 
4 12 13 5 14 7 16 10 6 2 11 9 8 15 1 0 
15 12 14 7 11 1 8 0 9 10 16 3 5 2 6 13 
14 8 4 2 10 11 7 0 9 16 6 12 15 1 13 3 
16 2 8 9 5 11 15 0 10 4 1 14 7 12 3 13 
12 2 5 10 8 16 11 9 4 1 15 3 14 6 0 13 
10 12 15 2 16 5 1 14 11 7 6 3 4 9 13 0 
11 2 14 4 5 8 16 3 1 6 13 7 15 12 0 10 
6 11 2 15 14 5 13 8 3 12 7 4 0 9 16 1 
9 0 8 5 3 2 14 1 12 6 16 15 4 10 13 7 
15 14 7 0 16 2 4 5 9 6 1 10 8 11 13 3 
6 14 9 5 12 0 11 1 10 8 3 15 2 16 4 7 
13 11 16 15 5 9 3 7 2 12 1 8 0 4 10 6 
0 10 3 6 7 8 14 2 5 9 11 4 12 16 13 1 
4 8 6 7 3 9 2 15 10 14 12 11 1 5 0 13 
