12 13 8 5 11 7 1 15 16 6 10 14 4 3 2 9 
10 14 6 7 11 5 4 12 16 2 0 13 3 8 15 9 
4 6 13 0 7 12 16 3 15 8 10 5 9 11 1 14 
7 2 0 5 15 8 14 4 13 9 11 6 12 16 10 1 
12 7 8 13 5 1 11 15 0 16 9 10 14 2 3 6 
13 15 1 4 11 10 14 8 12 6 0 3 7 9 2 16 
9 0 1 11 16 5 4 2 10 12 14 15 3 8 7 13 
4 0 15 2 6 8 16 3 5 11 12 10 13 9 1 14 
14 11 0 13 9 15 12 3 16 10 7 4 6 5 1 2 
10 14 4 6 3 13 1 11 15 8 0 5 2 16 12 7 
12 6 2 11 7 4 13 9 5 1 16 3 0 14 8 15 
12 0 4 10 2 8 9 1 14 5 3 13 6 7 16 15 
6 1 2 15 0 4 5 16 8 13 3 11 10 9 7 14 
0 14 16 3 4 12 2 10 9 6 15 5 7 8 11 1 
8 16 4 10 7 12 11 1 6 3 0 5 13 9 15 2 
13 8 3 2 14 9 12 16 0 7 11 6 1 5 4 10 
9 8 10 0 11 5 2 13 1 3 15 6 7 12 4 14 
