12 11 1 14 13 5 9 8 10 15 7 16 3 6 4 2 
8 12 4 11 14 6 9 13 7 15 3 5 16 0 10 2 
11 15 0 9 3 13 14 8 16 1 10 7 6 5 4 12 
6 14 5 16 7 10 13 0 4 1 15 9 11 8 12 2 
8 0 6 3 16 7 2 15 13 12 9 1 10 11 14 5 
4 14 11 7 12 15 3 16 6 0 9 1 10 8 2 13 
13 11 2 10 5 3 14 7 9 8 16 0 4 1 15 12 
16 12 6 1 14 0 2 15 3 5 9 11 10 4 13 8 
4 9 15 13 3 0 12 10 11 5 6 1 2 14 16 7 
1 16 4 7 11 6 13 0 12 10 5 2 3 8 15 14 
9 1 0 12 7 8 2 14 5 6 15 13 11 4 16 3 
8 13 14 16 9 3 2 1 4 6 7 0 10 15 12 5 
6 7 8 13 11 4 2 15 14 10 9 5 0 1 16 3 
8 16 11 5 12 7 15 0 6 2 14 1 4 10 9 3 
16 9 8 4 5 12 2 3 7 11 0 13 1 6 10 15 
14 10 0 4 8 3 6 11 13 2 5 1 16 9 7 12 
7 1 3 11 10 8 14 9 2 4 5 0 6 12 15 13 
