15 5 10 12 8 4 14 1 7 13 16 6 9 3 2 11 
16 15 0 13 7 4 8 12 9 14 10 11 2 3 6 5 
8 1 0 13 7 12 4 6 10 3 14 15 16 11 5 9 
5 14 7 16 4 9 12 8 1 13 11 2 0 10 15 6 
13 16 7 12 5 10 1 11 15 8 9 0 6 14 3 2 
6 8 4 13 15 3 14 7 1 12 2 10 0 11 9 16 
9 1 0 11 4 2 10 5 14 12 16 3 7 15 13 8 
12 0 14 1 6 5 2 8 4 15 13 3 10 11 9 16 
6 0 1 11 15 10 7 12 4 9 16 3 2 14 5 13 
7 2 10 8 15 12 3 16 11 5 0 13 6 4 14 1 
14 16 9 6 3 5 13 12 7 2 1 4 0 8 11 15 
9 2 12 8 16 7 1 0 3 14 5 4 15 13 6 10 
1 6 2 15 4 8 16 7 14 3 11 0 9 5 13 10 
9 1 16 3 6 5 15 2 4 11 0 12 14 8 10 7 
15 8 3 11 12 9 1 13 0 7 5 6 4 16 2 10 
3 13 9 14 1 0 16 2 7 4 12 5 8 10 6 11 
9 6 11 7 2 10 13 14 15 8 1 3 12 4 0 5 
