14 12 3 16 7 6 15 13 4 2 8 9 10 1 11 5 
9 7 4 5 12 6 8 11 3 2 14 0 10 16 15 13 
8 13 4 9 11 0 14 5 12 15 3 16 7 10 1 6 
9 2 16 14 8 11 5 15 6 10 0 13 12 7 1 4 
1 11 16 13 9 6 5 3 14 7 8 10 12 0 2 15 
4 12 10 8 14 2 13 11 16 7 9 0 15 3 6 1 
12 13 14 7 11 16 15 4 10 2 3 9 5 0 8 1 
15 4 11 10 9 2 14 0 13 5 12 1 8 6 16 3 
5 16 9 7 4 12 2 6 15 3 13 0 10 11 1 14 
16 11 2 4 6 0 7 1 14 3 13 8 15 5 12 10 
12 5 4 0 11 13 3 9 16 14 6 7 1 8 15 2 
0 8 12 7 10 4 3 13 5 14 16 6 1 9 15 2 
15 9 1 14 10 3 2 5 11 6 7 4 16 8 13 0 
10 11 7 2 15 6 0 14 4 5 3 16 12 8 9 1 
7 5 15 2 4 1 13 0 6 8 16 10 3 9 12 11 
5 4 8 14 2 13 12 6 11 3 1 7 16 9 0 10 
6 13 5 2 9 11 12 10 4 15 1 14 8 7 0 3 
