11 7 10 1 14 15 3 9 5 6 8 13 4 2 12 16 
7 0 16 2 6 5 4 8 11 9 3 14 10 13 12 15 
8 12 7 14 10 5 16 13 4 15 11 6 0 9 1 3 
12 5 16 4 1 10 0 2 15 9 14 6 7 13 11 8 
7 11 3 0 8 6 14 15 2 10 13 5 1 9 12 16 
12 9 2 10 13 8 15 14 3 6 11 4 7 1 16 0 
0 7 11 8 13 5 3 10 9 16 2 1 12 14 15 4 
4 11 6 3 9 12 14 15 8 13 10 5 16 0 1 2 
9 6 7 3 2 4 10 5 13 16 1 15 14 11 12 0 
12 10 5 0 2 16 14 1 6 15 11 4 13 8 3 7 
5 16 15 2 11 7 4 6 12 9 1 0 8 14 3 13 
8 10 1 13 12 14 9 2 5 6 3 4 0 15 7 16 
15 3 14 5 2 13 9 10 0 16 4 1 11 8 7 6 
6 4 11 0 8 7 5 9 2 1 12 10 14 15 16 3 
3 4 6 5 12 9 15 2 16 0 11 7 13 8 1 10 
16 0 11 1 5 7 3 13 4 10 6 8 9 2 14 12 
4 11 5 3 8 9 2 14 7 1 0 13 12 15 6 10 
