4 7 16 11 13 9 15 14 8 2 12 3 1 10 6 5 
2 9 14 13 7 12 11 4 10 6 3 16 8 15 0 5 
13 5 14 1 3 8 4 6 0 7 16 9 11 10 12 15 
14 7 2 8 16 5 11 13 4 10 9 0 1 12 15 6 
8 16 6 9 3 0 14 1 12 10 2 5 7 15 11 13 
0 2 4 11 6 16 14 10 9 12 13 3 7 1 15 8 
16 4 15 2 5 14 10 11 7 3 8 13 12 0 9 1 
12 15 16 3 10 8 5 9 1 13 2 4 0 14 11 6 
16 9 15 2 6 11 1 7 3 10 13 0 12 14 5 4 
2 0 1 11 5 7 3 6 10 15 4 13 8 14 16 12 
12 11 13 6 5 4 3 9 0 7 14 15 1 2 8 16 
7 0 3 2 10 13 8 12 16 5 4 1 6 9 14 15 
0 5 6 15 7 13 16 10 8 4 14 1 9 11 3 2 
15 11 1 8 4 7 9 6 12 16 5 0 10 3 2 14 
7 12 4 6 11 8 5 9 16 1 0 13 3 10 2 15 
13 5 2 6 14 11 3 16 4 10 8 0 7 9 1 12 
14 12 2 7 10 9 11 1 3 4 15 5 8 6 0 13 
