4 2 3 9 13 6 1 14 7 12 16 15 8 11 10 5 
12 6 0 13 4 15 9 10 11 5 7 3 8 16 2 14 
5 6 10 4 13 12 16 7 8 14 11 15 9 3 0 1 
4 8 2 6 10 5 14 12 0 1 7 9 11 16 15 13 
1 5 3 2 8 0 9 6 11 15 13 12 7 14 10 16 
6 0 2 1 10 11 16 7 13 3 9 14 8 15 4 12 
10 0 1 12 4 5 11 7 9 3 13 2 15 16 8 14 
15 9 12 13 3 10 2 5 6 11 16 0 8 4 1 14 
16 10 12 1 11 9 0 13 14 5 15 4 2 6 3 7 
15 8 5 1 7 16 14 10 6 12 4 2 3 11 13 0 
5 1 0 7 2 12 14 13 9 15 16 11 3 4 8 6 
0 9 6 10 4 14 15 2 1 13 12 8 5 7 16 3 
0 1 5 4 13 7 16 3 11 8 15 6 9 10 2 14 
5 0 3 6 16 7 10 15 9 12 11 2 8 4 1 14 
3 0 5 2 9 10 1 4 6 12 16 11 7 8 15 13 
8 2 5 3 16 0 14 1 7 11 12 6 13 10 4 9 
9 10 5 3 14 15 0 13 7 12 11 8 1 4 2 6 
