4 9 2 3 13 6 1 14 16 15 7 12 5 10 8 11 
12 6 0 13 9 4 10 15 3 7 5 11 2 14 16 8 
10 5 6 4 13 16 12 7 11 15 14 8 9 1 0 3 
6 2 8 4 14 10 12 5 0 9 1 7 15 13 11 16 
3 1 5 2 10 9 0 6 13 12 15 11 14 8 7 16 
1 2 0 6 10 7 11 16 3 14 9 13 8 15 4 12 
10 0 1 12 11 7 4 5 2 9 3 13 16 15 14 8 
9 13 5 12 3 10 15 2 6 0 16 11 8 4 1 14 
10 12 16 1 11 9 13 0 5 14 15 4 6 2 3 7 
15 8 5 1 10 16 7 14 2 4 6 12 11 3 13 0 
1 5 7 0 13 2 14 12 15 16 8 11 9 6 3 4 
9 0 10 6 4 14 2 15 13 12 8 16 5 1 7 3 
4 0 1 5 13 7 16 3 11 6 15 8 2 10 14 9 
3 10 6 0 5 15 7 16 11 2 12 9 4 8 1 14 
8 0 2 3 4 10 9 1 12 16 11 6 5 7 13 15 
5 3 8 2 16 0 14 1 11 7 6 12 9 13 10 4 
6 10 9 3 14 15 0 13 12 11 7 8 1 4 5 2 
