4 7 11 8 13 1 16 6 10 12 14 3 5 9 2 15 
6 9 15 8 13 3 12 4 7 0 14 2 5 10 11 16 
14 6 5 7 15 10 13 4 9 1 3 11 0 16 12 8 
10 0 9 1 4 7 11 5 16 2 6 8 13 14 15 12 
8 1 11 12 7 3 0 15 14 6 2 16 5 10 13 9 
0 13 15 2 8 7 3 16 4 9 1 6 14 10 12 11 
11 13 16 3 2 4 9 5 1 12 0 7 14 10 8 15 
9 6 0 8 4 2 10 11 13 12 3 16 15 5 14 1 
1 5 13 2 15 9 3 16 14 12 7 6 10 0 4 11 
1 7 12 15 2 3 8 10 5 4 14 16 11 6 0 13 
3 5 14 8 9 4 7 13 0 16 15 1 6 11 12 2 
3 10 1 2 14 9 13 0 5 12 16 7 8 6 4 15 
5 3 1 6 15 7 9 10 4 16 14 2 8 11 0 13 
15 9 16 11 3 8 2 1 5 4 14 0 12 7 10 6 
16 10 1 0 13 7 2 8 12 4 15 5 11 9 6 3 
11 5 12 2 13 8 14 1 7 10 9 16 0 3 4 6 
3 0 2 15 6 10 13 5 12 8 4 9 11 7 1 14 
