1 4 2 15 14 9 3 6 12 13 16 7 8 11 5 10 
3 12 8 0 10 5 2 4 11 9 6 7 13 16 14 15 
15 10 14 1 13 7 3 16 9 5 4 8 6 11 0 12 
11 8 6 5 16 4 12 10 9 1 15 7 14 2 13 0 
10 3 7 0 11 1 9 15 5 6 13 14 16 12 8 2 
2 6 12 9 11 7 3 16 10 14 0 13 15 1 4 8 
5 10 0 1 7 11 3 14 2 9 12 4 8 13 16 15 
1 5 9 10 13 12 2 3 6 0 11 16 15 8 4 14 
7 16 11 12 13 10 15 9 14 2 4 5 0 1 3 6 
1 15 8 5 16 2 10 14 13 11 4 6 12 7 3 0 
12 15 8 3 2 13 14 1 11 5 7 16 0 4 9 6 
9 10 5 6 4 14 15 2 16 8 13 12 1 3 7 0 
5 0 1 7 4 13 3 16 8 11 15 6 14 2 9 10 
10 3 14 4 0 5 15 2 9 7 6 12 11 16 8 1 
11 2 0 8 10 13 1 4 12 16 6 5 3 15 7 9 
6 2 3 14 16 1 11 0 7 13 8 12 5 10 9 4 
1 3 9 11 8 10 15 2 12 7 13 0 14 4 6 5 
