14 12 15 7 3 4 11 1 8 9 5 16 6 13 2 10 
0 14 15 2 5 3 11 12 13 10 6 4 9 8 7 16 
5 9 6 16 8 7 14 10 12 11 4 3 1 15 13 0 
14 0 15 2 12 4 11 13 16 7 1 5 6 9 10 8 
10 2 9 16 1 13 8 6 5 11 12 3 7 15 14 0 
10 3 6 13 15 4 1 16 12 0 11 2 8 7 9 14 
8 0 1 14 4 15 16 3 5 11 10 13 7 12 2 9 
0 2 11 14 12 10 1 13 5 8 6 16 4 9 15 3 
12 16 6 5 1 10 7 15 9 2 14 0 4 11 13 3 
0 15 1 14 3 11 4 5 13 16 8 12 7 6 2 10 
4 6 11 1 2 7 12 9 14 3 5 15 16 8 0 13 
6 5 16 9 13 10 12 3 2 8 0 14 7 1 4 15 
4 1 3 15 5 13 7 6 8 10 16 9 11 14 0 2 
2 14 0 9 3 4 6 15 7 8 10 1 16 5 11 12 
5 12 0 7 11 4 1 3 10 16 15 2 9 8 6 13 
3 12 5 11 16 7 6 9 4 2 14 0 13 8 10 1 
1 6 3 13 10 8 9 14 12 7 5 2 4 11 0 15 
