11 12 1 14 8 5 13 9 10 15 16 7 3 4 6 2 
4 11 8 12 14 6 9 13 15 5 3 7 0 2 10 16 
0 15 11 9 13 14 3 16 10 7 8 1 12 6 4 5 
6 14 16 15 10 7 13 0 4 5 1 9 8 12 2 11 
6 0 3 8 7 16 2 15 5 13 14 1 9 11 10 12 
7 4 14 11 13 3 12 6 15 1 9 0 8 16 2 10 
2 10 11 13 3 7 9 14 8 5 0 16 12 4 15 1 
6 12 1 16 0 14 15 2 11 9 3 5 13 8 10 4 
13 9 4 15 12 0 10 3 11 16 6 5 7 2 14 1 
7 1 16 4 6 11 0 13 10 5 2 12 14 8 3 15 
12 1 0 9 14 7 8 2 5 15 13 6 11 4 16 3 
14 8 13 16 3 2 9 1 4 7 6 0 12 5 15 10 
6 7 13 8 9 11 2 15 5 10 14 4 1 0 3 16 
8 15 11 5 12 0 16 7 2 6 14 1 9 4 10 3 
16 9 8 4 5 2 3 12 7 11 0 13 15 6 10 1 
10 0 4 14 6 11 3 8 1 2 13 5 12 16 7 9 
3 1 7 11 10 9 6 14 4 5 0 2 12 15 13 8 
