1 4 2 15 9 6 14 3 12 7 16 13 8 10 5 11 
12 0 3 8 6 4 10 2 16 9 7 5 14 13 11 15 
15 10 14 1 7 13 16 3 9 4 8 5 12 6 11 0 
6 11 5 8 12 16 4 10 15 9 1 7 14 2 0 13 
12 7 10 0 15 9 11 1 6 5 13 14 2 8 3 16 
9 2 6 12 11 7 3 16 14 10 0 13 4 15 1 8 
5 1 15 10 11 14 7 3 12 4 2 9 16 0 13 8 
1 9 10 5 2 12 13 3 11 6 0 16 8 15 4 14 
4 12 5 11 9 15 10 13 7 2 3 16 0 6 14 1 
5 6 8 3 12 16 2 10 15 13 11 4 0 7 14 1 
15 3 8 12 0 2 14 1 5 16 11 7 4 13 6 9 
6 10 5 9 14 4 15 2 16 8 13 12 7 0 3 1 
5 7 0 10 4 13 3 16 11 6 15 8 9 2 1 14 
14 4 3 16 0 5 2 15 9 7 12 6 11 8 1 10 
2 0 12 8 4 13 10 1 6 11 5 16 3 9 15 7 
6 2 14 3 16 11 1 0 8 7 12 13 4 5 9 10 
1 3 11 2 8 10 15 9 6 7 12 13 0 5 4 14 
