9 10 2 5 6 16 8 14 1 11 3 12 4 13 15 7 
13 11 15 10 9 0 14 8 7 16 12 4 5 2 6 3 
12 9 6 4 8 3 11 13 10 0 14 16 15 5 7 1 
8 13 14 1 10 6 5 4 12 9 16 2 7 0 15 11 
5 8 3 9 12 0 15 10 6 11 14 1 13 16 7 2 
15 3 1 14 0 2 11 6 12 8 10 4 9 7 13 16 
12 4 14 1 7 10 9 8 5 16 15 2 11 3 0 13 
8 4 15 16 1 0 5 2 13 9 10 3 14 6 11 12 
13 5 6 1 11 4 7 9 14 0 3 16 10 12 15 2 
8 7 15 12 0 16 10 5 2 3 4 1 11 6 13 14 
15 6 9 16 5 14 8 12 2 4 13 0 7 1 3 11 
7 3 4 2 9 1 16 13 14 12 10 0 5 15 8 6 
10 16 6 1 2 4 13 14 0 15 7 8 3 5 9 11 
14 16 0 2 4 5 3 9 6 15 10 7 12 8 1 11 
9 15 12 4 1 10 7 2 8 5 13 0 11 6 16 3 
16 8 1 11 7 0 3 14 6 10 2 4 12 13 5 9 
12 5 8 4 6 3 7 14 1 2 11 9 10 15 13 0 
