14 6 13 16 15 1 3 9 5 12 4 7 10 8 11 2 
0 8 6 12 2 10 16 11 7 15 3 5 14 4 9 13 
1 8 5 16 13 7 6 15 4 14 10 9 3 0 12 11 
7 5 1 14 12 4 10 16 6 9 15 13 8 2 0 11 
0 12 8 10 5 1 11 6 15 14 9 7 2 13 16 3 
6 16 9 8 13 11 4 3 12 10 14 1 7 0 2 15 
10 1 5 9 2 8 13 11 4 12 3 16 14 15 0 7 
10 5 8 1 3 2 13 12 16 0 6 11 4 9 14 15 
3 12 4 11 9 7 2 13 10 6 1 5 16 0 14 15 
0 11 5 10 3 16 15 2 12 13 1 14 6 7 4 8 
12 6 0 15 9 13 5 3 2 11 16 7 4 8 14 1 
2 9 5 1 4 15 14 7 12 16 13 8 3 6 0 10 
0 15 1 11 6 4 16 9 10 8 2 3 7 5 13 14 
9 4 3 14 0 6 15 2 8 12 7 16 5 11 1 10 
0 12 15 2 9 1 13 4 8 11 6 5 10 7 16 3 
14 5 13 3 16 11 2 0 9 7 4 12 1 6 10 8 
3 10 1 11 8 14 15 2 9 6 0 7 5 13 4 12 
