8 6 15 2 5 13 9 10 4 11 1 7 12 14 16 3 
9 7 16 3 13 11 8 12 2 10 6 0 4 14 5 15 
3 6 4 1 8 9 14 13 15 5 7 12 16 0 10 11 
7 12 8 5 4 16 10 2 14 9 6 11 15 1 13 0 
16 15 12 7 0 8 1 11 10 3 14 2 13 9 5 6 
4 2 13 0 14 11 10 7 12 6 16 1 3 15 8 9 
12 2 14 1 5 0 11 15 10 4 16 9 13 7 3 8 
12 2 10 5 8 13 16 11 3 15 0 4 6 9 1 14 
10 14 7 15 1 5 2 16 11 3 13 6 0 9 12 4 
16 14 5 8 6 12 11 4 15 10 3 1 2 7 0 13 
7 14 2 11 15 13 12 4 8 3 9 0 1 16 6 5 
1 9 2 12 8 10 4 0 14 15 6 16 13 3 5 7 
7 0 10 11 3 2 13 6 4 5 1 14 9 15 8 16 
1 8 15 2 11 14 12 0 10 6 3 5 16 9 7 4 
13 15 1 7 2 11 3 16 9 8 12 10 5 6 4 0 
4 6 7 8 1 14 12 3 9 5 2 11 0 13 10 16 
6 10 12 13 3 5 11 15 2 14 8 4 7 1 0 9 
