8 4 7 11 1 13 16 6 2 10 14 3 12 15 5 9 
10 15 8 6 13 12 4 3 7 14 0 2 5 16 11 9 
5 14 6 7 15 13 10 4 1 9 11 3 0 16 12 8 
1 10 9 0 4 11 5 7 2 6 8 16 13 14 15 12 
8 1 11 12 15 0 5 7 14 16 2 6 10 13 3 9 
13 0 2 15 8 7 3 16 9 1 4 6 12 14 10 11 
11 13 3 16 2 5 4 9 0 7 12 1 15 14 10 8 
8 9 0 6 4 10 2 11 5 13 3 12 16 15 14 1 
13 5 2 1 12 7 16 3 15 6 14 9 4 11 10 0 
7 12 1 2 10 3 15 8 16 5 14 4 6 11 0 13 
3 5 8 14 13 4 7 9 16 1 0 15 6 2 12 11 
2 1 7 3 9 14 0 13 5 10 16 12 8 4 6 15 
5 6 1 3 15 10 9 7 14 4 16 2 8 11 13 0 
11 15 9 16 1 5 2 8 3 0 4 14 10 12 6 7 
5 16 0 10 2 7 8 13 1 12 4 15 9 11 3 6 
11 12 2 5 8 13 14 1 9 7 10 16 0 4 3 6 
3 0 2 15 10 5 6 13 4 8 9 12 11 7 14 1 
