7 4 8 11 6 13 1 16 3 2 14 10 12 5 15 9 
15 10 6 8 3 4 13 12 0 14 2 7 16 9 11 5 
5 14 6 7 13 15 10 4 11 9 3 1 12 16 0 8 
10 1 0 9 5 4 11 7 6 16 8 2 14 13 12 15 
11 12 1 8 5 0 15 7 16 6 2 14 13 10 9 3 
0 13 2 15 8 7 16 3 9 1 4 6 10 14 11 12 
13 11 3 16 5 2 4 9 1 7 12 0 14 15 8 10 
0 8 9 6 4 10 2 11 5 12 3 13 15 16 1 14 
2 5 1 13 7 15 16 3 9 14 6 12 11 10 0 4 
7 1 15 2 3 8 10 12 14 5 16 4 6 11 13 0 
3 14 5 8 9 13 7 4 1 15 16 0 2 12 11 6 
1 2 7 3 14 9 13 0 10 16 12 5 15 8 4 6 
5 3 6 1 9 15 7 10 14 4 16 2 11 8 0 13 
15 9 11 16 5 8 2 1 4 14 3 0 12 7 10 6 
1 10 16 0 7 2 8 13 12 4 15 5 9 11 3 6 
2 11 5 12 13 8 1 14 7 9 16 10 4 6 3 0 
3 0 2 15 6 10 5 13 4 9 12 8 7 11 14 1 
