16 10 9 13 6 1 3 8 14 7 4 5 11 12 2 15 
9 0 12 16 13 10 11 8 14 7 3 15 2 5 6 4 
8 16 1 5 7 6 15 13 9 10 4 14 12 0 3 11 
12 7 14 5 2 10 4 16 13 9 15 1 8 11 0 6 
12 8 10 0 11 6 1 5 7 13 15 9 14 2 16 3 
8 16 2 6 4 11 3 13 10 12 14 1 15 7 0 9 
1 5 10 9 2 11 8 13 4 12 3 16 15 14 7 0 
1 4 5 2 15 3 8 13 0 11 16 6 10 12 14 9 
15 4 11 6 9 7 2 13 10 12 5 1 0 14 16 3 
11 5 10 0 16 3 2 15 12 13 14 1 4 6 8 7 
13 16 6 15 12 9 5 3 1 7 4 2 14 11 0 8 
12 9 8 2 16 14 7 15 13 1 5 4 3 0 10 6 
3 15 1 0 9 16 6 4 11 8 10 2 13 14 7 5 
9 3 14 4 6 5 2 0 12 7 16 8 15 1 11 10 
12 6 2 15 4 9 13 1 8 11 0 5 10 7 3 16 
3 5 13 14 16 0 11 2 12 7 9 4 6 1 8 10 
10 3 1 11 4 14 15 8 9 0 2 6 5 7 12 13 
