16 11 7 4 14 13 15 9 2 8 3 12 5 10 6 1 
9 13 14 2 4 12 11 7 6 10 3 16 5 15 8 0 
13 5 14 1 8 3 6 4 7 16 9 0 10 11 12 15 
2 14 8 7 13 11 16 5 10 9 0 4 6 12 1 15 
8 16 6 9 0 3 1 14 10 12 5 2 13 11 15 7 
11 0 4 2 6 16 10 14 13 12 9 3 8 15 7 1 
4 16 15 2 14 10 5 11 7 8 3 13 12 1 9 0 
15 12 3 16 10 5 8 9 1 4 13 2 11 14 0 6 
9 16 2 15 11 7 1 6 10 3 0 13 5 14 12 4 
0 1 11 2 3 7 5 6 13 10 4 15 12 16 8 14 
12 6 11 13 4 3 9 5 14 0 7 15 1 8 16 2 
2 7 3 0 12 8 10 13 5 1 4 16 14 6 15 9 
5 15 0 6 10 7 16 13 4 8 1 14 9 3 11 2 
8 1 15 11 7 4 9 6 5 16 12 0 10 3 14 2 
4 12 6 2 11 5 9 8 1 16 0 13 7 3 10 15 
13 2 5 6 11 14 3 16 8 0 4 10 12 7 9 1 
2 7 14 12 9 10 11 1 4 15 5 3 8 6 0 13 
