3 4 2 6 9 13 14 1 16 12 15 7 5 11 8 10 
12 8 6 0 4 9 15 10 11 5 3 7 13 16 14 2 
5 10 15 6 12 16 13 7 3 9 8 4 11 0 1 14 
2 8 6 4 14 12 10 5 0 1 7 9 11 13 16 15 
1 5 3 2 0 6 9 10 13 15 11 12 16 14 8 7 
0 6 1 2 11 7 16 3 9 13 10 14 4 12 15 8 
0 8 12 10 7 4 5 11 9 3 13 2 15 16 14 1 
10 5 12 9 13 1 2 3 6 16 11 0 8 15 14 4 
16 7 12 11 1 9 0 13 5 4 15 14 2 3 6 10 
5 8 1 15 10 7 16 14 12 4 6 2 3 11 0 13 
5 0 7 1 2 13 12 14 11 8 15 16 9 4 6 3 
9 6 10 0 4 14 2 15 16 13 12 8 3 7 1 5 
5 0 1 4 13 7 16 3 15 11 6 8 14 10 9 2 
0 3 6 2 16 7 5 15 9 11 12 10 8 4 14 1 
0 8 2 3 1 4 9 10 16 12 6 11 7 13 15 5 
8 5 3 2 1 0 16 4 11 7 6 12 13 10 14 9 
6 3 9 10 14 0 15 2 12 11 8 7 5 4 1 13 
