3 2 4 6 9 13 1 14 7 16 15 12 11 8 10 5 
6 12 13 0 10 9 4 15 11 3 7 5 14 2 16 8 
10 15 5 6 7 16 13 12 14 4 11 8 9 3 0 1 
8 6 2 4 5 10 14 12 1 7 0 9 11 16 13 15 
2 1 5 3 6 0 10 9 13 15 12 11 14 7 8 16 
2 6 0 1 11 7 3 16 14 9 13 10 8 4 15 12 
12 0 10 8 7 11 4 5 2 9 3 13 15 16 1 14 
5 13 12 9 2 1 10 3 11 0 16 6 15 4 14 8 
7 16 12 1 9 11 0 13 15 14 4 5 10 3 6 2 
8 5 1 15 10 7 16 14 12 6 4 2 11 3 13 0 
7 5 0 1 13 12 14 2 8 15 16 11 9 6 3 4 
9 6 0 10 14 4 2 15 16 12 8 13 7 1 5 3 
1 0 4 5 13 7 16 3 8 15 6 11 10 2 14 9 
10 3 6 0 16 5 15 7 12 11 2 9 8 4 14 1 
2 8 3 0 9 10 4 1 16 11 12 6 5 15 7 13 
5 2 3 8 0 16 4 1 12 11 6 7 13 10 9 14 
10 6 9 3 15 14 0 13 7 8 11 12 2 5 1 4 
