9 2 3 4 13 6 1 14 16 15 12 7 5 11 10 8 
6 12 13 0 9 4 10 15 11 7 3 5 14 2 16 8 
4 5 6 10 16 7 12 13 11 8 15 14 0 1 3 9 
2 8 4 6 12 5 10 14 7 9 0 1 15 16 11 13 
1 2 5 3 8 9 6 0 11 12 13 15 14 16 10 7 
1 6 2 0 11 16 10 7 9 14 3 13 12 4 15 8 
1 0 12 10 4 7 5 11 13 2 3 9 14 15 8 16 
12 13 9 15 5 2 10 3 8 16 6 0 4 11 1 14 
10 16 12 1 11 9 13 0 5 15 14 4 3 2 7 6 
15 5 1 8 14 7 16 10 2 12 3 4 11 6 0 13 
0 1 5 7 2 14 12 13 16 15 9 11 4 8 3 6 
6 9 0 10 14 4 15 2 8 1 13 12 7 5 16 3 
5 4 0 1 13 7 3 16 15 8 6 11 2 10 14 9 
6 3 0 5 16 7 10 15 9 12 11 2 4 8 1 14 
3 5 2 0 9 4 10 1 16 11 12 6 15 7 8 13 
8 2 5 3 16 0 1 14 12 11 6 7 4 10 13 9 
10 5 3 9 14 15 13 0 12 11 7 8 1 2 6 4 
