4 9 15 2 5 7 14 16 12 6 10 1 13 11 3 8 
2 12 9 11 13 15 14 4 6 10 0 8 7 5 3 16 
11 3 7 14 13 10 4 12 1 0 9 15 16 6 5 8 
4 7 9 16 8 1 5 15 2 10 0 13 12 6 11 14 
6 11 1 9 12 14 2 15 5 0 7 10 13 8 16 3 
9 13 1 14 8 3 15 4 10 7 2 16 6 12 11 0 
16 14 10 4 3 0 7 1 12 8 5 13 9 11 2 15 
10 0 2 5 1 13 4 15 8 9 3 16 14 6 11 12 
14 13 11 12 6 15 5 1 4 7 16 3 0 9 10 2 
7 16 0 2 5 13 1 10 6 12 4 11 15 3 14 8 
5 3 8 7 14 0 9 2 15 4 13 12 11 6 1 16 
0 1 9 7 12 2 14 10 8 6 5 16 4 3 15 13 
0 15 3 4 10 7 13 8 16 5 6 1 11 2 9 14 
15 9 12 4 11 6 14 1 0 16 2 7 5 10 3 8 
1 15 3 16 11 6 4 12 2 8 9 5 7 10 0 13 
10 11 0 14 4 12 3 13 8 2 5 9 7 6 16 1 
12 14 10 6 15 8 3 5 7 4 13 1 0 11 9 2 
