6 13 14 1 15 9 16 3 12 7 4 5 11 2 8 10 
6 0 12 11 10 8 2 4 15 13 7 3 9 5 14 16 
1 16 5 8 15 6 13 7 4 10 14 9 0 3 11 12 
11 5 1 7 4 16 12 10 15 9 13 6 2 0 14 8 
12 15 10 0 5 6 11 1 9 14 7 8 13 2 16 3 
13 9 12 6 4 16 3 11 10 8 1 14 7 0 2 15 
10 5 1 15 8 2 11 13 3 12 4 9 16 14 7 0 
16 10 9 5 2 3 13 12 6 11 1 0 4 15 8 14 
12 5 11 4 7 9 13 2 3 10 6 1 15 14 16 0 
3 6 5 11 16 10 2 15 13 12 1 14 7 4 8 0 
5 8 15 3 14 6 13 0 7 11 16 2 1 12 9 4 
2 1 9 5 4 15 7 14 8 16 12 13 10 0 3 6 
0 15 5 9 6 4 1 16 10 2 3 8 7 14 11 13 
3 4 9 14 6 0 15 2 12 7 8 16 5 1 10 11 
2 12 0 16 4 13 1 10 11 8 6 5 3 15 7 9 
14 3 5 13 11 1 0 16 8 7 12 9 2 6 4 10 
11 3 1 10 9 14 2 15 0 8 7 6 12 5 4 13 
