4 11 13 15 14 3 8 7 6 16 12 5 9 10 1 2 
7 3 13 0 11 6 9 14 12 16 5 15 4 2 8 10 
14 9 7 12 3 0 6 1 16 5 4 8 15 10 13 11 
7 8 13 2 0 16 12 11 10 6 5 1 14 4 9 15 
7 16 9 8 12 13 15 3 10 0 14 5 11 1 6 2 
4 6 2 0 12 9 13 11 16 10 14 8 1 7 3 15 
7 12 13 8 16 0 14 1 3 4 11 15 2 9 10 5 
16 2 11 13 3 9 14 1 5 6 8 4 12 15 0 10 
11 12 6 14 15 0 1 4 13 10 3 16 5 9 7 2 
10 0 12 4 3 11 2 8 5 14 13 15 7 16 6 1 
1 2 12 3 7 11 16 0 5 14 13 6 4 8 15 9 
6 7 3 5 4 14 16 13 1 9 10 8 12 0 2 15 
10 11 13 0 6 9 8 15 5 1 3 16 4 7 2 14 
3 8 0 9 7 10 15 4 6 16 2 12 5 11 1 14 
5 6 7 15 4 1 8 11 3 12 0 10 13 16 2 9 
11 9 16 1 12 0 2 14 6 8 13 5 4 3 10 7 
4 13 6 12 8 15 1 14 7 10 0 11 3 9 5 2 
