11 10 14 5 8 15 13 7 9 2 6 16 4 3 1 12 
11 15 3 16 7 13 12 10 4 2 14 8 9 6 0 5 
9 13 14 1 11 8 5 6 4 0 3 16 7 15 10 12 
12 6 13 0 4 16 14 11 5 9 2 15 7 1 8 10 
0 7 15 3 8 9 2 11 12 14 16 13 5 10 6 1 
4 8 12 10 15 6 11 13 7 16 1 9 3 2 14 0 
12 2 14 1 7 11 4 9 0 10 15 16 3 5 13 8 
0 10 1 14 6 2 3 13 11 16 5 8 12 9 4 15 
7 9 12 3 4 15 6 14 1 16 0 5 13 2 10 11 
2 11 12 0 1 6 3 8 14 10 15 5 13 16 7 4 
12 16 5 2 3 1 11 4 7 9 14 6 15 8 0 13 
14 12 3 8 6 0 4 10 9 13 5 1 7 16 15 2 
7 3 5 14 1 6 2 15 8 10 9 16 11 4 13 0 
15 12 11 1 7 2 5 4 6 10 3 16 9 0 14 8 
1 0 11 7 13 10 2 4 5 9 3 15 6 16 8 12 
7 0 8 2 9 11 10 3 13 16 14 1 4 6 5 12 
3 2 10 13 6 7 11 14 4 15 1 8 5 0 9 12 
