1 13 6 10 5 12 11 3 9 7 14 15 2 4 8 16 
2 14 6 7 10 13 16 12 15 5 4 0 8 3 9 11 
9 11 15 6 1 4 10 8 7 16 14 12 5 3 0 13 
10 2 1 7 9 4 0 12 13 11 14 8 5 16 6 15 
6 8 7 12 1 9 0 13 11 5 16 14 10 3 15 2 
8 1 15 16 11 7 13 3 2 9 6 12 0 14 10 4 
10 16 5 8 7 9 13 15 0 11 4 3 2 12 14 1 
4 6 3 13 12 5 16 1 0 11 2 15 8 9 14 10 
3 15 14 13 4 5 11 7 0 16 6 1 10 12 9 2 
6 7 1 10 11 14 13 5 4 16 2 0 3 12 8 15 
3 12 13 8 14 0 16 6 1 4 15 11 9 5 7 2 
13 1 7 5 0 15 10 6 9 2 3 16 12 14 8 4 
14 10 0 11 7 9 16 3 2 1 8 13 4 15 6 5 
7 0 16 3 1 12 9 4 10 15 5 14 6 2 11 8 
3 1 9 4 8 5 0 2 6 15 13 16 10 12 7 11 
5 2 3 1 10 9 8 16 0 12 11 6 7 14 13 4 
3 11 14 1 7 15 0 8 10 4 2 13 6 5 9 12 
