13 2 6 5 10 8 7 14 4 11 16 12 9 15 3 1 
15 10 0 6 9 11 5 3 4 7 16 12 8 13 14 2 
5 3 1 14 9 16 12 6 0 8 15 11 10 4 7 13 
8 9 2 15 4 0 14 1 7 5 16 6 13 11 10 12 
14 2 10 5 9 3 13 0 16 12 7 15 8 6 1 11 
9 4 15 8 12 16 6 11 13 10 14 1 3 2 0 7 
5 9 1 8 11 2 3 4 7 10 13 0 14 16 12 15 
0 2 9 6 12 5 1 8 11 13 16 10 14 4 15 3 
12 4 9 7 11 1 3 0 16 2 14 13 5 15 6 10 
15 4 13 5 10 12 0 8 7 11 14 1 2 6 3 16 
16 5 6 0 3 8 12 13 7 1 15 2 11 9 14 4 
8 15 12 9 5 2 4 10 14 3 0 7 16 1 13 6 
13 8 6 14 2 1 10 4 5 15 11 0 7 9 3 16 
16 10 0 5 3 14 15 2 12 8 1 4 7 6 9 11 
8 11 16 13 3 12 0 4 7 1 5 6 9 10 15 2 
12 7 10 8 13 5 3 9 2 1 0 16 11 14 4 6 
13 11 1 15 14 3 12 6 9 4 0 10 8 5 7 2 
