13 4 2 3 9 6 14 1 16 15 7 12 8 10 11 5 
12 0 8 3 4 2 5 10 11 7 6 9 13 16 15 14 
5 15 10 6 7 13 16 12 8 9 3 4 11 0 14 1 
8 4 6 5 12 16 11 10 15 9 7 1 2 14 13 0 
3 5 1 0 10 6 14 9 12 7 13 11 16 8 15 2 
6 2 0 12 7 11 3 16 10 14 13 9 15 1 4 8 
12 5 0 10 7 4 14 11 2 1 9 3 8 16 15 13 
9 10 5 1 12 3 2 13 11 0 16 6 15 4 14 8 
12 7 16 11 10 13 15 9 5 14 2 4 6 3 0 1 
15 5 8 1 7 16 10 14 2 12 4 6 3 11 0 13 
8 3 0 5 13 2 1 14 7 16 11 15 12 6 9 4 
10 6 5 9 14 4 2 15 8 16 12 13 3 0 1 7 
4 0 5 1 13 7 16 3 11 6 8 15 2 9 14 10 
7 6 3 16 0 5 2 15 12 10 4 9 8 11 14 1 
8 2 11 0 13 10 3 1 12 16 5 6 15 7 9 4 
14 2 3 6 1 16 0 12 8 4 7 13 5 10 11 9 
1 10 11 3 2 14 8 0 13 12 9 7 5 6 4 15 
