5 12 8 13 1 15 7 11 10 6 14 16 9 2 4 3 
10 6 7 14 5 11 12 4 2 16 13 0 9 3 15 8 
4 3 0 6 16 7 13 12 5 8 10 14 11 15 9 1 
5 7 2 0 15 11 14 16 6 8 13 9 1 10 12 4 
13 8 7 12 0 15 5 11 16 9 1 10 6 3 14 2 
13 15 4 1 11 14 10 8 6 12 0 3 2 16 7 9 
9 1 11 0 4 16 5 2 14 10 15 12 7 8 3 13 
4 0 15 2 8 6 16 3 5 10 12 11 13 9 1 14 
3 13 11 14 0 15 9 12 10 16 7 4 2 1 5 6 
14 12 4 6 1 3 11 13 0 8 15 5 7 16 10 2 
12 11 6 2 4 7 8 9 1 5 3 16 15 0 13 14 
15 0 12 16 9 8 2 1 13 5 14 3 10 4 7 6 
14 1 15 2 16 5 4 0 11 3 8 6 9 10 7 13 
14 0 16 3 10 4 2 12 9 6 5 15 1 8 7 11 
0 4 8 10 1 16 7 11 9 5 3 12 13 6 15 2 
2 11 8 13 6 12 16 14 9 3 0 7 10 5 1 4 
9 10 8 0 5 13 2 11 1 6 15 3 4 7 12 14 
