7 8 1 9 10 11 4 15 16 14 6 5 3 2 13 12 
6 14 12 13 11 10 2 5 15 3 9 8 16 0 7 4 
10 6 9 4 11 7 16 12 0 8 1 14 3 15 13 5 
7 4 12 11 15 13 1 16 6 8 0 9 14 5 10 2 
11 13 6 12 0 1 7 8 5 10 16 14 9 3 15 2 
4 15 16 3 8 12 13 6 0 9 14 1 11 10 7 2 
2 1 0 13 16 9 7 5 3 15 12 10 8 14 11 4 
5 11 2 8 16 10 0 12 15 9 13 14 6 4 3 1 
3 14 7 11 6 0 12 15 10 16 13 9 2 4 1 5 
2 6 12 13 7 5 10 1 4 15 8 14 11 0 3 16 
6 16 8 7 11 13 4 9 12 5 14 1 0 3 15 2 
5 12 7 0 16 2 4 1 13 8 9 3 15 10 6 14 
9 6 2 15 5 4 13 0 11 3 1 10 14 16 7 8 
5 16 6 2 7 0 14 12 8 10 4 9 3 1 11 15 
4 5 15 8 13 12 1 2 6 7 11 16 3 9 10 0 
10 6 0 13 12 9 2 7 4 8 3 16 5 11 14 1 
10 15 0 5 8 7 2 13 6 4 1 9 12 14 3 11 
