11 6 2 13 10 4 1 7 9 15 14 12 8 5 16 3 
16 9 2 13 15 11 8 10 14 5 4 3 0 7 12 6 
3 6 0 14 13 1 4 15 7 11 5 9 10 8 12 16 
2 6 1 7 10 12 13 0 15 5 14 16 8 9 11 4 
6 1 15 9 7 11 3 16 12 8 2 13 14 5 10 0 
1 10 15 12 3 7 13 6 16 0 2 11 9 8 4 14 
16 12 9 0 1 11 5 4 3 14 10 13 8 7 15 2 
12 9 10 3 14 13 16 11 0 4 15 6 8 5 2 1 
10 2 6 4 13 12 11 5 15 7 16 3 9 0 1 14 
6 8 16 14 7 0 2 10 1 12 13 5 11 4 3 15 
2 11 14 1 4 7 12 5 15 8 0 13 6 9 16 3 
9 12 8 3 10 13 6 5 14 0 15 2 7 4 1 16 
16 5 2 15 11 1 3 0 14 8 13 7 4 6 9 10 
5 6 16 4 7 15 10 9 12 11 2 14 0 1 3 8 
2 13 4 3 6 12 15 11 8 1 10 16 7 0 9 5 
11 8 6 9 4 16 0 13 7 12 1 14 10 2 5 3 
10 14 11 7 9 6 1 13 12 3 15 2 8 5 4 0 
