7 10 11 12 3 2 9 5 8 13 1 16 14 15 6 4 
11 15 5 6 7 2 10 8 16 0 9 14 12 13 3 4 
10 4 14 1 12 8 5 6 7 9 0 13 11 15 16 3 
10 11 13 15 4 5 14 1 9 6 8 7 0 12 2 16 
3 10 15 2 11 9 12 14 8 0 6 1 7 16 5 13 
11 0 6 1 9 12 15 7 8 10 4 2 14 13 3 16 
12 16 8 9 13 4 1 7 0 3 11 10 14 5 2 15 
8 11 14 1 12 5 13 0 4 9 10 15 6 2 16 3 
4 3 13 0 6 16 12 10 15 9 14 1 11 7 2 5 
2 4 0 11 13 14 12 6 15 3 8 7 16 5 1 10 
11 16 4 8 6 5 15 0 7 14 3 12 1 13 2 9 
4 16 7 6 13 9 5 10 12 1 15 2 8 14 0 3 
6 14 11 10 15 8 13 0 16 4 9 2 1 7 3 5 
3 11 1 12 16 15 10 0 5 9 8 4 7 2 14 6 
8 12 10 3 0 11 5 9 2 13 6 4 7 15 16 1 
9 6 13 10 5 8 14 3 0 1 12 2 16 7 11 4 
7 0 14 10 5 12 15 4 11 8 2 13 3 6 9 1 
