2 1 13 4 9 6 14 3 15 12 7 16 10 8 5 11 
0 12 8 3 4 2 5 10 7 6 11 9 16 15 14 13 
14 15 6 10 7 16 13 5 4 3 8 9 12 0 11 1 
6 4 5 8 12 10 11 16 9 7 15 1 2 14 13 0 
1 0 3 7 10 11 9 15 14 5 13 6 2 12 8 16 
0 12 6 2 7 11 16 3 14 10 9 13 4 15 8 1 
10 1 5 0 11 14 7 3 4 9 12 2 15 13 16 8 
5 1 10 9 2 3 13 12 0 6 16 11 8 14 4 15 
16 7 11 12 15 9 10 13 4 5 14 2 6 1 3 0 
15 1 8 5 2 14 10 16 6 11 12 4 3 7 0 13 
8 3 15 12 13 2 14 1 7 16 11 5 9 0 6 4 
9 10 5 6 14 4 2 15 12 8 13 16 0 1 7 3 
7 5 1 0 13 4 3 16 8 6 15 11 2 14 10 9 
4 10 3 16 5 0 15 2 12 6 9 7 11 8 1 14 
0 8 2 11 3 1 13 10 16 6 12 5 15 9 7 4 
6 14 2 3 1 11 16 0 8 4 7 13 12 5 10 9 
9 3 1 11 8 14 2 10 12 0 13 7 6 5 4 15 
