14 7 16 12 11 3 1 4 5 9 10 8 13 6 2 15 
14 0 15 2 8 12 5 3 6 13 4 10 16 7 11 9 
5 9 6 16 13 10 7 1 3 12 4 11 0 15 8 14 
14 0 15 2 11 4 12 13 16 7 1 5 10 8 9 6 
16 9 10 2 8 6 13 0 11 12 5 3 15 7 14 1 
13 6 1 10 16 4 15 2 0 3 12 11 7 9 14 8 
14 8 0 13 15 3 1 4 16 5 10 11 9 7 2 12 
9 0 14 2 13 12 10 1 5 16 8 6 4 11 15 3 
5 16 11 6 10 15 9 1 14 7 0 2 3 4 12 13 
0 15 1 14 11 5 3 4 13 8 16 6 7 2 12 10 
13 4 11 1 9 12 7 2 14 3 5 15 16 0 8 6 
5 6 0 9 13 4 3 12 14 2 8 16 7 15 10 1 
1 4 3 15 11 13 7 5 8 10 16 9 6 0 2 14 
9 2 14 0 15 11 4 3 1 10 7 6 8 5 16 12 
0 5 12 7 3 4 11 1 10 16 15 2 13 8 6 9 
5 12 11 3 6 0 9 16 14 7 4 2 13 10 1 8 
1 6 13 3 9 4 8 10 5 7 12 2 14 0 15 11 
