11 12 14 1 9 8 5 13 7 10 16 15 4 2 6 3 
11 12 8 10 2 4 6 9 14 0 15 5 7 13 16 3 
16 11 10 0 13 3 14 8 1 7 15 9 4 12 5 6 
16 6 11 15 10 7 0 9 4 5 1 14 8 13 2 12 
6 8 3 16 0 11 15 2 9 13 12 1 7 14 10 5 
9 15 3 11 4 14 16 12 7 0 8 6 10 2 13 1 
13 11 10 2 14 7 5 3 0 9 8 16 15 1 12 4 
16 6 12 10 15 0 14 11 3 2 9 5 13 1 8 4 
4 2 13 10 15 3 0 12 11 6 5 14 9 7 16 1 
11 4 16 2 10 7 6 13 1 5 0 8 12 14 3 15 
14 9 0 3 2 8 1 6 5 13 7 15 4 11 16 12 
8 13 3 14 16 1 15 2 4 6 7 0 10 12 5 9 
2 4 8 10 13 11 15 7 9 5 6 14 1 0 3 16 
10 5 2 15 4 7 8 12 0 6 1 14 9 11 3 16 
6 8 7 16 2 12 5 3 9 13 11 1 15 0 4 10 
10 14 4 13 3 8 6 11 1 0 12 7 9 5 16 2 
3 11 1 7 9 10 8 14 5 2 0 4 13 6 12 15 
