10 6 9 2 7 5 1 13 11 14 4 16 8 3 12 15 
4 2 11 16 0 6 9 10 15 7 3 13 5 14 8 12 
4 14 9 6 8 1 12 7 10 13 16 3 11 15 5 0 
11 16 12 8 2 4 6 1 5 10 13 0 9 15 7 14 
8 11 14 1 15 10 13 0 2 6 3 16 12 7 5 9 
9 16 10 6 7 14 4 12 15 3 11 0 2 1 13 8 
9 0 16 1 4 11 2 8 5 10 3 14 13 12 15 7 
1 12 5 13 16 11 4 2 0 15 3 14 10 8 6 9 
11 6 16 4 2 9 14 1 15 12 13 7 10 5 0 3 
12 10 14 16 13 4 1 3 11 2 6 8 5 7 15 0 
1 6 8 9 5 13 11 4 12 7 15 0 14 2 16 3 
15 8 12 7 6 4 0 13 2 10 9 1 5 14 16 3 
0 1 3 16 13 10 5 7 15 4 11 14 6 9 8 2 
9 0 12 1 15 6 11 8 2 16 14 4 5 3 7 10 
5 3 7 12 13 10 4 16 1 11 9 6 8 0 15 2 
4 13 3 1 16 12 14 2 9 11 6 0 8 7 10 5 
4 12 2 6 10 3 13 1 14 7 15 0 9 5 8 11 
