13 10 15 3 9 12 6 1 5 8 7 16 14 4 11 2 
9 4 0 5 15 6 3 11 8 14 10 2 12 7 13 16 
8 15 11 1 13 16 12 7 6 9 0 4 3 10 5 14 
8 2 14 10 5 0 16 12 4 1 11 9 13 6 15 7 
5 9 13 10 7 2 16 0 1 14 8 11 3 12 15 6 
11 14 13 16 4 9 6 10 3 8 15 7 1 12 2 0 
10 8 14 15 0 5 3 16 2 1 9 11 12 7 13 4 
15 3 1 0 8 2 5 16 10 13 14 12 4 6 9 11 
1 11 2 15 4 0 5 9 14 10 13 16 7 12 3 6 
11 6 14 1 12 4 0 2 7 16 15 13 3 5 8 10 
12 0 16 3 6 9 4 7 14 13 2 15 8 1 5 11 
9 0 5 10 2 12 16 8 3 7 13 4 15 6 1 14 
6 0 16 3 11 2 8 1 7 13 15 4 10 9 14 5 
3 5 12 0 11 4 8 2 9 10 15 7 16 6 14 1 
2 5 13 16 15 11 1 8 12 7 10 9 3 6 0 4 
7 9 13 4 12 6 0 3 16 2 1 8 5 11 14 10 
10 5 4 9 6 0 3 12 11 8 2 1 7 15 13 14 
