14 5 13 3 12 8 9 7 4 11 16 2 6 15 1 10 
5 12 7 10 8 9 15 2 14 6 0 13 4 11 3 16 
5 10 1 14 16 9 12 4 15 11 8 13 7 6 0 3 
2 11 14 1 15 16 8 9 6 4 0 13 5 10 7 12 
16 1 15 2 11 0 10 3 13 6 9 8 12 5 14 7 
9 12 14 6 2 1 8 0 11 4 3 13 15 10 16 7 
1 12 4 9 0 11 3 2 13 14 5 10 8 15 7 16 
11 14 15 0 8 2 16 1 6 5 10 12 4 13 3 9 
12 5 0 7 9 16 2 15 4 13 11 3 10 6 14 1 
11 5 14 1 10 4 13 3 16 6 2 15 8 7 12 0 
16 8 14 1 7 5 6 12 3 0 15 2 4 13 9 11 
2 14 12 0 4 16 15 9 6 13 8 1 10 5 7 3 
3 13 4 9 14 16 5 11 8 10 1 6 7 0 2 15 
8 16 2 1 4 9 12 15 0 11 14 6 3 5 10 7 
16 10 6 1 4 12 11 15 8 5 13 3 7 9 2 0 
4 14 10 9 6 7 13 0 12 11 5 3 16 2 1 8 
1 7 13 9 6 0 2 12 15 4 8 3 14 5 10 11 
