15 10 16 3 13 4 14 2 12 8 9 7 11 1 6 5 
14 6 11 16 13 10 7 15 5 2 8 0 4 9 12 3 
12 11 0 9 13 6 15 10 5 14 7 3 16 4 1 8 
15 5 12 1 14 8 11 4 9 10 0 13 6 7 2 16 
7 15 3 16 0 1 10 6 12 5 2 11 14 13 8 9 
11 6 9 7 4 12 1 15 2 14 10 16 8 3 13 0 
11 1 3 13 8 2 0 10 14 15 16 12 4 7 5 9 
13 11 8 10 9 6 1 14 3 12 15 2 16 4 0 5 
1 12 13 0 11 14 10 16 4 5 6 3 7 9 15 2 
5 7 13 1 2 11 6 4 12 3 14 10 15 16 8 0 
14 3 6 12 13 11 15 9 1 2 7 4 8 5 0 16 
12 10 7 14 0 4 2 15 8 3 5 6 1 13 9 16 
2 4 13 5 11 14 15 8 6 10 7 0 9 16 3 1 
0 4 7 10 3 11 1 14 8 6 15 9 5 16 2 12 
12 5 6 13 0 11 2 15 1 7 8 10 4 9 16 3 
3 2 7 8 16 12 11 0 6 4 1 14 13 5 9 10 
11 5 9 10 6 14 2 15 7 12 13 4 3 1 0 8 
