12 13 10 5 11 8 9 1 16 4 7 14 3 6 2 15 
0 9 10 16 12 13 8 7 14 3 11 15 5 2 6 4 
1 5 8 12 13 6 7 15 3 4 10 14 9 16 11 0 
14 13 7 11 16 4 9 12 10 1 2 15 5 6 0 8 
12 7 16 8 5 11 10 1 9 15 13 0 6 2 14 3 
2 8 6 16 3 4 11 15 1 12 13 10 14 9 7 0 
13 11 1 14 8 2 5 10 12 4 3 16 9 7 0 15 
5 6 1 14 0 8 15 2 12 16 4 13 3 11 10 9 
6 15 11 12 1 0 7 10 4 9 3 16 2 5 14 13 
13 10 11 7 12 15 3 16 14 2 5 0 4 1 8 6 
16 13 2 14 9 12 5 3 1 6 4 7 15 0 8 11 
2 9 12 8 14 0 16 7 4 6 5 1 13 10 3 15 
15 3 1 14 8 7 16 4 2 6 0 11 9 5 13 10 
4 9 3 14 2 5 8 6 16 0 7 12 11 10 1 15 
8 6 15 2 9 13 12 1 5 11 7 0 4 10 16 3 
3 13 14 5 16 2 0 11 12 9 4 7 6 1 8 10 
1 11 6 9 14 2 13 8 10 15 3 0 4 5 7 12 
