1 4 2 15 6 14 9 3 13 12 16 7 11 10 8 5 
3 0 12 8 4 10 2 5 9 6 7 11 16 15 13 14 
10 15 14 1 7 13 3 16 9 4 5 8 12 6 11 0 
5 6 8 11 10 4 16 12 7 15 1 9 14 2 0 13 
7 0 12 10 1 15 11 9 5 14 6 13 8 2 3 16 
12 6 2 9 11 7 3 16 14 10 0 13 4 1 15 8 
5 1 10 0 3 7 11 14 12 4 9 2 15 16 13 8 
9 1 10 5 13 12 3 2 16 11 6 0 15 4 8 14 
12 7 16 11 13 9 10 15 2 4 5 14 6 0 1 3 
15 3 5 8 12 2 10 16 13 4 11 6 7 0 1 14 
3 15 8 12 2 13 1 14 11 5 16 7 4 0 9 6 
10 6 5 9 4 14 15 2 13 8 12 16 7 1 3 0 
7 10 0 5 13 4 3 16 15 6 8 11 14 1 9 2 
14 3 4 10 5 0 15 2 7 6 12 9 16 1 11 8 
0 2 8 11 10 13 4 1 16 6 5 12 9 7 3 15 
6 14 3 2 16 1 11 0 8 7 13 12 10 9 5 4 
3 1 9 11 10 8 2 15 7 12 0 13 5 4 14 6 
