12 10 15 5 4 8 14 1 16 13 6 7 11 9 3 2 
7 6 10 0 11 4 8 12 9 13 14 16 5 3 15 2 
1 8 0 13 12 3 7 6 9 15 10 14 4 11 16 5 
9 7 16 5 8 14 4 12 11 1 2 13 6 10 15 0 
13 16 7 12 1 11 5 10 9 15 8 0 3 14 6 2 
13 6 15 7 4 8 14 3 10 1 11 12 9 2 0 16 
1 9 11 0 2 5 4 10 12 14 16 3 7 8 15 13 
0 12 14 1 2 6 8 5 4 13 16 3 10 9 15 11 
0 11 14 1 10 16 12 15 7 4 9 3 5 2 6 13 
10 7 8 2 5 12 1 14 11 15 0 13 6 4 16 3 
11 6 9 16 4 12 5 13 2 7 14 1 0 8 3 15 
12 14 8 9 0 16 7 6 4 2 5 3 15 13 10 1 
6 1 15 2 16 4 7 8 0 14 3 11 10 9 13 5 
0 9 3 12 2 11 16 5 1 6 4 15 7 10 14 8 
7 15 11 8 13 1 9 12 3 0 5 6 16 4 10 2 
9 2 3 16 13 12 14 1 7 0 5 4 11 6 8 10 
6 11 8 7 13 2 1 14 10 3 15 9 0 5 12 4 
