14 5 11 10 13 7 15 8 9 2 6 16 4 3 12 1 
15 11 3 16 12 7 5 13 14 8 4 2 10 9 6 0 
13 9 14 1 5 11 8 6 4 0 3 16 10 7 12 15 
6 12 0 13 11 4 14 16 5 9 2 15 1 8 7 10 
7 3 15 0 11 2 8 9 14 12 16 13 6 1 5 10 
8 4 10 12 6 15 11 13 9 7 1 16 3 2 14 0 
12 2 1 14 7 11 4 9 10 0 16 15 5 8 13 3 
0 10 1 14 2 6 13 3 11 8 5 16 15 4 12 9 
9 12 3 7 15 14 6 4 1 5 0 16 11 2 10 13 
11 2 0 12 3 1 6 8 5 10 14 15 4 13 7 16 
5 12 2 16 1 11 4 3 9 14 7 6 15 8 0 13 
3 8 14 12 0 6 10 4 1 5 9 13 16 7 15 2 
3 14 7 5 1 6 15 2 16 9 10 8 11 4 13 0 
12 11 1 15 4 7 2 5 6 10 3 16 14 8 0 9 
11 0 1 7 2 13 4 10 15 9 5 3 8 16 6 12 
8 2 0 7 9 10 11 3 13 16 1 14 12 6 5 4 
13 3 2 10 11 14 7 6 1 4 8 15 5 0 9 12 
