8 6 2 15 5 13 10 9 4 7 1 11 12 14 16 3 
3 12 9 7 11 8 13 16 2 10 6 0 14 15 5 4 
10 1 6 8 15 13 9 14 12 4 5 7 0 11 3 16 
7 8 5 12 16 2 4 10 11 9 6 14 1 15 13 0 
16 12 7 15 1 0 8 11 3 2 10 14 9 13 5 6 
4 2 0 13 7 11 14 10 6 12 16 1 8 15 9 3 
2 12 14 1 0 15 11 5 10 9 4 16 8 13 3 7 
2 12 5 10 11 13 8 16 4 3 15 1 9 14 6 0 
7 10 14 15 16 2 5 1 3 6 13 11 12 4 0 9 
14 5 16 8 11 6 12 4 15 10 3 1 7 2 0 13 
14 11 7 2 12 4 15 13 3 0 9 8 6 1 5 16 
2 12 9 1 4 0 10 8 16 14 6 15 13 3 7 5 
7 0 15 10 2 13 3 6 5 4 14 1 11 16 8 9 
15 6 16 0 12 11 1 14 3 5 8 10 2 9 7 4 
1 13 15 7 2 11 16 3 10 12 9 8 0 4 5 6 
7 6 8 4 14 0 3 12 9 11 5 2 1 16 10 13 
13 12 10 6 5 3 2 15 8 14 4 11 0 7 9 1 
