7 4 11 8 13 1 6 16 2 10 14 3 9 5 15 12 
6 8 15 10 4 3 13 12 2 14 7 0 5 11 16 9 
5 7 6 14 10 13 4 15 3 11 1 9 12 16 8 0 
0 9 1 10 5 11 7 4 8 6 2 16 13 12 14 15 
11 1 12 8 15 5 0 7 2 16 14 6 10 13 3 9 
13 0 15 2 8 7 16 3 1 4 9 6 12 10 11 14 
11 13 16 3 14 4 2 9 12 0 7 1 5 8 15 10 
9 6 8 0 11 10 2 15 3 12 5 13 4 16 14 1 
1 5 13 2 12 7 3 16 6 15 9 14 4 0 10 11 
2 1 12 7 8 10 15 3 16 5 4 14 11 6 0 13 
14 8 3 5 4 13 7 9 0 15 16 1 2 6 12 11 
7 1 3 2 14 9 13 0 5 10 16 12 8 6 4 15 
6 3 5 1 15 10 7 9 16 4 2 14 11 8 13 0 
16 11 15 9 8 1 5 2 0 14 3 4 7 12 6 10 
16 5 0 10 7 13 2 8 1 15 4 12 6 3 11 9 
5 12 2 11 8 13 14 1 16 10 9 7 6 3 4 0 
3 0 15 2 5 6 10 13 8 9 4 12 7 11 14 1 
