10 13 9 16 1 3 6 8 7 14 4 5 12 11 2 15 
16 12 9 0 10 11 8 13 15 14 3 7 2 6 4 5 
1 16 5 8 13 7 6 15 4 14 9 10 11 3 0 12 
14 12 7 5 4 10 16 2 15 13 1 9 11 0 8 6 
12 8 0 10 1 5 6 11 13 7 9 15 2 14 3 16 
2 6 16 8 11 4 3 13 10 12 1 14 7 0 9 15 
5 9 1 10 8 13 2 11 12 4 3 16 15 7 14 0 
4 2 1 5 8 13 15 3 11 6 0 16 9 12 14 10 
4 15 6 11 7 13 2 9 12 5 10 1 14 0 16 3 
5 0 11 10 16 3 2 15 12 13 14 1 6 7 4 8 
16 15 6 13 12 3 9 5 7 14 4 2 11 0 8 1 
9 12 2 8 16 7 15 14 1 5 13 4 10 0 6 3 
15 11 0 1 9 4 16 6 8 10 3 2 14 5 7 13 
3 14 4 9 2 5 6 0 7 16 12 8 11 15 1 10 
6 12 15 2 1 13 9 4 11 0 8 5 10 7 3 16 
13 14 5 3 0 2 16 11 12 9 4 7 8 10 1 6 
10 3 1 11 15 4 14 8 2 9 0 6 5 12 7 13 
