13 12 16 10 11 9 8 1 4 7 14 5 6 3 15 2 
10 16 0 9 8 12 13 7 11 14 15 3 5 4 6 2 
1 12 5 8 6 13 15 7 14 10 4 3 11 9 0 16 
11 7 1 14 9 4 12 16 10 13 15 2 6 0 5 8 
8 7 16 12 10 5 11 1 15 9 13 0 3 6 14 2 
16 2 8 6 4 11 15 3 12 1 10 13 0 7 9 14 
9 13 1 10 8 11 5 2 4 12 16 3 14 7 0 15 
1 15 6 5 8 2 14 13 12 0 4 16 3 11 10 9 
15 12 11 6 0 10 7 1 9 4 13 16 2 14 5 3 
11 10 13 7 15 5 16 3 12 0 14 2 4 6 1 8 
16 13 15 2 12 5 3 9 4 1 6 7 0 11 8 14 
9 2 8 12 16 0 14 7 13 4 1 5 3 10 15 6 
3 10 1 15 6 4 9 16 2 8 0 11 7 14 13 5 
14 4 3 9 5 6 2 8 12 7 0 16 11 1 15 10 
7 6 2 15 13 10 1 9 8 5 0 11 12 4 3 16 
14 3 5 13 16 0 11 2 12 9 7 4 10 8 6 1 
9 11 10 6 13 8 2 14 1 15 0 3 7 12 4 5 
