2 4 12 11 6 13 9 1 7 16 10 5 3 14 8 15 
0 15 12 9 2 10 11 3 16 8 13 7 14 4 6 5 
7 12 10 4 5 11 8 13 0 1 16 3 15 14 9 6 
9 8 5 11 7 2 14 1 6 4 13 0 12 16 10 15 
6 14 16 11 12 5 13 3 2 9 8 1 7 0 10 15 
10 11 1 14 8 16 2 15 6 12 0 3 4 7 13 9 
7 2 11 14 8 1 10 9 12 16 0 5 13 15 4 3 
16 10 13 14 6 5 9 2 11 3 12 0 15 4 1 8 
12 4 16 1 9 3 6 10 7 11 13 15 2 14 5 0 
14 8 13 0 4 5 15 3 10 2 1 11 7 16 12 6 
7 9 1 6 12 13 2 15 0 5 16 3 14 11 8 4 
14 5 12 10 2 15 6 1 8 3 13 4 16 0 7 9 
15 11 6 8 0 4 7 10 9 14 16 3 13 2 1 5 
11 12 9 7 14 15 0 10 5 6 8 1 2 4 3 16 
8 3 0 2 16 7 6 4 5 9 15 11 12 1 10 13 
7 5 10 3 12 9 13 14 8 1 0 16 6 4 2 11 
6 11 0 13 5 12 14 1 10 7 2 15 3 4 9 8 
