6 15 12 8 9 13 10 2 1 7 11 4 14 5 16 3 
7 9 5 15 10 13 11 16 2 0 8 12 6 14 4 3 
1 6 10 8 13 9 14 15 7 0 4 16 3 11 5 12 
2 13 12 4 7 14 10 5 11 16 6 0 9 15 1 8 
15 14 12 7 8 11 0 1 9 10 16 3 5 13 6 2 
4 2 8 14 7 10 11 0 16 12 9 6 13 15 1 3 
9 8 2 16 5 0 15 11 10 4 14 1 3 12 13 7 
10 2 12 5 16 9 8 11 15 4 3 1 6 14 0 13 
10 12 2 15 16 5 1 14 3 11 6 7 9 4 0 13 
11 14 2 4 8 5 3 16 7 13 6 1 12 10 15 0 
11 6 2 15 13 8 14 5 7 3 4 12 1 0 9 16 
4 9 8 7 0 14 2 3 15 12 6 16 10 1 5 13 
0 15 14 7 5 2 16 4 6 1 10 9 3 13 8 11 
5 9 14 6 11 1 12 0 15 10 3 8 2 16 7 4 
16 15 11 13 7 2 9 3 12 5 1 8 10 0 6 4 
10 7 6 3 0 8 14 2 4 5 9 11 16 13 1 12 
7 4 6 8 3 9 15 2 10 11 12 14 5 1 13 0 
