6 13 14 16 15 1 3 9 4 12 5 7 8 2 10 11 
0 11 6 12 16 8 10 2 15 5 7 3 9 4 13 14 
5 8 16 1 7 15 6 13 9 14 4 10 12 3 0 11 
14 1 5 7 4 12 10 16 6 13 9 15 0 11 8 2 
8 0 12 10 1 6 11 5 7 14 9 15 2 13 3 16 
8 16 9 6 4 3 11 13 12 10 1 14 7 0 2 15 
5 9 1 10 13 2 8 11 12 4 3 16 7 15 0 14 
5 10 1 8 2 13 12 3 6 11 0 16 4 15 9 14 
4 12 11 3 2 9 13 7 1 5 10 6 15 14 0 16 
6 10 11 5 3 16 2 15 12 13 1 14 8 4 0 7 
6 12 0 15 9 13 5 3 11 2 7 16 4 8 14 1 
9 2 5 1 15 14 7 4 13 16 12 8 3 6 0 10 
11 1 0 15 16 6 4 9 2 8 10 3 5 13 14 7 
3 4 14 9 6 0 15 2 12 7 16 8 1 5 11 10 
12 0 15 2 4 1 9 13 11 8 6 5 7 10 3 16 
13 3 14 5 0 2 16 11 9 12 7 4 10 1 8 6 
1 3 11 10 8 14 15 2 0 6 9 7 4 5 13 12 
