12 10 5 13 16 1 8 9 4 14 7 11 3 6 2 15 
16 0 11 9 7 13 8 12 10 3 14 15 5 6 2 4 
8 1 0 12 13 15 6 7 3 4 14 10 11 5 9 16 
14 7 8 4 12 9 16 5 13 1 15 2 10 0 11 6 
13 12 16 7 5 1 11 10 8 15 0 9 2 3 6 14 
6 2 16 8 3 4 15 14 1 10 12 13 7 11 0 9 
11 9 1 14 10 5 13 2 0 12 16 3 8 15 4 7 
0 6 14 1 5 8 2 15 13 12 4 16 9 11 3 10 
11 6 12 15 1 7 0 10 4 9 3 16 5 2 14 13 
10 13 7 11 15 12 3 16 5 0 2 14 1 4 8 6 
16 9 2 14 12 13 5 3 7 4 6 1 15 0 8 11 
9 2 12 8 14 16 7 0 1 4 5 3 13 10 15 6 
15 3 1 14 4 7 16 8 11 2 6 0 13 9 5 10 
14 7 3 9 6 8 5 2 12 4 16 0 11 15 10 1 
6 8 15 3 12 13 9 1 0 5 11 7 4 10 2 16 
5 14 3 13 16 0 2 11 4 9 12 7 6 1 10 8 
9 6 1 11 14 8 13 2 10 15 3 0 7 5 12 4 
