9 3 5 13 6 8 14 16 12 7 10 11 1 4 15 2 
16 11 0 12 6 13 14 4 8 15 3 7 10 9 5 2 
13 14 6 4 5 11 3 8 0 16 12 10 15 9 7 1 
10 9 14 1 5 4 13 15 7 16 2 11 12 0 8 6 
7 15 8 16 2 5 13 0 6 12 1 14 9 10 3 11 
7 6 10 15 12 1 11 2 4 9 3 13 14 16 0 8 
16 4 13 14 10 7 2 15 0 12 1 5 11 3 8 9 
16 1 6 2 4 5 0 13 9 3 8 15 14 11 12 10 
3 0 15 2 9 1 7 11 10 16 12 14 4 6 13 5 
11 0 15 6 16 10 1 12 8 4 2 3 14 7 13 5 
4 13 6 15 5 12 11 9 3 2 0 8 16 7 14 1 
8 10 1 7 13 9 16 3 5 12 0 14 6 4 15 2 
4 6 15 1 2 14 10 7 16 8 0 13 5 3 11 9 
11 0 1 14 4 5 15 6 8 2 12 9 7 10 16 3 
15 4 9 1 7 10 8 2 5 6 0 13 11 12 16 3 
2 4 9 1 3 12 0 7 16 11 10 8 6 5 14 13 
13 3 15 2 6 1 7 11 4 9 5 8 0 12 14 10 
