5 10 2 15 16 4 13 8 7 9 3 11 12 6 1 14 
14 2 13 16 11 0 5 12 8 7 15 6 10 9 3 4 
5 9 1 14 6 12 4 3 8 11 10 16 7 15 0 13 
9 5 13 10 4 15 11 14 16 12 2 7 0 8 1 6 
13 11 5 14 1 0 15 2 6 16 10 9 12 7 3 8 
2 12 8 10 0 11 16 3 7 9 1 14 4 6 13 15 
1 11 8 7 2 5 0 4 13 3 14 15 10 9 12 16 
2 3 10 1 6 9 0 5 11 4 14 12 8 16 13 15 
14 15 10 12 3 13 6 2 0 7 9 4 5 1 11 16 
14 11 2 6 15 0 16 12 10 13 4 1 7 5 3 8 
11 3 1 15 5 6 12 13 16 4 14 7 8 0 9 2 
4 10 0 7 16 9 6 15 12 13 1 2 5 3 14 8 
10 1 13 7 4 11 2 15 8 0 14 9 6 5 3 16 
8 5 12 4 6 7 10 11 9 3 2 15 16 0 1 14 
12 7 15 5 1 4 3 16 6 10 13 0 11 2 8 9 
16 7 5 2 0 10 3 14 4 8 6 1 12 11 13 9 
9 4 1 12 5 15 8 10 14 7 2 6 11 3 0 13 
