14 13 3 5 7 8 12 9 2 4 16 11 15 6 1 10 
10 7 5 12 8 9 15 2 14 6 0 13 11 4 16 3 
5 10 14 1 4 16 12 9 11 15 13 8 6 3 0 7 
2 11 14 1 15 9 16 8 6 4 13 0 12 7 10 5 
1 16 2 15 14 0 11 10 8 9 6 13 5 3 12 7 
14 9 6 12 1 0 8 2 11 4 3 13 16 7 10 15 
1 9 4 12 0 3 11 2 13 14 10 5 16 15 8 7 
11 0 15 14 1 2 16 8 12 5 6 10 9 3 4 13 
12 0 5 7 9 16 2 15 11 13 4 3 10 6 14 1 
11 5 1 14 3 4 10 13 16 6 2 15 7 0 12 8 
16 8 14 1 7 12 6 5 0 3 2 15 13 11 4 9 
0 12 2 14 9 15 4 16 6 13 1 8 3 5 10 7 
2 4 3 13 5 11 14 16 1 6 8 10 7 15 9 0 
2 16 1 8 9 4 15 12 6 11 3 14 10 7 0 5 
10 1 16 2 15 11 12 4 13 8 3 5 7 0 6 9 
14 9 10 4 0 12 7 6 11 13 5 3 2 8 1 16 
0 7 9 1 12 13 2 6 15 4 3 8 11 14 10 5 
