14 3 8 11 10 12 2 16 6 5 4 13 15 1 7 9 
3 4 2 8 0 12 11 15 13 9 16 10 7 14 6 5 
0 6 8 10 7 9 3 13 16 4 15 14 5 1 11 12 
16 5 10 7 6 15 1 8 4 12 9 2 14 11 0 13 
8 5 12 3 0 16 15 2 9 7 14 1 6 11 13 10 
0 12 7 8 15 10 11 4 9 16 6 1 14 13 2 3 
9 11 3 4 0 2 16 1 14 10 12 8 5 13 7 15 
2 9 11 6 12 10 1 13 16 14 8 4 3 15 5 0 
11 10 7 2 15 13 14 1 0 9 4 5 12 6 3 16 
7 14 12 2 13 11 16 1 10 4 15 3 8 5 6 0 
14 9 6 13 11 0 2 15 4 12 3 1 7 5 8 16 
2 13 8 7 5 9 16 3 15 10 12 14 6 4 1 0 
3 1 0 7 6 16 15 14 8 4 13 10 11 5 2 9 
16 12 11 8 2 1 4 5 6 3 15 7 10 9 14 0 
4 11 6 7 5 15 12 9 10 8 2 1 0 13 16 3 
11 7 4 16 10 8 1 3 6 14 5 2 12 13 0 9 
4 12 0 7 6 3 2 10 8 9 15 13 5 11 14 1 
