4 9 2 15 5 16 7 14 12 10 1 6 13 11 8 3 
11 2 9 12 4 13 14 15 0 6 10 8 5 7 3 16 
14 11 7 3 5 10 4 12 1 9 0 15 16 8 13 6 
7 16 4 9 15 8 1 5 10 2 13 0 11 14 6 12 
1 9 11 6 2 10 12 14 5 0 15 7 13 8 16 3 
9 13 1 14 15 4 3 8 2 7 10 16 12 11 0 6 
10 16 4 14 3 0 7 1 12 13 5 8 9 11 15 2 
2 10 0 5 1 4 13 15 9 8 3 16 11 12 6 14 
13 11 12 14 1 6 15 5 4 7 16 3 9 0 10 2 
4 2 0 7 13 10 5 1 14 11 6 12 16 3 15 8 
3 5 8 7 14 2 0 9 13 4 12 15 16 6 1 11 
7 1 0 9 12 2 10 14 16 5 6 8 15 13 3 4 
0 6 15 3 13 7 8 10 16 4 1 5 11 14 2 9 
4 15 9 12 11 6 14 1 16 0 7 2 8 10 3 5 
1 15 3 16 12 4 6 11 5 8 2 9 7 10 0 13 
11 10 0 14 13 3 4 12 8 5 2 9 6 7 1 16 
6 10 12 14 15 8 3 5 13 7 4 1 0 2 9 11 
