2 11 6 9 5 3 1 13 16 14 4 10 12 15 8 7 
16 11 4 2 10 6 0 9 15 7 3 13 5 12 8 14 
6 14 9 4 7 12 8 1 10 13 3 16 15 0 5 11 
7 8 12 15 6 4 16 1 14 13 5 10 2 0 11 9 
11 8 14 1 10 15 13 0 6 2 16 3 7 12 5 9 
16 9 8 1 7 4 12 14 15 0 11 3 10 6 13 2 
0 9 16 1 2 4 8 11 3 5 10 14 7 15 12 13 
5 1 13 12 2 11 4 16 3 0 14 6 8 9 10 15 
4 6 16 11 2 0 14 1 12 13 7 3 9 5 10 15 
2 12 1 14 4 13 16 3 11 7 15 5 6 10 0 8 
9 1 6 8 13 5 4 11 7 0 15 12 14 2 16 3 
7 12 8 13 3 0 5 4 1 10 9 15 6 14 2 16 
0 1 3 16 13 5 7 10 15 11 14 4 9 2 6 8 
12 9 0 1 16 6 11 8 14 4 15 2 3 10 7 5 
7 3 0 5 10 4 16 13 6 11 2 9 15 8 1 12 
3 14 4 13 16 12 1 2 11 6 0 10 7 5 8 9 
12 14 4 2 3 1 10 13 15 8 0 6 5 9 7 11 
