9 6 2 11 3 13 10 5 1 7 4 15 14 12 16 8 
2 11 4 16 6 9 10 0 3 7 13 14 5 12 15 8 
4 9 14 6 12 1 8 7 10 13 3 16 0 5 11 15 
8 15 7 12 16 6 1 4 13 14 10 5 9 2 11 0 
8 12 14 1 15 10 0 13 6 2 3 16 9 7 5 11 
9 1 16 8 14 4 13 12 3 10 11 15 0 7 2 6 
1 16 9 0 4 2 8 11 14 3 10 5 15 7 12 13 
1 12 13 5 4 2 11 16 6 0 14 3 9 15 10 8 
6 16 4 11 2 0 14 1 7 12 3 13 5 15 9 10 
13 12 14 1 2 4 3 16 7 15 5 11 10 0 8 6 
9 8 1 6 5 11 4 13 7 12 15 0 2 14 16 3 
12 7 13 8 3 4 5 0 1 15 9 10 6 2 16 14 
0 1 16 3 5 7 10 13 4 15 11 14 2 8 6 9 
12 1 0 9 11 16 14 8 6 4 15 2 3 10 7 5 
6 0 5 3 13 10 4 16 7 9 2 11 8 1 12 15 
14 3 13 4 16 2 12 1 0 6 11 10 7 5 9 8 
4 12 14 2 3 10 1 13 0 6 15 8 11 7 9 5 
