5 13 12 8 7 1 11 15 14 10 16 6 3 4 2 9 
14 10 6 7 12 4 11 5 16 2 13 0 3 8 15 9 
4 6 0 13 7 12 16 3 10 8 15 5 9 11 14 1 
2 7 5 0 15 8 14 4 13 9 11 6 16 1 10 12 
12 7 8 13 5 11 1 15 16 9 0 10 14 6 2 3 
4 13 15 1 11 10 14 8 12 6 3 0 2 7 9 16 
11 9 0 1 2 4 5 16 10 15 12 14 3 7 8 13 
0 4 15 2 8 6 3 16 5 10 12 11 13 9 14 1 
14 11 0 13 15 9 12 3 4 10 16 7 2 5 6 1 
10 14 4 6 11 13 3 1 0 15 8 5 16 7 2 12 
6 12 2 11 7 4 13 9 5 1 16 3 0 14 8 15 
15 10 12 0 9 2 8 1 14 5 3 13 4 16 6 7 
6 1 2 15 0 4 5 16 3 8 13 11 7 9 10 14 
0 14 16 3 4 2 10 12 6 9 15 5 1 7 8 11 
16 4 8 10 1 12 11 7 3 6 0 5 9 13 15 2 
3 8 13 2 9 14 12 16 11 0 7 6 5 1 4 10 
10 9 8 0 13 11 5 2 3 6 1 15 14 7 4 12 
