13 6 12 7 5 14 10 16 8 2 4 1 3 11 15 9 
13 4 5 10 16 15 6 11 2 7 0 3 12 8 14 9 
3 15 8 1 14 7 0 16 5 4 11 9 6 12 13 10 
9 13 1 14 8 4 12 7 16 0 5 15 10 2 11 6 
7 15 1 14 8 6 13 0 5 16 10 11 9 12 2 3 
8 1 6 0 4 10 12 14 11 9 13 7 16 3 15 2 
13 1 9 2 5 4 3 7 10 12 0 15 16 8 14 11 
15 10 16 9 3 4 13 0 5 1 11 12 8 14 2 6 
3 0 1 10 14 15 5 7 11 13 2 12 16 6 4 9 
4 14 6 3 1 16 7 12 11 10 15 2 5 8 0 13 
3 9 5 12 0 4 1 11 14 6 8 15 7 16 2 13 
13 14 10 3 8 16 4 15 1 5 2 12 0 9 6 7 
8 10 16 3 0 9 11 14 6 5 7 1 4 13 15 2 
8 5 6 2 12 4 16 0 3 11 1 14 15 9 10 7 
9 16 4 6 1 15 3 13 0 10 2 5 12 11 7 8 
8 10 1 9 6 12 3 16 7 11 2 0 13 4 14 5 
15 3 5 6 4 1 10 7 0 2 14 12 9 8 11 13 
