15 3 14 7 11 10 8 1 12 9 4 6 13 2 5 16 
9 13 5 7 16 12 8 14 15 6 0 3 10 11 2 4 
15 12 16 0 6 11 8 5 10 14 7 9 1 13 3 4 
7 2 6 16 8 4 14 9 15 10 11 13 12 1 0 5 
1 5 13 6 8 16 7 10 9 11 14 15 0 3 12 2 
4 7 0 11 9 12 14 1 10 6 16 3 13 8 2 15 
15 7 8 12 4 0 9 16 13 10 1 2 5 11 3 14 
8 2 4 5 0 12 15 10 1 9 6 11 14 13 16 3 
12 14 5 10 7 6 4 15 11 1 0 2 9 13 16 3 
6 7 14 1 4 5 12 3 16 2 10 0 13 15 8 11 
9 13 8 1 14 11 0 16 2 7 3 12 15 4 5 6 
9 5 15 2 3 14 1 13 0 8 6 10 12 7 16 4 
14 6 13 4 11 7 10 2 9 15 16 3 1 0 5 8 
7 3 8 0 4 11 1 16 14 6 2 15 9 10 5 12 
16 5 1 15 8 3 2 4 6 10 9 0 13 7 12 11 
6 3 11 12 1 9 7 2 16 5 8 14 4 10 13 0 
2 12 13 6 11 3 9 8 1 15 4 10 14 0 5 7 
