3 2 13 14 12 6 9 7 15 16 4 8 1 11 5 10 
4 8 3 16 15 6 7 5 11 9 14 0 13 2 10 12 
6 14 10 16 13 9 5 4 12 3 1 15 0 7 8 11 
11 7 15 4 2 6 5 12 16 1 13 0 9 8 14 10 
9 15 1 6 14 10 2 7 5 16 12 0 11 8 13 3 
2 8 6 1 7 9 10 16 11 15 0 13 12 14 3 4 
15 12 14 5 11 7 9 13 16 4 1 10 2 3 8 0 
14 15 0 16 3 10 9 11 4 5 1 2 12 6 13 8 
1 13 6 10 2 5 0 7 3 14 15 9 16 11 12 4 
5 8 6 11 7 2 3 16 12 0 1 14 10 15 4 13 
1 11 16 12 9 4 2 8 0 15 6 3 5 7 14 13 
14 16 5 13 1 8 15 2 4 6 0 9 7 10 12 3 
8 5 16 9 11 10 2 15 3 13 7 1 14 6 0 4 
7 4 1 14 3 11 6 5 9 16 2 15 8 0 12 10 
9 1 7 0 10 8 15 5 4 11 2 12 13 6 16 3 
2 12 13 9 10 5 3 0 8 11 14 1 6 4 16 7 
3 1 9 5 10 4 0 13 15 12 7 8 2 14 6 11 
