5 13 10 7 15 1 8 3 2 6 16 4 14 9 12 11 
16 6 13 4 9 12 14 5 2 10 7 3 11 8 15 0 
8 15 12 9 7 6 13 10 16 5 1 4 11 14 3 0 
0 15 14 8 13 9 2 6 7 5 1 10 4 12 11 16 
6 11 0 14 9 15 8 1 12 13 16 2 10 5 7 3 
11 14 0 8 1 3 15 2 12 7 9 10 13 4 6 16 
9 10 3 16 15 1 11 8 4 12 13 2 5 7 0 14 
15 5 11 10 13 2 1 12 8 9 3 6 14 16 4 0 
4 16 13 10 6 7 3 14 2 9 5 11 15 0 12 1 
8 10 6 3 5 14 2 4 1 13 12 16 11 7 0 15 
1 8 4 2 6 13 16 3 14 12 7 5 15 0 11 9 
16 12 6 9 13 4 7 10 0 1 2 3 8 15 5 14 
15 7 5 0 13 4 10 16 8 9 11 14 3 1 6 2 
9 11 14 12 16 15 1 8 4 10 2 6 5 7 0 3 
7 13 12 5 0 4 16 3 9 1 15 11 8 10 6 2 
4 8 12 5 2 10 6 13 1 7 16 3 9 11 0 14 
10 7 15 12 11 5 13 4 0 2 1 3 6 14 8 9 
