13 1 2 4 9 14 3 6 12 7 15 16 8 5 10 11 
8 3 0 12 4 2 10 5 7 6 9 11 13 16 14 15 
15 10 14 1 7 13 3 16 5 9 8 4 0 12 6 11 
5 4 8 6 11 10 16 12 9 15 1 7 2 14 0 13 
0 11 7 3 10 1 15 9 5 13 14 6 12 16 8 2 
12 9 6 2 11 7 3 16 10 0 13 14 4 1 15 8 
5 10 0 1 7 11 3 14 2 4 12 9 16 15 8 13 
9 1 5 10 13 2 3 12 11 6 16 0 14 4 15 8 
7 16 12 11 9 15 13 10 5 4 14 2 0 6 1 3 
1 5 8 15 16 2 14 10 4 6 12 11 7 3 0 13 
8 3 15 12 13 2 14 1 11 5 16 7 9 0 6 4 
10 9 5 6 4 14 15 2 13 16 12 8 3 7 0 1 
5 7 1 0 4 13 16 3 8 6 15 11 14 10 9 2 
10 4 16 3 0 5 2 15 12 6 7 9 8 11 14 1 
11 8 2 0 1 3 13 10 6 16 5 12 15 4 9 7 
6 3 14 2 16 0 11 1 4 8 12 7 13 9 10 5 
1 3 11 9 10 8 2 14 7 12 0 13 6 4 15 5 
