8 12 6 15 10 2 13 9 1 11 4 7 5 14 3 16 
15 5 7 9 16 10 11 13 12 0 2 8 14 4 6 3 
6 8 10 1 13 14 15 9 16 4 0 7 5 12 11 3 
12 4 2 13 10 5 14 7 0 16 6 11 9 15 8 1 
12 14 15 7 8 11 1 0 10 9 3 16 13 2 6 5 
2 8 4 14 11 10 7 0 6 12 16 9 15 3 1 13 
2 16 9 8 15 0 11 5 4 10 1 14 3 7 13 12 
12 5 2 10 11 16 8 9 4 3 1 15 14 6 0 13 
12 10 2 15 16 7 1 14 5 11 3 6 9 4 0 13 
6 2 11 14 5 8 3 16 4 13 7 1 10 0 12 15 
6 11 2 15 13 14 8 5 7 4 3 12 16 9 1 0 
9 4 7 8 14 3 2 0 15 16 12 6 13 5 1 10 
0 14 15 7 2 16 4 5 10 9 1 6 3 8 11 13 
0 6 9 5 12 11 1 14 8 10 3 15 4 7 2 16 
16 11 13 15 7 2 3 9 12 5 8 1 10 4 0 6 
10 7 6 3 0 2 8 14 9 11 5 4 13 1 16 12 
13 4 6 8 9 3 15 2 10 14 12 11 7 5 1 0 
