3 15 12 7 4 11 14 1 9 5 8 16 10 2 6 13 
14 0 2 15 5 11 12 3 6 10 13 4 7 16 9 8 
16 5 6 9 8 7 10 14 4 3 11 12 1 15 0 13 
0 14 2 15 11 4 13 12 1 7 16 5 6 8 10 9 
10 9 2 16 8 1 6 13 11 5 12 3 7 15 0 14 
10 6 3 13 15 4 16 1 12 11 0 2 8 9 14 7 
0 8 1 14 4 15 16 3 11 5 13 10 12 7 2 9 
0 14 2 11 10 1 12 13 8 6 16 5 3 4 9 15 
5 6 12 16 10 15 1 7 2 0 14 9 11 4 3 13 
0 15 1 14 5 4 11 3 16 12 8 13 6 7 2 10 
1 11 4 6 9 7 12 2 15 14 3 5 8 16 13 0 
9 5 6 16 10 3 13 12 2 8 0 14 7 15 4 1 
15 1 3 4 13 7 6 5 8 10 16 9 11 14 2 0 
0 9 2 14 4 15 6 3 1 7 10 8 12 5 16 11 
0 12 7 5 4 3 1 10 16 11 15 2 8 6 13 9 
3 11 5 12 16 6 7 9 0 2 4 14 1 10 8 13 
6 3 13 1 14 8 10 9 7 12 5 2 11 0 15 4 
