9 5 6 8 10 16 2 7 11 12 4 14 15 13 3 1 
12 0 14 6 3 5 15 2 4 9 8 10 13 11 7 16 
9 0 14 7 5 16 4 13 11 8 15 10 3 12 1 6 
6 8 2 11 1 7 9 15 10 5 4 14 12 16 13 0 
13 10 9 11 0 8 12 1 15 6 3 16 2 7 5 14 
12 11 10 3 1 7 2 15 8 4 14 16 9 6 0 13 
4 10 15 8 2 1 0 13 9 16 5 11 12 3 7 14 
8 6 11 4 13 15 3 16 0 2 9 12 5 10 14 1 
15 9 6 5 12 7 13 0 10 16 2 4 11 3 14 1 
5 11 14 1 10 2 0 8 7 15 4 16 3 13 6 12 
9 4 13 5 0 15 11 12 16 8 1 14 7 6 3 2 
15 9 1 16 2 14 0 13 7 8 3 4 10 5 12 6 
5 13 14 1 8 0 16 4 9 7 2 11 10 6 3 15 
1 6 16 0 11 3 15 2 8 7 5 9 12 10 14 4 
0 7 15 5 4 1 12 9 6 10 13 16 8 3 2 11 
10 0 3 16 5 2 9 14 12 6 7 1 13 4 11 8 
7 10 13 9 6 11 2 1 5 8 12 14 4 15 3 0 
