3 10 1 14 5 2 12 11 6 7 8 4 16 9 13 15 
14 0 3 15 10 5 2 7 13 11 4 9 8 12 6 16 
0 1 7 4 11 13 8 10 9 6 15 16 12 14 5 3 
0 7 12 15 4 5 11 8 14 13 9 10 1 2 16 6 
0 3 2 15 11 6 14 9 12 16 13 1 5 8 7 10 
10 16 6 15 11 0 9 4 12 7 14 2 3 8 13 1 
10 11 3 16 5 0 2 9 8 15 1 14 4 12 13 7 
10 11 12 1 3 9 5 13 8 4 2 15 0 14 6 16 
16 0 1 14 12 3 13 4 9 15 7 5 2 6 10 11 
14 2 16 3 4 7 1 5 13 10 12 8 6 11 0 15 
11 7 13 14 3 9 2 8 4 12 6 15 1 0 5 16 
16 13 7 5 0 9 1 15 3 4 12 10 2 8 14 6 
5 13 1 15 3 9 8 14 10 7 6 4 16 2 0 11 
11 9 10 2 0 7 16 3 6 8 5 1 4 15 14 12 
4 7 16 5 8 15 10 11 1 6 0 13 9 12 3 2 
14 7 8 3 0 10 4 16 9 12 6 13 1 5 2 11 
6 8 3 0 10 7 2 11 14 15 13 5 1 9 4 12 
