12 5 8 1 4 10 16 3 14 11 2 15 13 7 6 9 
10 8 13 2 11 5 0 6 7 15 12 14 9 4 3 16 
0 16 1 14 12 4 3 13 15 6 9 5 10 8 11 7 
4 2 14 7 8 0 15 10 13 11 6 16 9 5 12 1 
3 7 0 6 1 11 15 2 12 8 13 16 5 10 14 9 
12 2 3 16 14 15 4 7 6 1 10 0 9 8 11 13 
1 13 5 3 15 11 9 16 8 7 10 4 2 14 12 0 
9 13 10 14 4 1 6 12 11 0 8 16 5 3 2 15 
11 15 4 12 10 16 2 9 5 7 13 0 6 3 14 1 
8 0 14 3 1 16 7 15 2 6 13 4 10 12 11 5 
9 7 3 11 5 16 2 15 6 14 0 12 13 8 1 4 
10 1 7 2 8 14 6 16 9 5 0 3 12 15 4 13 
5 14 10 11 1 13 16 7 8 6 3 15 4 0 2 9 
6 10 2 15 4 0 9 1 12 3 11 7 14 8 5 16 
15 1 3 11 16 10 12 0 13 2 5 4 8 9 7 6 
9 4 11 13 10 3 1 14 8 2 12 0 16 7 5 6 
4 12 6 10 7 1 2 8 9 3 11 14 5 15 0 13 
