3 12 15 7 4 11 14 1 5 9 8 16 6 2 13 10 
2 9 0 14 12 5 16 11 4 6 10 13 8 15 7 3 
16 5 9 6 7 8 14 10 12 3 11 4 1 15 0 13 
0 11 2 15 12 4 16 13 5 7 14 1 6 10 8 9 
9 10 2 16 1 6 8 13 0 3 5 11 14 12 7 15 
6 13 3 10 1 16 15 4 11 2 0 12 8 7 14 9 
0 8 1 14 15 4 16 3 11 13 10 5 2 7 9 12 
14 0 2 11 13 1 10 12 6 9 8 16 3 15 5 4 
5 16 6 12 1 10 15 7 9 2 14 0 13 4 11 3 
15 1 0 16 11 3 5 4 13 8 14 12 7 10 6 2 
4 1 0 11 2 12 7 9 3 5 13 14 6 15 8 16 
9 6 16 5 13 3 12 10 0 8 2 4 7 15 1 14 
4 15 3 0 5 6 7 13 10 16 8 9 11 2 14 1 
0 9 2 14 4 3 6 15 8 1 10 7 16 5 12 11 
7 5 12 16 3 4 1 10 0 11 2 15 6 13 8 9 
5 3 12 11 7 6 16 9 14 4 2 0 10 13 1 8 
13 3 1 6 8 14 10 9 5 2 7 12 15 0 11 4 
