10 15 16 3 4 13 14 2 9 12 8 7 1 11 6 5 
14 11 6 16 7 10 13 15 0 8 2 5 4 9 3 12 
11 9 0 12 15 13 6 10 14 7 5 3 8 16 1 4 
15 1 5 12 8 14 4 11 9 10 0 13 7 6 2 16 
7 15 16 3 10 0 6 1 12 5 2 11 8 13 9 14 
11 6 7 9 12 1 15 4 2 10 16 14 3 8 13 0 
3 11 1 13 10 0 2 8 14 15 16 12 4 9 5 7 
8 13 10 11 6 9 1 14 12 3 2 15 16 5 4 0 
12 1 0 13 10 14 11 16 6 3 4 5 9 7 2 15 
7 1 13 5 2 6 11 4 12 3 10 14 8 16 15 0 
6 3 12 14 15 9 13 11 1 4 2 7 0 16 5 8 
14 12 10 7 0 4 15 2 5 3 8 6 13 9 1 16 
5 2 4 13 14 11 8 15 0 10 6 7 1 9 16 3 
3 10 0 4 7 11 1 14 15 6 8 9 5 12 16 2 
5 13 12 6 0 11 2 15 1 7 10 8 4 9 16 3 
2 7 8 3 16 11 0 12 6 4 14 1 10 13 9 5 
5 9 11 10 14 6 15 2 12 7 13 4 1 3 8 0 
