12 8 5 13 11 15 1 7 6 16 10 14 2 9 3 4 
10 7 6 14 5 4 12 11 2 16 0 13 8 3 9 15 
4 16 0 13 7 12 3 6 10 15 1 8 14 11 5 9 
0 7 5 2 15 8 14 4 13 11 6 9 1 16 12 10 
7 12 13 8 5 1 15 11 16 10 9 0 14 6 3 2 
15 13 4 1 14 10 11 8 3 6 12 7 9 16 0 2 
1 0 11 9 4 5 2 16 12 10 15 14 8 13 3 7 
4 0 2 15 8 6 3 16 12 1 11 5 9 14 10 13 
13 11 14 1 9 12 15 3 10 4 7 16 0 2 6 5 
11 10 6 4 13 3 14 1 8 15 5 0 7 16 2 12 
5 11 6 2 13 9 4 7 12 1 3 16 15 8 14 0 
10 0 4 14 6 9 2 8 13 12 3 5 16 1 7 15 
6 1 15 2 0 16 5 4 11 8 3 13 14 10 7 9 
0 14 3 16 2 4 12 10 6 15 5 9 7 8 11 1 
4 8 10 16 7 1 12 11 5 3 0 6 13 9 15 2 
13 8 3 2 14 9 12 16 0 11 7 6 4 10 5 1 
9 0 10 8 11 2 13 5 1 3 15 6 4 14 7 12 
