1 7 11 10 14 3 9 15 8 13 5 6 16 12 2 4 
2 16 7 0 4 5 6 8 3 11 9 14 13 10 15 12 
12 7 14 8 10 16 13 5 6 4 15 11 3 1 0 9 
5 12 16 9 1 0 2 7 6 14 4 15 8 13 11 10 
3 11 0 7 8 14 6 15 1 2 10 5 13 9 16 12 
12 10 2 9 7 8 16 13 4 6 11 3 0 15 14 1 
8 11 7 0 13 5 10 3 9 1 2 16 12 15 14 4 
11 3 4 6 14 9 15 12 10 13 8 5 16 2 0 1 
9 6 3 7 4 2 5 10 15 16 13 1 14 0 12 11 
10 5 0 12 2 16 14 1 6 15 11 4 13 7 3 8 
5 16 15 2 11 6 7 4 1 0 9 12 13 14 8 3 
13 8 10 1 9 2 14 12 5 6 4 3 15 0 16 7 
14 15 3 10 13 2 9 5 4 1 16 0 11 8 6 7 
11 6 4 0 9 8 5 7 12 1 10 2 15 14 16 3 
5 6 4 3 12 9 2 15 7 16 0 11 13 8 1 10 
0 1 16 11 3 7 13 5 4 6 8 10 2 14 9 12 
5 3 11 4 9 2 8 14 1 7 0 13 10 12 15 6 
