11 1 7 10 15 3 9 14 8 13 6 5 12 2 16 4 
7 0 2 16 5 4 8 6 14 11 9 3 12 13 10 15 
14 8 12 7 16 10 5 13 15 11 6 4 3 0 1 9 
16 4 5 12 1 0 10 2 9 15 6 14 11 7 8 13 
7 3 0 11 6 8 15 14 5 13 2 10 1 9 12 16 
9 2 12 10 13 8 15 14 4 6 3 11 1 16 7 0 
11 8 0 7 13 5 10 3 16 9 1 2 14 4 12 15 
6 3 4 11 15 9 12 14 13 10 8 5 2 0 1 16 
7 6 9 3 5 2 10 4 15 13 1 16 11 0 14 12 
10 5 0 12 16 2 1 14 11 6 15 4 3 8 7 13 
5 16 2 15 11 4 6 7 9 0 12 1 3 14 13 8 
10 13 8 1 2 9 12 14 3 5 6 4 16 15 7 0 
5 3 15 14 10 13 2 9 4 16 1 0 8 6 11 7 
0 4 11 6 8 5 7 9 10 12 1 2 14 15 3 16 
6 12 4 5 3 9 15 2 7 16 0 11 8 10 1 13 
16 0 1 11 13 5 3 7 10 8 6 4 2 12 9 14 
3 5 11 4 8 2 14 9 7 1 13 0 15 10 6 12 
