8 6 15 2 9 5 13 10 4 11 1 7 14 12 3 16 
16 3 9 7 12 13 11 8 6 2 0 10 14 5 4 15 
8 10 6 1 13 9 12 14 15 7 4 5 0 11 16 3 
7 8 12 5 10 16 2 4 14 6 9 11 15 1 0 13 
12 7 16 15 11 8 1 0 14 3 2 10 5 13 6 9 
4 2 13 0 14 11 10 7 16 6 12 1 3 8 15 9 
12 2 1 14 5 11 0 15 10 16 4 9 8 13 3 7 
5 10 12 2 11 16 8 13 4 3 15 1 14 9 6 0 
7 10 15 14 5 2 1 16 13 11 6 3 4 9 12 0 
14 16 8 5 11 6 12 4 10 1 15 3 2 7 0 13 
2 7 14 11 12 4 13 15 8 0 3 9 16 5 1 6 
9 12 1 2 10 0 4 8 14 6 15 16 5 13 7 3 
15 0 10 7 13 6 3 2 4 5 14 1 9 11 8 16 
15 0 16 6 12 11 1 14 5 3 8 10 4 9 2 7 
1 13 7 15 11 2 3 16 9 12 8 10 6 4 5 0 
4 7 6 8 0 3 12 14 11 5 9 2 1 13 16 10 
10 6 12 13 3 5 15 2 11 14 8 4 9 1 7 0 
