16 13 6 12 3 15 9 1 5 4 14 7 8 11 10 2 
9 12 0 8 16 13 10 11 5 15 3 7 6 4 14 2 
1 16 5 8 6 13 7 15 10 9 4 14 12 3 11 0 
14 7 6 5 4 16 10 12 15 13 1 9 0 11 8 2 
8 0 10 12 1 5 6 11 13 15 9 7 2 14 16 3 
9 16 6 8 11 4 13 3 10 12 14 1 0 7 2 15 
10 9 1 5 13 11 8 2 12 4 3 16 7 14 15 0 
8 5 15 1 12 2 3 13 16 0 11 6 10 9 14 4 
6 3 11 4 9 7 13 2 5 12 1 10 15 0 14 16 
11 10 0 5 16 3 2 15 13 12 14 1 4 8 6 7 
15 6 3 16 5 9 12 13 14 7 2 11 0 8 4 1 
9 2 1 8 15 16 7 14 5 12 4 13 0 10 6 3 
0 11 1 15 16 9 4 6 2 10 8 3 5 13 14 7 
14 9 3 4 0 5 6 2 7 12 8 16 1 15 11 10 
12 0 2 15 1 13 4 9 11 8 6 5 7 10 16 3 
14 13 5 3 2 16 0 11 9 4 12 7 1 8 10 6 
10 11 1 3 8 15 4 14 7 6 0 9 13 2 12 5 
