9 4 2 15 16 5 7 14 10 1 12 6 13 8 11 3 
9 12 11 2 15 4 14 13 6 0 8 10 7 5 3 16 
7 14 3 11 13 12 4 10 0 1 15 9 8 6 5 16 
16 9 7 4 8 5 1 15 10 2 0 13 14 12 11 6 
6 11 1 9 12 14 10 2 0 15 7 5 13 8 16 3 
9 13 14 1 15 4 8 3 16 10 7 2 12 11 0 6 
10 16 14 4 0 3 7 1 13 5 12 8 11 9 15 2 
0 2 10 5 13 15 4 1 9 8 16 3 14 6 11 12 
12 14 13 11 1 15 6 5 4 7 16 3 0 10 9 2 
2 16 7 0 5 10 13 1 12 4 6 11 15 3 14 8 
5 8 7 3 14 2 9 0 15 4 13 12 16 1 6 11 
7 9 0 1 10 12 2 14 6 8 16 5 13 3 15 4 
6 0 15 3 7 10 13 8 4 1 5 16 14 11 9 2 
15 9 12 4 11 6 14 1 16 2 7 0 3 8 10 5 
15 1 3 16 6 12 4 11 2 8 9 5 7 10 0 13 
14 0 10 11 12 4 13 3 8 9 2 5 7 1 6 16 
6 14 12 10 15 5 3 8 13 7 4 1 11 0 9 2 
