5 13 8 12 15 7 11 1 6 10 16 14 4 3 2 9 
6 7 10 14 12 4 11 5 2 16 0 13 8 3 15 9 
3 0 4 6 13 7 12 16 8 14 10 5 15 9 1 11 
5 2 7 0 14 16 15 11 13 8 6 9 4 12 10 1 
12 13 8 7 5 11 15 0 1 9 10 16 2 6 14 3 
4 15 13 1 14 10 8 11 12 6 3 0 7 2 16 9 
0 1 11 9 4 5 2 16 14 10 15 12 13 3 7 8 
0 4 15 2 6 8 16 3 5 10 12 11 13 9 1 14 
11 3 14 13 9 0 15 12 10 16 4 7 6 5 2 1 
4 10 6 14 1 3 11 13 8 5 15 0 2 16 12 7 
12 2 11 6 8 4 9 7 1 5 3 16 13 0 14 15 
15 12 0 10 8 9 2 1 3 5 13 14 6 7 4 16 
14 1 15 2 16 4 5 0 6 11 3 8 7 13 10 9 
0 14 16 3 10 12 2 4 5 15 6 9 11 7 8 1 
8 10 4 0 7 16 11 1 12 5 6 3 13 9 2 15 
13 3 8 2 9 16 12 14 0 11 6 7 5 10 4 1 
9 10 0 8 13 2 11 5 1 6 15 3 4 12 7 14 
