5 8 15 2 9 16 1 14 12 4 10 13 3 7 6 11 
3 6 2 15 12 11 9 0 10 13 4 8 14 5 16 7 
16 6 5 10 15 12 0 11 7 4 13 9 3 8 14 1 
15 0 1 14 10 8 13 4 5 12 6 11 9 16 2 7 
3 6 2 1 9 14 5 15 8 7 0 11 13 16 12 10 
7 1 3 10 8 6 15 2 4 13 12 9 0 14 16 11 
12 11 13 0 4 3 1 7 9 14 8 2 16 15 5 10 
9 8 2 3 6 0 11 15 12 1 13 4 14 16 10 5 
1 3 4 11 10 13 14 15 9 12 7 0 2 6 16 5 
2 10 13 0 12 6 15 8 14 5 11 4 7 1 16 3 
13 4 12 8 11 5 14 15 9 16 2 0 6 1 7 3 
3 0 1 14 10 2 8 13 6 4 15 12 9 16 5 7 
9 3 0 1 13 5 6 2 16 4 8 7 15 14 10 11 
1 11 2 3 0 15 12 14 7 16 10 8 4 6 5 9 
5 6 11 15 7 0 8 12 3 4 13 10 1 2 9 16 
14 16 5 2 0 11 1 3 6 10 7 4 9 12 8 13 
4 3 13 12 9 1 6 5 0 8 15 2 7 14 10 11 
