7 12 1 14 15 9 4 3 10 2 6 8 5 16 13 11 
6 7 4 15 10 2 12 0 16 8 13 9 14 11 5 3 
12 10 9 6 4 0 7 3 8 11 1 14 15 13 16 5 
9 1 15 2 16 4 11 12 6 14 8 13 7 5 10 0 
5 6 10 0 7 15 8 1 14 12 16 3 11 13 9 2 
14 11 12 15 10 13 8 6 4 0 2 1 9 7 16 3 
15 5 9 13 3 10 14 4 16 12 1 2 11 8 0 7 
16 0 5 6 14 8 10 12 1 4 13 9 3 11 2 15 
5 10 3 16 13 4 15 1 6 2 0 9 11 7 12 14 
10 2 6 0 5 4 3 16 7 8 14 1 12 15 13 11 
7 15 9 3 12 11 1 14 2 6 0 8 13 5 4 16 
15 3 14 1 12 10 13 9 6 8 7 0 5 4 2 16 
4 16 1 5 13 6 10 3 8 2 0 7 15 9 11 14 
4 16 5 6 9 1 0 10 2 14 11 8 12 7 15 3 
10 7 0 8 2 5 6 9 11 13 15 3 4 12 16 1 
8 2 6 0 4 7 1 14 13 9 3 12 16 10 5 11 
1 15 0 7 6 14 5 8 13 10 9 4 3 2 11 12 
