2 5 12 13 8 14 10 7 16 11 6 4 1 3 15 9 
10 15 0 6 9 5 3 11 12 16 7 4 2 14 8 13 
3 5 1 14 9 12 6 16 15 11 0 8 10 4 7 13 
8 9 15 2 0 4 14 1 6 16 7 5 12 11 13 10 
5 2 14 10 3 9 13 0 16 15 12 7 1 8 6 11 
4 8 14 15 11 12 9 6 1 10 13 16 0 3 2 7 
8 1 9 5 11 2 4 3 10 7 13 0 16 14 15 12 
6 0 2 9 12 5 8 1 11 16 14 10 3 13 15 4 
12 7 9 4 0 3 11 1 14 16 13 2 6 5 15 10 
4 2 15 13 12 10 0 8 7 11 14 1 5 6 3 16 
16 0 6 5 13 8 3 12 1 7 15 2 4 9 14 11 
9 8 15 12 2 5 4 10 0 7 14 3 1 13 16 6 
6 13 14 8 4 10 1 2 11 0 5 15 9 7 3 16 
8 16 0 5 3 14 2 15 4 1 10 12 7 9 6 11 
11 13 16 8 0 12 3 4 7 1 5 6 9 10 2 15 
14 8 10 7 9 3 13 5 0 1 16 2 11 12 6 4 
13 6 15 11 10 1 12 3 4 9 14 0 5 2 7 8 
