5 12 1 8 4 10 3 16 11 14 2 15 7 9 6 13 
2 10 8 13 0 5 6 11 15 7 14 12 9 4 16 3 
0 16 1 14 12 4 3 13 6 15 5 9 8 10 7 11 
7 4 2 14 0 15 10 8 11 16 6 13 1 9 12 5 
7 3 12 0 1 11 15 2 6 8 13 16 10 14 5 9 
12 2 3 16 14 7 4 15 0 1 10 6 13 8 9 11 
1 13 5 3 9 11 15 16 7 10 4 8 14 12 2 0 
14 9 13 10 12 1 4 6 16 8 11 0 5 3 2 15 
15 11 12 4 9 2 10 16 7 5 13 0 6 3 14 1 
3 8 14 0 15 7 16 1 13 4 2 6 5 12 10 11 
6 3 0 7 5 16 15 2 14 11 9 12 8 4 13 1 
10 7 2 1 8 14 16 6 5 0 9 3 4 15 12 13 
14 11 10 5 7 13 1 16 15 8 6 3 2 9 0 4 
10 6 2 15 4 1 0 9 11 12 7 3 16 14 5 8 
11 13 15 3 16 12 10 0 1 2 4 5 6 9 7 8 
11 4 13 0 3 10 1 14 2 12 8 9 6 7 16 5 
10 12 6 4 2 1 7 8 14 3 11 9 5 15 0 13 
