7 12 8 5 1 11 2 15 14 10 6 16 9 4 13 3 
14 10 6 7 2 4 5 11 8 3 13 0 9 16 12 15 
6 0 4 9 7 16 12 13 14 10 5 8 1 3 15 11 
5 0 7 2 11 14 15 16 6 13 9 8 4 1 12 10 
8 7 12 13 0 15 11 5 1 10 9 16 14 2 3 6 
4 3 15 9 11 10 14 8 12 1 0 6 13 2 16 7 
11 9 0 13 16 4 2 5 15 3 12 10 7 8 1 14 
11 10 2 0 8 6 16 3 12 14 5 9 15 1 4 13 
3 13 14 11 4 15 0 12 7 16 10 9 1 5 6 2 
14 10 6 13 4 1 16 11 0 8 15 5 12 3 7 2 
2 6 11 16 4 9 7 8 3 12 5 1 15 14 13 0 
0 12 16 5 1 2 9 8 13 4 3 14 10 7 15 6 
1 7 2 15 4 5 16 0 3 14 11 8 13 6 9 10 
14 0 16 3 2 12 10 4 15 5 9 8 1 7 11 6 
0 4 10 8 7 1 2 15 12 3 5 9 6 16 11 13 
10 8 13 9 16 2 11 12 0 3 7 6 4 5 1 14 
10 13 8 15 5 0 11 2 3 6 1 9 12 7 4 14 
