6 7 3 16 9 13 5 15 2 4 11 14 10 8 1 12 
3 6 9 13 11 4 14 5 0 8 2 15 12 7 10 16 
15 10 1 14 3 11 12 5 7 4 0 13 6 9 8 16 
1 9 13 7 10 0 4 11 14 8 12 2 15 6 16 5 
10 7 14 11 2 9 3 16 12 1 0 13 15 5 8 6 
4 2 7 6 3 1 12 11 9 10 0 15 14 8 16 13 
4 10 8 13 16 5 14 1 9 7 15 11 12 3 0 2 
6 13 2 11 9 3 10 14 8 4 12 15 5 1 0 16 
4 15 3 1 9 6 2 12 16 10 13 11 14 7 5 0 
15 12 14 13 4 0 3 16 6 1 8 11 2 10 7 5 
16 15 11 12 5 2 4 3 6 14 13 0 9 8 7 1 
1 4 16 6 5 13 12 10 2 14 9 0 3 7 15 8 
9 11 0 16 15 4 10 6 13 7 2 1 3 8 14 5 
6 12 0 11 10 16 2 8 7 3 15 14 9 1 4 5 
10 3 1 0 12 6 7 5 13 16 2 15 8 9 4 11 
8 11 13 3 9 5 10 2 16 4 7 12 6 0 14 1 
7 0 5 8 6 3 10 13 11 1 15 2 9 12 4 14 
