2 3 4 6 13 9 14 1 15 7 16 12 10 11 5 8 
8 3 0 12 5 4 10 15 7 11 9 6 13 2 16 14 
15 5 6 10 16 7 13 12 3 9 4 8 11 0 14 1 
4 6 8 2 11 10 5 12 1 7 9 15 16 14 13 0 
1 3 2 5 14 6 10 9 13 7 11 12 0 16 8 15 
1 0 6 2 7 11 16 3 14 10 13 9 12 8 15 4 
8 12 10 0 11 4 7 5 2 9 3 13 15 16 14 1 
9 5 10 12 2 1 13 3 11 6 0 16 4 15 14 8 
7 16 11 12 15 9 0 13 4 5 1 14 3 2 6 10 
8 5 15 1 16 7 10 14 4 2 6 12 11 3 13 0 
1 5 7 0 2 13 12 14 8 15 16 11 6 4 9 3 
9 10 6 0 14 4 2 15 13 16 12 8 1 5 3 7 
4 0 1 5 13 7 3 16 11 8 15 6 14 9 2 10 
6 0 16 3 7 5 2 15 12 11 9 10 4 8 1 14 
8 0 2 3 1 9 4 10 12 11 6 16 5 13 7 15 
3 5 2 8 0 1 4 16 13 7 12 14 6 10 9 11 
11 6 3 10 14 2 8 0 13 12 9 7 5 4 15 1 
