3 13 4 2 6 9 1 14 7 12 16 15 5 8 11 10 
8 3 12 0 5 4 15 10 9 7 11 6 14 16 13 2 
6 15 10 5 7 16 12 13 3 8 4 9 11 0 1 14 
6 5 8 4 11 12 10 16 15 7 9 1 2 14 0 13 
0 1 3 5 9 6 14 10 12 13 11 7 8 16 2 15 
0 6 12 2 7 11 3 16 9 14 13 10 15 4 1 8 
12 5 10 0 14 7 11 4 3 9 2 1 16 8 15 13 
10 9 5 1 2 13 12 3 6 11 0 16 4 15 14 8 
12 7 16 11 13 10 15 9 5 2 14 4 3 6 1 0 
5 8 15 1 16 7 10 14 2 4 12 6 3 11 13 0 
5 3 0 8 2 13 1 14 15 12 16 11 4 6 9 7 
10 5 9 6 14 4 2 15 8 12 16 13 3 0 7 1 
5 4 1 0 7 13 16 3 11 8 6 15 14 2 10 9 
6 7 3 16 0 5 2 15 12 4 9 10 8 11 1 14 
2 0 11 8 1 13 3 10 12 6 16 5 4 7 15 9 
14 6 3 2 0 1 16 12 7 13 4 8 10 5 9 11 
1 11 3 10 14 2 0 8 9 7 13 12 5 6 4 15 
