7 9 13 8 5 12 3 4 6 16 15 2 11 10 1 14 
2 14 13 4 16 10 6 9 5 15 0 8 7 3 12 11 
8 10 4 12 5 13 11 9 3 6 14 15 1 16 0 7 
11 15 4 1 8 14 13 0 16 10 2 7 12 9 5 6 
9 1 3 8 5 11 6 15 10 16 12 0 14 7 13 2 
13 3 6 10 8 12 2 15 9 16 0 4 7 11 14 1 
13 4 15 16 5 7 1 2 0 3 11 10 14 12 8 9 
12 11 2 4 15 14 9 10 5 8 16 3 1 6 0 13 
15 16 1 14 10 5 11 0 7 6 3 4 13 12 2 9 
13 4 5 10 8 11 14 6 0 15 7 12 1 2 16 3 
11 5 2 15 8 1 13 7 14 4 3 0 16 6 12 9 
3 13 12 15 7 14 6 5 4 10 9 1 2 16 8 0 
3 0 6 1 11 14 10 2 9 4 13 15 16 5 8 7 
4 7 0 6 14 12 11 16 9 2 5 1 15 10 3 8 
13 11 3 16 7 0 15 9 12 10 1 5 8 4 2 6 
14 5 4 16 6 1 12 13 10 11 8 7 0 2 9 3 
15 3 7 9 14 0 5 12 8 4 11 1 10 6 13 2 
