12 15 10 5 4 8 1 14 16 13 7 6 3 11 2 9 
16 15 0 13 8 11 4 12 10 7 14 9 2 6 3 5 
1 8 0 13 12 6 7 3 9 14 15 10 11 16 5 4 
14 7 5 16 12 4 8 9 11 13 1 2 15 0 10 6 
13 7 16 12 5 11 10 1 8 0 15 9 6 14 3 2 
6 4 13 15 8 14 3 7 1 2 10 12 0 9 16 11 
9 11 0 1 4 5 2 10 12 14 3 16 15 7 8 13 
12 0 14 1 8 6 5 2 3 4 13 15 9 11 16 10 
1 0 11 6 7 15 10 12 9 4 3 16 14 2 13 5 
2 7 8 10 12 15 16 3 14 11 0 13 6 5 4 1 
6 9 14 16 5 13 3 12 4 7 1 2 15 0 11 8 
12 2 8 9 0 7 16 6 4 3 14 5 10 1 15 13 
1 6 15 2 16 8 7 4 3 0 14 11 9 10 13 5 
1 9 3 16 11 5 6 2 15 4 0 12 7 14 8 10 
3 15 8 11 9 12 13 1 6 5 7 0 16 4 2 10 
14 9 13 3 0 1 2 16 4 7 5 12 11 6 8 10 
6 8 11 7 2 14 1 13 10 15 9 3 5 0 12 4 
