1 13 2 4 3 14 9 6 15 12 7 16 8 10 5 11 
8 3 0 12 10 4 2 5 7 6 9 11 13 16 14 15 
10 15 1 14 7 13 3 16 5 9 8 4 11 12 0 6 
6 5 4 8 12 11 16 10 1 7 9 15 2 14 0 13 
7 0 11 3 9 10 1 15 14 5 13 6 12 2 16 8 
2 12 9 6 11 7 16 3 10 0 13 14 8 1 4 15 
10 1 0 5 14 11 7 3 9 4 2 12 8 15 16 13 
10 5 9 1 12 2 13 3 11 6 16 0 8 14 4 15 
7 16 11 12 15 9 10 13 2 5 4 14 3 1 0 6 
1 5 8 15 10 14 16 2 6 4 12 11 3 7 0 13 
12 8 3 15 13 2 1 14 5 7 11 16 0 4 6 9 
10 5 6 9 4 14 15 2 13 8 12 16 3 7 0 1 
7 0 5 1 13 4 3 16 6 11 8 15 2 14 9 10 
14 4 10 3 0 5 2 15 12 6 7 9 16 8 11 1 
11 0 2 8 13 1 3 10 6 5 12 16 9 7 15 4 
3 2 6 14 1 16 0 11 8 4 12 7 13 10 9 5 
1 3 9 11 10 2 8 14 12 7 13 0 5 6 4 15 
