10 12 13 5 6 8 1 4 15 14 16 7 11 2 3 9 
10 6 13 0 11 5 12 4 2 14 7 16 8 3 9 15 
4 16 13 0 3 6 12 7 15 8 1 10 11 14 9 5 
0 7 5 9 12 4 14 8 2 1 13 11 16 15 10 6 
16 13 7 12 1 5 11 10 8 9 15 0 6 3 14 2 
15 7 13 11 3 4 14 8 10 1 6 12 0 2 9 16 
11 1 0 13 4 16 2 5 3 12 14 10 9 8 7 15 
12 1 0 15 6 8 16 2 3 13 4 11 10 5 9 14 
11 0 1 14 10 15 9 12 7 4 3 16 2 13 5 6 
7 10 6 8 12 13 14 1 0 11 5 15 2 4 3 16 
12 6 11 16 5 9 13 4 7 2 1 14 0 15 8 3 
14 10 4 0 12 16 7 6 5 2 3 8 13 15 9 1 
1 6 2 15 16 8 4 7 10 11 0 3 13 9 5 14 
9 3 12 0 1 2 11 5 6 16 15 4 8 14 10 7 
7 15 11 8 9 1 12 13 3 0 6 5 16 10 4 2 
8 13 2 3 12 9 14 1 4 6 0 11 7 10 16 5 
6 0 1 8 7 2 13 14 3 9 10 15 4 5 11 12 
