11 13 6 2 4 7 1 10 9 14 16 12 8 3 5 15 
9 2 13 16 15 10 11 8 12 3 14 5 6 0 4 7 
3 14 0 6 1 15 4 13 7 5 9 11 12 8 10 16 
7 5 6 2 12 10 13 0 15 16 1 14 11 4 8 9 
6 1 10 9 11 7 16 3 13 12 8 2 15 0 14 5 
15 6 1 12 7 13 3 10 2 11 0 16 9 14 4 8 
9 0 12 4 1 11 16 5 14 10 13 15 3 2 8 7 
12 9 10 3 4 13 16 14 11 6 0 15 5 2 8 1 
2 6 10 4 15 11 5 13 12 7 16 3 0 9 1 14 
6 14 16 8 0 7 2 10 13 12 1 5 15 11 4 3 
11 2 1 14 4 5 12 7 8 15 13 0 9 6 16 3 
8 12 6 7 13 5 1 9 16 0 2 15 3 10 4 14 
9 16 2 15 0 1 11 3 13 7 14 8 10 6 5 4 
16 14 5 6 9 10 15 7 4 11 12 2 8 0 1 3 
4 13 2 3 11 15 6 12 16 8 10 1 9 7 0 5 
11 8 6 9 16 4 0 13 7 12 1 14 3 2 5 10 
7 10 14 11 3 13 6 9 12 1 15 2 5 0 4 8 
