15 16 13 1 12 8 7 10 6 9 14 11 4 5 3 2 
15 10 5 12 14 11 4 2 9 7 16 6 8 3 0 13 
1 16 12 7 3 4 5 0 11 14 9 13 10 15 8 6 
1 8 2 15 14 4 0 13 5 11 10 12 7 9 16 6 
5 15 13 11 8 7 2 10 1 12 3 6 16 0 14 9 
9 10 0 11 3 8 4 2 7 15 13 12 6 16 14 1 
7 8 2 4 12 13 9 15 5 11 16 3 0 10 1 14 
15 6 8 5 3 10 0 13 4 2 14 1 12 9 16 11 
9 5 13 12 10 7 4 0 11 14 6 16 3 1 15 2 
2 8 1 3 16 7 0 4 14 15 6 11 12 10 13 5 
9 15 13 12 16 7 11 8 5 4 2 6 0 3 1 14 
15 13 14 1 3 5 8 2 4 6 9 16 7 12 0 10 
14 13 2 6 11 1 16 0 3 8 4 5 9 15 10 7 
8 3 14 15 4 10 9 0 6 2 11 5 12 1 16 7 
3 6 9 2 11 1 5 13 0 8 16 10 12 15 7 4 
14 6 9 13 11 2 3 5 7 8 0 4 16 10 12 1 
14 12 10 13 9 7 0 15 8 5 4 2 6 11 1 3 
