2 6 1 14 15 9 3 16 7 4 12 5 13 10 11 8 
11 0 6 12 10 2 4 8 3 13 9 7 5 16 15 14 
16 10 5 1 13 6 15 7 14 8 9 4 0 12 3 11 
5 13 11 6 12 4 10 16 1 7 9 15 0 14 2 8 
10 12 0 15 5 1 11 6 9 7 13 14 2 8 3 16 
6 9 12 2 3 7 4 11 14 10 13 8 16 0 15 1 
15 1 5 10 11 2 8 7 4 12 9 3 16 14 13 0 
5 10 9 16 3 13 12 2 0 1 6 11 4 14 8 15 
5 4 12 11 13 9 15 2 7 10 1 3 0 6 16 14 
6 3 11 5 16 10 2 15 13 1 14 12 0 7 8 4 
5 3 15 8 6 14 13 0 11 12 7 16 9 1 4 2 
9 2 10 5 7 4 15 14 13 8 3 16 12 0 6 1 
5 7 15 0 4 16 6 1 8 2 3 10 13 11 9 14 
9 14 3 4 0 6 15 2 8 16 7 12 11 1 10 5 
8 0 12 16 4 10 1 13 11 2 5 6 15 9 3 7 
5 13 6 3 1 16 0 11 7 9 12 8 4 2 10 14 
10 1 3 11 14 9 2 15 6 8 0 7 12 5 4 13 
