10 8 12 11 5 1 2 16 4 13 3 6 7 15 14 9 
8 16 6 12 4 13 10 9 7 2 0 11 15 5 3 14 
12 8 3 1 0 4 14 7 5 9 13 11 16 15 6 10 
9 5 10 16 13 11 4 14 0 6 15 2 12 7 8 1 
6 12 2 15 13 5 8 7 11 1 9 16 10 14 3 0 
7 4 2 3 6 9 14 1 10 8 0 11 16 15 12 13 
11 1 3 16 8 13 2 9 7 10 12 14 4 0 5 15 
8 4 6 16 0 3 12 9 14 11 5 2 1 15 10 13 
10 16 2 14 12 3 13 7 9 1 0 15 4 11 5 6 
6 7 0 5 11 15 16 3 12 4 1 14 13 10 8 2 
6 11 0 13 16 5 12 14 9 7 8 4 3 1 15 2 
6 13 1 14 2 16 7 9 3 8 5 0 15 4 10 12 
15 8 5 1 14 16 13 0 2 4 3 9 10 6 7 11 
15 16 4 7 5 9 6 12 3 11 8 14 1 2 0 10 
4 8 0 16 7 11 15 1 5 13 12 2 10 3 6 9 
7 13 16 3 5 1 4 10 9 12 11 0 6 14 2 8 
9 8 15 14 2 11 12 4 6 1 13 0 3 7 5 10 
