11 12 1 14 8 13 9 5 16 15 10 7 3 6 2 4 
11 8 4 12 6 14 9 13 5 15 7 3 0 2 16 10 
11 9 0 15 8 3 13 14 10 1 7 16 12 6 5 4 
6 14 5 16 7 10 0 13 1 15 4 9 2 11 12 8 
3 6 0 8 16 7 15 2 13 9 12 1 11 5 10 14 
14 11 4 7 13 15 12 3 1 0 9 6 16 10 2 8 
13 10 11 2 7 14 9 3 5 16 8 0 12 15 1 4 
12 1 6 16 0 14 15 2 3 5 11 9 10 4 8 13 
15 9 13 4 12 10 3 0 1 6 5 11 2 16 14 7 
1 4 7 16 6 11 13 0 2 5 10 12 3 14 15 8 
12 0 9 1 7 2 14 8 5 15 6 13 11 4 16 3 
14 16 13 8 3 2 9 1 7 0 6 4 10 5 15 12 
8 6 13 7 4 11 15 2 14 9 5 10 0 1 16 3 
5 16 8 11 15 12 0 7 6 2 14 1 9 10 3 4 
9 8 4 16 3 12 2 5 7 11 13 0 6 10 1 15 
10 4 14 0 11 3 8 6 5 2 13 1 7 12 9 16 
1 3 11 7 10 9 8 14 4 0 5 2 12 6 15 13 
