5 8 12 7 11 1 15 2 6 16 14 10 9 3 4 13 
10 14 7 6 5 4 11 2 9 8 3 13 0 16 15 12 
0 6 9 4 7 13 12 16 5 14 10 8 15 11 3 1 
7 5 0 2 11 15 14 16 6 13 9 8 12 10 1 4 
11 12 8 7 5 15 13 0 16 10 1 9 2 6 3 14 
4 15 9 3 14 8 11 10 12 1 0 6 13 16 2 7 
4 9 0 13 2 16 11 5 10 12 15 3 8 7 14 1 
10 6 11 2 8 0 3 16 12 9 5 14 13 4 1 15 
3 14 11 13 4 12 0 15 9 7 16 10 2 5 1 6 
14 6 10 13 1 4 16 11 15 0 8 5 7 3 12 2 
2 8 6 16 4 11 7 9 3 12 5 1 15 14 13 0 
5 12 16 0 8 2 1 9 13 4 3 14 10 7 15 6 
7 1 2 15 9 0 4 16 11 14 8 3 13 10 5 6 
11 16 0 7 12 10 2 4 8 5 15 9 14 1 3 6 
0 10 4 8 1 7 15 2 3 5 12 9 13 11 6 16 
8 9 13 10 11 2 12 16 6 3 0 7 4 5 1 14 
15 13 10 8 0 5 2 11 6 9 1 14 4 12 7 3 
