4 1 15 2 3 6 9 14 16 12 13 7 5 10 8 11 
12 8 0 3 2 10 5 4 7 9 11 6 13 14 16 15 
15 10 14 1 13 7 16 3 5 4 9 8 11 6 0 12 
8 6 5 11 10 16 4 12 15 7 9 1 2 14 13 0 
10 7 3 0 11 1 9 15 13 6 5 14 12 8 2 16 
12 2 9 6 7 11 3 16 14 10 0 13 1 4 15 8 
0 1 10 5 7 11 3 14 9 2 12 4 16 13 8 15 
1 5 9 10 13 2 12 3 11 16 6 0 8 14 15 4 
11 7 16 12 10 15 9 13 2 14 4 5 1 3 0 6 
8 1 5 15 2 10 16 14 11 6 4 12 7 3 0 13 
12 8 15 3 2 13 14 1 5 7 16 11 0 4 9 6 
10 5 9 6 14 4 15 2 8 13 16 12 1 0 3 7 
5 0 1 7 4 13 16 3 11 15 6 8 14 2 9 10 
14 3 10 4 5 0 2 15 6 12 9 7 8 16 1 11 
2 11 8 0 13 4 10 1 6 16 12 5 3 7 9 15 
2 14 3 6 11 0 1 16 7 13 8 12 4 10 9 5 
9 3 1 11 8 10 15 2 7 12 0 13 14 6 5 4 
