10 5 12 15 4 8 1 14 13 7 6 16 11 2 9 3 
15 16 0 13 12 11 4 8 14 7 9 10 6 5 3 2 
1 8 13 0 3 6 12 7 10 4 15 14 9 5 16 11 
16 7 5 14 9 8 12 4 11 2 1 13 6 0 10 15 
13 7 12 16 5 11 1 10 15 9 8 0 3 6 14 2 
13 4 6 8 15 3 14 7 10 2 1 12 9 16 0 11 
11 1 9 0 4 10 5 2 14 12 16 3 8 7 13 15 
0 12 14 1 6 5 2 8 3 13 4 15 9 16 11 10 
11 0 1 6 10 15 7 12 4 9 3 16 14 2 13 5 
8 7 2 10 15 12 3 16 14 11 13 0 1 4 6 5 
9 16 6 14 13 12 5 3 7 4 1 2 15 0 8 11 
8 12 2 9 6 7 16 0 14 3 5 4 1 10 13 15 
1 6 15 2 4 8 16 7 3 11 0 14 13 5 10 9 
1 9 16 3 5 6 15 2 11 4 0 12 7 8 10 14 
8 15 11 3 12 9 13 1 5 0 7 6 16 4 2 10 
13 9 3 14 1 16 2 0 4 5 12 7 6 8 11 10 
11 6 8 7 13 14 2 10 1 15 3 9 5 4 0 12 
