6 13 14 1 9 15 16 3 4 12 7 5 11 2 8 10 
6 0 11 12 2 10 8 16 3 15 7 5 13 4 14 9 
8 16 5 1 7 6 13 15 4 14 9 10 12 11 3 0 
1 5 11 7 12 16 4 10 9 13 15 6 0 14 2 8 
12 8 0 10 5 6 1 11 9 14 15 7 13 2 16 3 
6 8 9 13 4 11 16 3 12 10 14 1 7 0 2 15 
1 9 5 10 11 8 2 13 15 12 4 3 7 0 16 14 
1 8 5 10 3 13 12 2 6 16 0 11 4 14 9 15 
11 3 12 4 2 7 9 13 10 5 6 1 14 15 0 16 
5 6 10 11 16 3 2 15 12 13 1 14 4 7 8 0 
6 15 12 0 9 13 5 3 16 11 2 7 8 4 14 1 
1 5 9 2 14 15 7 4 8 13 16 12 3 6 0 10 
1 0 5 15 6 16 9 4 8 2 10 3 11 7 14 13 
3 14 9 4 0 6 2 15 16 8 12 7 1 5 11 10 
12 0 2 15 9 4 13 1 6 8 11 5 10 7 16 3 
5 14 3 13 0 2 11 16 8 7 9 12 1 10 6 4 
11 1 3 10 8 14 2 15 9 6 0 7 13 5 12 4 
