5 13 12 10 9 8 11 1 4 16 7 14 6 3 2 15 
0 9 16 10 8 7 12 13 15 11 3 14 2 4 5 6 
5 1 8 12 15 7 13 6 14 3 10 4 9 0 16 11 
13 11 7 14 9 16 4 12 1 10 15 2 5 0 8 6 
16 7 8 12 5 1 11 10 15 9 0 13 3 2 14 6 
6 16 2 8 15 4 3 11 1 12 13 10 9 14 0 7 
10 13 14 1 5 11 2 8 12 4 3 16 0 7 9 15 
5 6 1 15 0 14 2 8 16 4 13 12 10 3 11 9 
11 12 15 6 7 0 10 1 16 4 13 9 5 14 3 2 
13 11 7 10 5 15 3 16 14 0 12 2 1 6 8 4 
16 13 2 15 5 3 12 9 6 7 1 4 0 14 8 11 
9 12 8 2 0 7 16 14 4 6 5 1 13 15 10 3 
3 1 15 10 16 7 6 4 11 2 8 0 5 13 9 14 
3 4 14 9 8 5 2 6 12 16 7 0 10 15 1 11 
7 6 2 15 1 10 9 13 8 11 5 0 4 12 16 3 
13 14 5 3 0 2 11 16 12 9 4 7 10 6 1 8 
11 9 6 10 14 13 2 8 0 1 3 15 5 7 12 4 
