1 7 13 6 11 12 5 4 10 14 15 2 9 8 16 3 
2 5 9 11 16 6 0 13 3 8 10 15 4 7 14 12 
8 12 1 14 7 6 16 10 15 5 9 13 3 0 11 4 
16 9 1 14 11 4 8 0 12 10 2 15 7 6 5 13 
7 1 12 13 5 14 2 15 0 6 3 16 8 9 11 10 
11 15 0 16 4 3 6 1 10 2 8 14 7 12 9 13 
12 14 15 5 1 9 10 8 2 7 4 3 16 11 0 13 
2 9 1 3 11 15 0 13 8 16 6 10 12 14 5 4 
10 13 14 15 9 16 2 11 5 3 4 0 1 6 7 12 
11 5 13 14 8 15 3 16 2 1 12 10 6 0 4 7 
16 15 1 14 13 3 9 8 12 2 5 7 0 6 4 11 
8 3 4 0 9 13 10 15 6 16 14 1 2 7 5 12 
16 8 15 11 6 10 14 1 4 2 7 5 9 3 13 0 
3 14 15 2 4 6 1 11 0 12 7 5 10 8 16 9 
3 0 6 4 11 13 5 8 1 16 10 9 7 12 2 15 
4 11 0 13 8 6 16 9 7 12 14 5 1 10 3 2 
14 5 12 15 4 1 7 2 9 8 11 0 10 6 3 13 
