11 16 7 4 15 14 13 9 8 5 12 3 2 10 1 6 
2 13 9 14 7 11 4 12 10 6 3 16 5 0 15 8 
13 5 1 14 3 4 8 6 7 16 9 0 12 10 11 15 
7 14 2 8 13 16 11 5 0 10 9 4 6 12 1 15 
8 9 16 6 0 3 14 1 5 2 12 10 15 7 13 11 
0 2 11 4 10 16 6 14 13 12 9 3 15 7 1 8 
16 4 2 15 11 14 5 10 3 13 8 7 0 9 12 1 
12 15 16 3 9 10 8 5 2 13 1 4 0 14 6 11 
9 16 2 15 11 6 1 7 3 10 13 0 5 4 14 12 
0 2 11 1 7 5 6 3 4 15 10 13 14 16 12 8 
13 11 6 12 5 4 9 3 7 14 15 0 16 2 8 1 
7 2 0 3 13 10 12 8 16 1 4 5 14 6 15 9 
0 5 6 15 13 16 7 10 8 4 1 14 11 2 3 9 
15 8 1 11 4 6 9 7 12 16 0 5 3 10 14 2 
12 6 2 4 5 9 8 11 1 16 13 0 3 7 10 15 
13 6 2 5 14 11 3 16 4 10 8 0 7 1 9 12 
7 12 14 2 11 9 10 1 5 15 3 4 6 8 13 0 
