10 3 14 1 5 2 12 11 6 8 4 7 13 15 16 9 
0 14 3 15 5 2 7 10 13 4 11 9 8 12 6 16 
1 7 0 4 8 10 13 11 15 16 6 9 12 14 5 3 
7 12 0 15 4 8 5 11 14 10 13 9 2 6 16 1 
0 3 2 15 6 11 14 9 16 12 13 1 7 5 8 10 
15 10 6 16 9 4 0 11 12 14 2 7 1 3 13 8 
10 11 16 3 2 5 0 9 15 8 1 14 4 7 13 12 
12 1 10 11 9 5 13 3 8 4 2 15 0 14 6 16 
16 0 1 14 4 13 12 3 9 7 5 15 2 10 11 6 
2 14 16 3 1 4 5 7 10 12 8 13 6 15 0 11 
7 13 14 11 9 2 1 8 12 6 4 15 0 5 3 16 
13 16 7 5 1 15 9 0 3 4 12 10 2 14 8 6 
13 1 5 15 8 9 3 14 7 10 6 4 2 16 0 11 
9 10 2 11 0 7 16 3 5 8 6 1 4 12 14 15 
4 7 16 5 8 15 10 11 1 6 0 13 9 3 2 12 
8 7 14 3 10 0 4 16 12 9 6 13 5 11 2 1 
6 8 3 0 10 2 11 7 15 13 14 5 9 1 4 12 
