14 2 12 8 15 13 10 7 6 11 9 4 1 5 16 3 
15 14 6 0 4 9 5 2 3 11 10 8 7 12 16 13 
5 10 13 6 12 0 1 7 11 8 15 9 14 4 3 16 
1 14 4 7 12 11 6 0 10 16 9 15 5 8 13 2 
0 11 5 10 8 13 6 1 16 14 9 12 7 3 2 15 
3 12 13 9 10 8 14 6 0 4 16 11 1 7 2 15 
2 16 8 1 4 15 0 13 9 10 14 5 3 7 11 12 
4 0 8 5 1 15 12 6 3 9 2 11 16 10 13 14 
1 4 10 15 5 2 6 3 9 7 14 0 16 12 13 11 
1 6 13 0 7 8 10 4 16 11 2 15 5 12 14 3 
12 1 4 8 0 14 7 2 11 9 5 13 6 15 16 3 
13 7 4 3 6 12 2 10 14 5 8 15 9 16 1 0 
5 15 4 16 9 7 11 6 10 2 14 1 8 3 13 0 
5 1 7 11 6 3 4 14 8 15 9 12 0 16 2 10 
3 1 11 10 16 6 7 8 5 12 0 15 9 4 13 2 
0 9 3 10 2 4 6 12 13 11 14 1 7 5 8 16 
14 15 13 11 0 8 3 2 10 1 12 4 5 7 6 9 
