7 14 2 11 9 6 1 3 16 4 12 5 15 8 13 10 
6 4 0 13 5 7 10 8 12 3 15 14 9 16 2 11 
12 9 0 7 15 8 6 5 16 4 10 13 11 3 14 1 
6 12 5 15 7 11 4 0 2 1 10 8 16 14 9 13 
1 5 2 11 9 12 15 8 0 7 3 16 13 6 14 10 
10 0 8 7 12 6 13 3 11 1 9 2 15 16 14 4 
9 16 13 0 12 4 14 5 10 11 7 8 3 1 2 15 
8 16 2 14 15 4 12 6 1 5 3 10 11 9 0 13 
6 16 13 0 15 7 10 12 1 5 11 3 9 2 4 14 
5 12 13 0 7 10 11 15 6 1 16 3 14 8 4 2 
7 15 1 8 9 13 14 16 11 12 0 4 3 2 5 6 
4 2 1 14 8 10 0 7 3 12 15 5 6 13 9 16 
3 9 1 14 2 10 4 5 7 8 11 0 6 16 15 13 
1 11 4 7 14 9 3 8 2 10 5 16 15 0 12 6 
3 10 8 12 1 15 13 6 2 7 9 0 11 5 16 4 
13 14 6 4 16 1 2 0 7 10 11 5 3 9 12 8 
8 10 9 6 15 7 12 3 13 2 14 1 0 5 4 11 
