13 15 3 10 1 6 12 9 8 16 7 5 4 2 11 14 
9 5 0 4 3 11 6 15 14 2 8 10 7 13 12 16 
1 8 15 11 13 12 16 7 6 4 9 0 10 3 5 14 
2 14 10 8 12 16 0 5 9 1 4 11 13 7 6 15 
3 13 9 10 0 2 16 7 11 8 5 14 1 12 6 15 
16 13 14 12 4 9 6 10 15 3 7 8 0 2 11 1 
14 8 15 10 7 16 5 9 11 1 3 2 12 4 13 0 
1 3 0 15 16 8 2 5 14 10 13 12 6 9 11 4 
1 11 15 2 9 0 4 5 14 10 16 13 12 3 6 7 
2 11 14 1 0 4 6 12 13 16 7 15 3 5 10 8 
0 6 3 12 4 7 9 16 14 13 2 15 8 11 1 5 
5 0 9 10 12 16 8 2 13 7 3 4 15 6 1 14 
6 0 16 3 1 2 11 8 7 4 13 15 9 10 14 5 
0 3 7 5 11 2 9 4 12 10 8 14 16 15 1 6 
13 5 16 2 8 1 15 11 10 7 9 12 4 0 3 6 
7 13 4 9 3 6 12 0 16 8 1 2 5 11 10 14 
10 5 9 4 12 3 0 6 1 11 2 8 15 13 7 14 
