12 7 1 14 4 9 15 3 10 2 8 6 16 13 5 11 
7 4 6 15 0 10 2 12 16 9 8 13 5 14 11 3 
9 12 10 6 0 7 3 4 8 11 1 14 16 13 15 5 
7 1 9 15 11 16 12 4 14 6 8 13 2 10 5 0 
0 6 5 10 15 7 8 1 14 12 3 16 11 2 13 9 
12 14 11 15 10 8 13 6 4 1 0 2 9 7 16 3 
13 15 5 9 4 3 10 14 16 2 12 1 8 11 0 7 
5 6 16 0 12 14 8 10 13 9 1 4 3 11 2 15 
5 10 16 3 1 13 4 15 2 6 9 0 7 11 12 14 
0 2 10 6 5 4 3 16 8 7 14 1 15 12 13 11 
7 15 9 3 11 12 1 14 2 6 0 8 4 5 13 16 
3 15 1 14 12 9 13 10 7 6 8 0 2 4 16 5 
5 4 16 1 13 3 6 10 7 2 8 0 14 15 11 9 
5 4 16 6 9 1 0 10 11 2 14 8 12 7 15 3 
7 10 0 8 6 2 5 9 13 15 3 11 16 1 4 12 
8 6 2 0 4 7 14 1 3 13 9 12 10 16 5 11 
0 1 15 7 8 5 6 14 4 10 9 13 3 2 12 11 
