4 1 15 2 3 9 14 6 16 7 12 13 5 11 10 8 
8 12 0 3 10 4 5 2 6 9 7 11 13 14 15 16 
15 10 14 1 7 13 3 16 5 9 8 4 0 11 6 12 
5 8 6 11 4 16 10 12 7 15 9 1 14 2 0 13 
12 0 7 10 15 1 9 11 5 6 14 13 2 3 16 8 
2 12 9 6 11 7 16 3 14 10 0 13 15 1 8 4 
1 0 10 5 7 3 14 11 9 4 2 12 13 8 16 15 
1 9 5 10 13 2 12 3 6 16 11 0 14 8 4 15 
11 7 16 12 10 13 9 15 5 14 2 4 6 0 1 3 
1 5 8 15 10 2 16 7 6 11 4 13 0 3 14 12 
8 3 12 15 2 13 1 14 7 11 16 5 9 4 6 0 
6 10 5 9 14 4 2 15 8 13 16 12 1 7 0 3 
7 0 1 5 4 13 3 16 8 11 15 6 10 2 9 14 
4 10 14 3 0 5 2 15 9 12 7 6 11 1 16 8 
8 11 2 0 1 4 10 13 12 16 6 5 15 7 3 9 
2 3 6 14 1 0 16 11 7 8 13 12 4 5 9 10 
1 3 9 11 8 10 15 2 7 12 13 0 6 4 5 14 
