16 7 14 12 1 4 11 3 5 8 9 10 6 13 2 15 
14 0 2 15 8 5 12 3 13 4 10 6 9 11 7 16 
16 5 6 9 13 1 7 10 3 11 12 4 8 14 0 15 
14 0 2 15 12 13 4 11 7 16 1 5 9 10 6 8 
2 9 16 10 6 8 0 13 5 11 3 12 7 15 1 14 
13 1 6 10 4 15 16 3 0 12 2 11 8 14 7 9 
8 14 13 0 4 1 15 3 5 11 10 16 2 7 9 12 
0 14 2 9 1 12 13 10 8 16 6 5 15 4 11 3 
12 16 6 5 10 1 15 7 14 2 9 0 13 11 4 3 
0 15 1 14 11 4 5 3 6 16 8 13 12 10 7 2 
13 1 11 4 2 12 7 9 5 14 3 15 0 8 16 6 
0 5 6 9 13 4 3 12 16 2 14 8 1 15 10 7 
3 4 15 1 5 7 6 13 10 16 8 9 2 0 11 14 
0 14 9 2 4 11 3 15 6 7 10 1 5 16 12 8 
7 0 5 12 4 1 11 3 16 10 2 15 13 8 6 9 
12 11 3 5 7 9 6 16 4 14 0 2 13 1 10 8 
13 1 6 3 10 4 9 8 2 12 5 7 0 14 15 11 
