10 2 9 6 7 13 5 1 14 16 4 11 15 8 12 3 
16 2 4 11 9 0 10 6 15 13 7 3 8 5 12 14 
14 4 9 6 12 8 7 1 13 10 16 3 15 5 0 11 
8 12 11 16 2 4 6 1 10 5 0 13 9 7 15 14 
11 8 9 1 15 10 13 0 2 6 3 16 14 5 7 12 
16 9 10 6 12 4 14 7 11 15 3 0 8 1 2 13 
9 0 1 16 8 2 11 4 3 5 14 10 15 12 13 7 
13 5 12 1 16 2 11 4 15 0 3 14 10 9 6 8 
16 4 11 6 2 9 14 1 13 7 15 12 0 10 3 5 
10 16 12 14 2 1 4 3 11 6 13 8 15 0 5 7 
1 9 6 8 13 4 5 11 12 15 0 7 2 14 16 3 
7 8 12 15 4 6 13 0 10 1 9 2 14 5 16 3 
1 0 16 3 7 10 5 13 4 15 14 11 9 6 2 8 
9 1 0 12 15 11 8 6 16 14 4 2 3 7 10 5 
3 12 7 5 10 16 13 4 11 9 6 1 8 0 2 15 
1 4 13 3 2 14 12 16 0 9 11 6 7 5 10 8 
6 4 12 2 10 13 1 3 14 15 7 0 8 11 9 5 
