16 9 6 8 4 10 15 11 3 5 1 14 13 7 12 2 
6 12 14 13 11 16 4 10 3 5 7 15 0 8 2 9 
4 9 11 10 12 16 6 7 1 8 13 0 14 5 3 15 
4 7 12 11 6 1 15 13 0 14 16 8 2 9 5 10 
7 6 13 12 10 0 11 16 8 5 1 14 9 3 2 15 
4 14 16 15 12 2 13 0 9 8 10 3 7 1 11 6 
1 5 13 2 12 14 15 16 11 4 3 10 7 0 9 8 
2 8 0 5 11 12 6 16 1 3 13 9 15 14 10 4 
10 7 13 0 2 12 16 6 11 9 14 3 15 5 1 4 
10 13 1 14 0 5 4 11 6 15 3 8 12 2 7 16 
9 7 12 8 0 6 11 4 15 5 3 13 16 2 14 1 
10 12 16 0 2 4 6 7 3 5 9 8 15 13 1 14 
5 7 14 11 8 13 1 2 6 15 3 4 9 0 16 10 
8 6 2 16 10 11 1 14 5 9 15 4 3 12 0 7 
10 11 16 0 12 13 1 2 15 7 6 8 4 9 3 5 
9 10 0 13 12 8 2 7 11 4 1 3 6 5 14 16 
6 15 4 10 2 13 11 3 1 8 5 12 0 9 7 14 
