2 4 1 13 9 14 6 3 16 15 12 7 10 5 11 8 
0 12 8 3 10 2 4 5 9 7 6 11 15 13 14 16 
15 6 10 5 13 12 16 7 9 4 3 8 11 0 14 1 
6 4 8 5 11 16 12 10 9 15 1 7 2 14 0 13 
1 0 7 3 6 10 13 9 11 12 14 5 8 16 2 15 
6 2 0 12 7 11 16 3 10 14 9 13 8 4 15 1 
1 0 5 10 14 11 7 3 9 2 12 4 13 15 8 16 
10 5 9 1 12 13 3 2 11 0 16 6 15 8 4 14 
11 7 12 16 13 9 10 15 2 5 4 14 1 0 6 3 
5 15 1 8 10 2 14 16 6 12 7 4 3 11 0 13 
12 8 3 5 13 2 14 1 11 7 15 16 0 9 6 4 
5 6 10 9 4 14 15 2 16 13 8 12 7 3 1 0 
5 1 7 0 13 4 16 3 11 8 6 15 9 14 10 2 
4 7 16 3 0 5 15 2 10 9 6 12 8 11 1 14 
0 2 8 11 1 3 13 10 16 6 12 5 7 9 4 15 
6 3 2 14 16 12 0 1 4 13 8 7 11 5 10 9 
3 11 1 10 0 14 8 2 12 13 9 7 4 5 6 15 
