8 13 12 5 1 11 7 15 14 10 6 16 9 3 4 2 
6 7 14 10 5 4 12 11 2 16 0 13 3 9 15 8 
4 16 13 0 3 6 7 12 15 1 8 10 14 11 9 5 
5 0 2 7 8 15 4 14 6 9 13 11 1 16 12 10 
7 12 13 8 5 1 15 11 10 16 9 0 3 6 2 14 
4 15 13 1 10 11 14 8 3 12 7 6 16 0 9 2 
11 0 1 9 4 2 5 16 10 15 12 14 13 3 7 8 
0 12 2 15 8 6 16 3 11 4 1 5 9 10 13 14 
11 13 1 14 9 15 3 12 7 4 16 10 2 6 5 0 
6 4 11 10 3 13 14 1 15 5 0 8 7 16 2 12 
5 11 6 2 13 9 4 7 1 16 3 12 15 14 0 8 
10 4 14 0 6 9 2 8 12 3 5 13 1 7 16 15 
6 1 2 15 16 0 5 4 11 8 3 13 7 9 10 14 
0 14 3 16 2 4 12 10 6 15 5 9 8 1 11 7 
4 8 10 16 12 1 11 7 3 0 5 6 9 13 15 2 
13 3 8 2 14 9 16 12 0 7 6 11 10 5 1 4 
0 9 8 10 2 13 5 11 3 1 15 6 7 12 14 4 
