13 5 12 8 7 11 15 1 10 6 16 14 4 2 3 9 
7 6 14 10 5 4 12 11 2 16 0 13 15 9 8 3 
4 6 13 0 7 12 16 3 5 8 10 14 1 15 9 11 
5 2 7 0 11 14 15 16 8 6 13 9 4 1 10 12 
7 8 13 12 11 5 0 15 10 1 16 9 14 6 2 3 
4 1 13 15 8 14 10 11 6 0 3 12 7 2 9 16 
0 1 11 9 2 4 16 5 12 10 14 15 8 3 13 7 
4 0 15 2 8 6 16 3 5 10 12 11 13 9 1 14 
11 9 14 13 3 12 15 0 4 10 7 16 5 1 6 2 
10 4 6 14 3 1 13 11 8 5 0 15 7 2 16 12 
2 6 11 12 9 7 4 13 5 1 3 16 0 15 8 14 
15 0 12 10 1 8 2 9 5 3 14 13 4 6 16 7 
1 14 2 15 16 5 0 4 3 13 11 8 6 7 10 9 
14 0 16 3 2 4 10 12 9 15 5 6 11 8 7 1 
10 4 16 8 0 11 7 1 6 3 12 5 9 13 2 15 
3 8 2 13 14 9 12 16 11 0 7 6 10 4 5 1 
0 8 10 9 2 13 5 11 6 3 1 15 12 7 14 4 
