8 5 2 15 16 7 9 14 4 12 10 13 11 3 1 6 
3 6 2 15 9 11 12 0 8 4 10 13 16 5 7 14 
6 5 10 16 12 11 15 0 4 13 8 9 7 3 1 14 
15 0 14 1 8 13 4 10 11 6 5 12 9 2 16 7 
2 6 3 1 9 14 5 15 7 11 0 8 12 13 16 10 
10 3 1 15 7 6 2 8 9 4 12 13 0 11 14 16 
11 12 13 0 3 7 14 1 9 8 4 2 15 5 10 16 
9 2 8 3 0 6 15 11 12 1 13 4 10 5 16 14 
11 3 1 4 10 13 15 14 12 9 0 7 5 16 2 6 
16 10 2 12 13 8 15 6 11 4 5 14 3 7 0 1 
8 4 6 12 5 14 11 15 2 0 16 9 13 1 7 3 
0 3 14 1 2 13 10 8 15 4 12 6 9 5 16 7 
0 3 9 1 5 6 13 2 8 7 16 4 10 14 11 15 
11 2 1 3 15 14 0 12 16 8 7 10 5 6 9 4 
6 5 11 15 0 12 8 7 3 4 13 10 1 2 9 16 
11 5 2 14 0 1 3 16 7 6 4 10 12 9 8 13 
12 3 13 4 5 6 1 9 0 8 2 15 14 11 10 7 
