9 4 2 15 16 7 14 5 1 10 12 6 11 13 8 3 
2 11 9 12 15 14 13 4 10 0 8 6 5 7 16 3 
11 3 14 7 12 13 10 4 9 15 1 0 16 6 5 8 
7 16 4 9 5 1 15 8 2 10 0 13 6 14 11 12 
1 6 9 11 12 14 2 15 7 10 0 5 8 13 16 3 
9 13 1 14 4 15 8 3 2 7 10 16 0 12 11 6 
4 10 16 14 1 0 7 12 5 3 8 13 9 11 15 2 
5 10 2 0 1 4 15 13 8 9 16 3 12 14 6 11 
12 11 13 14 5 1 15 4 6 7 16 3 9 2 10 0 
0 7 2 16 1 10 13 5 4 11 6 12 15 3 8 14 
7 3 5 0 8 2 9 14 12 4 13 15 6 1 11 16 
7 0 1 9 2 12 14 10 6 16 5 8 15 4 13 3 
0 3 4 15 7 8 13 10 1 6 16 5 11 2 14 9 
12 9 4 15 6 11 14 1 16 2 0 7 8 5 3 10 
15 1 3 16 11 6 12 4 8 9 5 2 10 7 13 0 
10 0 14 11 4 13 12 3 2 8 5 9 1 6 7 16 
12 6 13 14 15 5 8 3 7 4 1 10 2 9 11 0 
