11 2 14 1 5 8 9 13 7 16 15 10 4 12 6 3 
8 12 11 4 14 9 5 13 3 6 7 15 10 0 2 16 
9 11 15 0 13 14 16 3 8 7 10 1 12 4 5 6 
15 16 6 9 7 10 0 13 5 4 1 14 12 2 8 11 
3 0 6 11 9 16 2 15 13 8 14 1 7 5 12 10 
7 4 14 11 13 12 6 3 15 0 9 1 16 8 10 2 
13 11 2 10 7 9 14 3 8 0 12 5 16 1 4 15 
1 16 6 12 14 0 2 15 11 5 9 3 4 8 10 13 
13 4 15 2 10 3 12 0 16 11 6 5 7 9 14 1 
4 7 16 2 6 5 13 0 1 11 10 12 3 8 14 15 
9 0 11 12 7 5 2 8 6 16 14 15 4 13 3 1 
16 13 14 8 1 2 9 3 7 0 4 6 15 12 5 10 
7 6 13 11 4 8 9 2 5 14 3 10 15 0 1 16 
5 11 2 15 12 0 16 7 6 8 14 1 3 10 4 9 
4 8 9 16 2 5 12 3 7 11 0 13 1 10 6 15 
0 4 10 14 3 6 8 11 13 1 2 5 16 12 9 7 
3 11 7 1 14 9 6 10 0 4 5 2 15 13 8 12 
