6 11 4 7 15 9 3 14 5 10 8 13 2 16 12 1 
16 7 2 0 4 5 6 8 11 14 9 3 12 15 13 10 
8 7 14 12 16 5 13 10 15 4 11 6 9 1 0 3 
9 16 5 12 7 1 2 0 14 15 6 4 13 11 8 10 
7 0 11 3 15 6 8 14 13 10 2 1 5 12 16 9 
1 9 10 2 7 8 13 0 4 11 3 6 12 16 14 15 
11 0 7 8 5 10 3 13 16 9 1 2 4 14 15 12 
6 11 3 4 8 9 14 1 10 5 12 13 0 16 2 15 
9 3 6 7 4 5 10 2 1 15 13 16 12 11 0 14 
10 12 0 5 2 16 1 14 4 11 6 15 8 3 7 13 
16 5 15 2 6 7 4 11 9 1 12 0 8 13 14 3 
13 10 1 8 14 2 9 12 5 3 4 6 15 16 7 0 
3 15 14 9 13 5 10 2 4 1 16 0 7 8 11 6 
4 11 6 0 8 7 16 5 12 10 2 1 15 9 3 14 
6 5 3 4 9 12 15 2 16 11 7 10 1 8 13 0 
11 1 16 0 7 3 13 5 8 10 4 6 2 9 12 14 
6 11 5 3 8 14 2 10 1 7 13 0 15 12 9 4 
