12 5 8 7 11 1 15 2 6 14 16 10 13 4 9 3 
6 14 10 7 5 4 11 2 9 13 8 3 16 15 0 12 
4 0 6 9 7 13 12 16 5 14 10 8 11 15 3 1 
0 2 5 7 16 11 15 14 8 6 13 9 12 1 4 10 
8 12 11 7 15 5 0 13 1 9 10 16 3 2 6 14 
3 15 9 4 8 10 11 14 6 1 0 12 16 2 13 7 
9 4 0 13 2 11 5 16 10 3 12 15 8 7 1 14 
2 10 6 11 8 0 3 16 5 14 12 9 15 4 13 1 
14 3 11 13 4 12 0 15 7 16 9 10 6 1 2 5 
6 14 13 10 11 7 1 4 0 5 15 8 12 16 3 2 
2 6 8 16 4 7 11 9 1 12 3 5 15 14 0 13 
0 16 5 12 2 9 8 1 14 13 3 4 10 7 6 15 
7 1 2 15 0 4 9 16 10 8 11 3 14 6 13 5 
7 0 11 16 2 10 12 4 15 8 9 5 3 6 14 1 
8 0 4 10 1 7 2 15 3 12 9 5 16 13 11 6 
10 13 8 9 2 12 16 11 3 0 7 6 4 5 14 1 
8 15 10 13 0 5 2 11 6 9 14 1 7 12 4 3 
