14 3 13 5 8 12 7 9 11 4 2 16 6 15 10 1 
5 12 7 10 8 9 2 15 6 14 0 13 4 11 16 3 
5 10 1 14 12 16 4 9 8 11 15 13 6 7 0 3 
11 2 14 1 16 15 9 8 4 6 0 13 10 5 7 12 
16 1 2 15 10 0 3 11 9 8 6 13 14 5 7 12 
6 9 12 14 8 1 0 2 11 13 3 4 10 15 7 16 
1 4 12 9 11 0 2 3 14 5 10 13 7 16 8 15 
14 11 15 0 2 16 8 1 12 6 5 10 4 13 9 3 
12 7 0 5 16 9 15 2 3 13 11 4 6 10 1 14 
5 11 14 1 10 13 3 4 16 6 2 15 0 7 8 12 
16 8 14 1 5 6 12 7 0 3 2 15 13 4 11 9 
14 0 12 2 4 15 9 16 13 1 6 8 5 3 7 10 
4 13 3 9 16 5 11 14 6 8 10 1 7 0 2 15 
16 1 8 2 9 15 4 12 6 11 3 14 0 10 7 5 
6 10 16 1 15 4 12 11 13 8 5 3 2 0 7 9 
14 10 9 4 7 6 0 13 3 12 11 5 16 2 1 8 
13 1 7 9 0 2 12 6 8 4 15 3 5 10 14 11 
