8 5 2 15 9 16 1 14 10 13 4 12 3 7 11 6 
3 6 2 15 11 0 12 9 10 4 8 13 5 16 14 7 
10 5 16 6 0 12 15 11 8 9 4 13 7 3 14 1 
15 0 14 1 10 4 13 8 11 6 12 5 2 9 16 7 
6 2 3 1 14 5 9 15 0 8 7 11 16 10 12 13 
7 3 10 1 8 6 2 15 9 13 4 12 14 0 11 16 
12 11 13 0 3 7 1 14 9 2 8 4 10 5 16 15 
3 8 2 9 11 15 6 0 13 12 1 4 16 10 5 14 
4 3 1 11 15 13 14 10 9 7 12 0 6 2 5 16 
10 2 0 13 12 8 6 15 11 14 4 5 7 1 16 3 
8 6 4 12 11 14 15 5 16 0 2 9 7 3 13 1 
0 3 14 1 8 10 13 2 12 15 4 6 16 7 9 5 
0 1 3 9 2 5 6 13 4 7 8 16 14 10 15 11 
2 1 11 3 14 0 12 15 10 7 8 16 9 5 6 4 
15 6 11 5 12 0 8 7 10 4 13 3 2 1 9 16 
2 16 5 14 0 1 11 3 10 4 7 6 8 12 9 13 
3 13 4 12 9 5 1 6 8 0 15 2 11 7 14 10 
