8 9 16 15 10 3 1 14 13 2 4 6 7 5 12 11 
10 2 7 4 5 6 13 0 9 16 8 11 14 15 3 12 
13 10 8 15 14 4 3 9 6 16 12 7 0 1 5 11 
8 1 5 6 10 0 2 4 11 12 15 13 7 16 14 9 
14 12 0 13 9 10 6 7 1 15 5 11 8 2 16 3 
2 13 9 7 6 0 16 3 15 4 1 14 8 10 12 11 
3 2 12 9 15 11 13 10 4 8 5 14 7 16 1 0 
14 15 8 16 0 5 2 12 10 11 1 13 6 3 4 9 
1 2 16 3 11 4 7 12 15 5 13 0 14 10 6 9 
11 3 7 0 10 5 2 15 12 6 8 14 1 13 4 16 
4 16 2 11 5 3 1 9 8 15 14 0 12 6 7 13 
14 2 9 5 4 12 3 1 0 16 6 15 10 8 13 7 
3 4 15 2 7 6 1 5 8 10 9 0 13 14 11 16 
1 2 7 0 10 5 12 14 15 4 9 8 11 6 3 16 
5 6 7 3 9 12 1 13 0 11 8 10 4 16 2 15 
0 8 4 1 12 7 16 9 11 14 6 2 10 13 3 5 
4 2 5 11 0 9 15 12 3 6 10 1 7 8 13 14 
