8 6 2 15 13 10 5 9 7 4 11 1 12 14 3 16 
7 9 3 16 12 8 13 11 10 6 2 0 5 4 14 15 
4 6 1 3 8 13 14 9 7 15 12 5 10 0 16 11 
12 8 7 5 16 4 10 2 14 11 6 9 15 1 0 13 
15 16 7 12 8 1 11 0 2 14 10 3 13 9 5 6 
4 2 0 13 7 14 11 10 6 1 16 12 9 3 15 8 
12 2 1 14 15 0 5 11 16 4 9 10 8 13 3 7 
5 12 10 2 8 11 16 13 15 0 3 4 6 9 14 1 
15 10 7 14 16 1 2 5 4 3 11 13 6 0 9 12 
5 8 16 14 12 4 11 6 10 1 15 3 7 2 0 13 
11 14 2 7 13 15 12 4 3 8 0 9 1 5 6 16 
12 9 1 2 8 10 4 0 16 15 6 14 5 7 13 3 
11 10 7 0 3 2 13 6 4 5 14 1 8 16 15 9 
1 8 2 15 14 12 11 0 3 5 10 6 4 16 9 7 
15 13 7 1 2 11 16 3 12 10 8 9 0 6 4 5 
7 6 4 8 3 12 14 1 9 5 2 11 16 10 0 13 
12 13 10 6 15 11 3 5 14 4 8 2 1 7 0 9 
