4 7 8 11 6 13 1 16 12 3 10 14 5 9 2 15 
6 7 8 15 4 12 13 3 0 9 2 14 11 5 16 10 
14 7 6 5 15 4 10 13 11 9 1 3 0 8 12 16 
4 9 1 10 7 0 11 5 2 8 6 16 12 13 14 15 
12 1 8 11 0 3 7 15 14 6 16 2 5 10 13 9 
13 0 2 15 7 8 16 11 1 6 9 4 3 10 12 14 
11 13 3 16 5 2 9 4 1 7 0 12 8 14 15 10 
8 9 6 0 11 10 2 4 12 13 3 16 15 5 14 1 
1 5 13 2 9 15 3 16 12 7 14 6 4 10 11 0 
7 15 1 12 10 8 3 2 4 5 14 16 6 11 13 0 
8 5 3 14 9 13 7 4 0 15 1 16 12 6 11 2 
8 1 10 2 14 9 13 0 7 16 12 5 15 4 6 3 
1 6 3 5 15 9 7 10 2 14 16 4 11 8 13 0 
16 9 15 11 1 8 2 3 14 4 0 5 10 12 6 7 
1 10 0 16 13 8 2 7 5 4 12 15 6 3 11 9 
5 12 11 2 8 13 14 1 16 10 7 9 3 0 4 6 
3 0 15 2 13 10 5 6 12 8 4 9 7 11 1 14 
