13 7 8 4 5 10 15 3 16 2 1 6 9 11 14 12 
0 7 12 9 6 5 3 8 11 16 4 15 2 10 14 13 
12 15 3 16 4 13 5 9 6 7 11 14 0 10 1 8 
16 7 14 1 5 11 8 4 10 15 6 0 12 2 13 9 
9 8 6 15 16 11 2 10 5 1 7 0 14 3 13 12 
4 3 1 10 7 8 13 15 0 2 9 16 11 6 14 12 
7 10 4 2 3 15 11 5 0 12 8 16 13 9 1 14 
13 6 1 15 14 10 5 9 11 8 12 2 0 4 3 16 
7 15 14 10 0 1 3 2 5 13 12 16 6 4 9 11 
5 14 8 0 12 7 15 2 11 3 1 13 6 4 10 16 
2 0 6 5 9 4 3 14 1 12 15 8 13 7 16 11 
12 10 0 13 9 6 7 16 4 5 15 2 8 3 1 14 
3 8 9 10 16 14 2 15 11 7 5 1 6 4 0 13 
4 14 0 15 2 8 11 10 1 16 9 5 7 6 12 3 
10 16 13 5 1 6 12 8 7 2 3 4 15 11 9 0 
4 8 14 16 9 1 2 13 12 5 10 6 7 3 0 11 
15 4 1 12 11 9 13 0 5 7 10 8 2 3 14 6 
