10 8 13 15 9 1 12 6 3 16 7 5 4 14 11 2 
5 4 9 0 3 6 15 11 8 10 2 14 7 13 12 16 
13 11 15 8 1 7 16 12 0 9 6 4 10 14 5 3 
14 10 2 8 5 16 0 12 11 4 1 9 13 7 15 6 
5 10 13 9 2 0 7 16 11 8 14 1 15 6 3 12 
14 11 13 16 10 4 6 9 15 7 8 3 1 12 0 2 
15 8 10 14 0 5 3 16 1 2 9 11 4 12 13 7 
0 1 3 15 16 5 2 8 10 14 13 12 6 9 4 11 
1 11 2 15 9 5 0 4 14 10 13 16 3 6 12 7 
11 6 1 14 12 4 2 0 15 13 7 16 5 10 3 8 
0 12 16 3 7 4 9 6 14 13 15 2 11 1 5 8 
9 0 5 10 12 16 2 8 13 3 4 7 6 15 14 1 
0 6 16 3 11 1 2 8 13 4 15 7 14 10 5 9 
0 12 3 5 4 2 8 11 9 15 7 10 6 16 14 1 
5 2 16 13 15 1 8 11 9 12 10 7 0 4 3 6 
13 7 9 4 6 0 3 12 2 8 16 1 11 14 5 10 
5 4 10 9 0 12 3 6 2 1 11 8 13 14 7 15 
