3 7 10 15 1 12 6 5 2 9 4 14 13 16 11 8 
9 7 15 2 10 4 6 0 5 8 16 3 12 14 11 13 
11 4 1 14 10 6 15 12 7 9 0 13 5 8 3 16 
0 12 9 5 7 11 13 16 6 8 1 14 10 4 2 15 
12 14 9 13 2 6 1 8 0 7 11 10 5 15 16 3 
7 6 13 0 3 9 2 15 4 10 11 12 8 16 14 1 
4 12 11 1 8 5 16 3 9 14 2 10 15 7 0 13 
4 8 2 15 16 9 12 6 5 11 1 14 3 10 13 0 
0 1 3 10 13 7 6 12 5 9 14 2 11 15 4 16 
3 10 12 6 8 2 0 13 7 1 15 5 11 16 4 14 
14 13 11 12 6 4 2 15 8 5 9 16 7 1 3 0 
5 3 7 15 13 14 10 9 1 2 0 6 8 16 4 12 
0 1 3 10 2 9 11 6 16 13 7 8 5 15 14 4 
1 8 2 0 15 6 10 3 16 14 5 9 7 4 11 12 
3 15 8 6 7 13 12 11 16 9 2 1 4 5 0 10 
11 16 8 1 3 2 4 14 13 12 9 5 10 0 6 7 
12 7 13 0 2 1 3 11 8 4 15 6 10 9 14 5 
