10 6 2 5 13 11 3 14 9 4 15 12 8 7 1 16 
12 6 0 13 11 2 5 16 8 15 7 3 9 14 10 4 
9 10 11 3 0 5 14 12 1 8 7 16 4 6 15 13 
15 6 4 7 11 1 0 8 13 10 9 12 2 14 5 16 
8 11 10 3 13 7 1 2 14 0 6 9 16 12 5 15 
10 15 12 16 1 8 7 9 11 13 6 3 0 4 2 14 
15 4 5 0 2 14 7 16 12 9 3 1 11 10 13 8 
2 9 0 16 14 6 4 5 10 13 1 12 8 3 15 11 
2 16 10 9 7 3 11 13 14 5 4 0 12 15 6 1 
14 8 3 13 12 5 15 1 0 6 16 10 4 7 11 2 
3 11 6 4 7 15 5 13 0 9 12 8 2 16 14 1 
9 14 4 15 5 0 12 1 13 3 6 10 16 8 2 7 
15 8 16 7 5 1 6 2 11 3 0 13 10 4 9 14 
12 11 15 2 4 5 16 1 9 14 3 7 10 8 6 0 
4 2 7 11 12 9 3 5 10 15 16 1 6 8 13 0 
7 16 2 1 6 4 14 0 12 5 10 9 13 3 8 11 
9 12 10 0 6 5 1 14 15 13 8 7 4 3 11 2 
