13 15 11 4 8 14 12 7 6 5 3 16 1 2 10 9 
3 7 13 0 11 14 9 6 15 12 5 16 2 10 4 8 
7 12 14 9 6 0 3 1 5 13 4 16 10 8 11 15 
13 2 8 7 16 0 12 11 6 10 5 1 15 4 9 14 
8 7 9 16 15 13 3 12 10 14 0 5 2 11 1 6 
6 0 2 4 12 11 13 9 10 16 14 8 3 1 7 15 
12 7 8 13 16 0 14 1 15 4 11 3 5 10 9 2 
13 11 2 16 9 3 1 14 8 5 4 12 6 0 15 10 
11 6 12 14 15 4 1 0 10 13 16 3 5 7 9 2 
0 4 12 10 11 3 8 2 5 13 15 14 1 7 6 16 
12 3 2 1 11 16 0 7 5 6 14 13 15 9 8 4 
6 7 5 3 4 14 16 13 9 1 8 10 12 0 2 15 
10 15 13 0 11 9 6 8 5 1 3 16 7 2 14 4 
9 0 3 8 1 4 15 10 2 16 6 12 7 5 11 14 
6 7 5 15 1 8 4 11 3 0 12 10 9 16 13 2 
4 1 9 16 0 12 2 14 8 5 13 6 10 3 7 11 
4 6 13 12 8 15 1 14 7 11 0 10 3 5 9 2 
