12 1 8 5 10 4 16 3 11 14 2 15 9 7 6 13 
13 10 2 8 6 5 11 0 7 14 15 12 9 4 16 3 
0 16 1 14 12 3 13 4 9 5 6 15 10 7 8 11 
0 7 4 2 11 15 10 8 14 16 6 13 9 1 5 12 
7 6 0 3 11 1 15 2 16 8 12 13 9 5 14 10 
12 2 16 3 4 15 14 7 1 6 0 10 13 9 11 8 
3 5 1 13 9 15 16 11 10 4 7 8 0 2 12 14 
14 9 13 10 4 1 12 6 8 11 16 0 3 5 2 15 
12 6 15 4 9 2 16 10 5 7 0 13 11 3 14 1 
8 0 3 14 15 7 16 1 6 13 2 11 12 4 5 10 
11 3 9 7 2 5 14 16 0 6 15 12 13 1 4 8 
2 1 10 7 8 16 14 6 3 0 9 5 12 13 4 15 
10 14 5 11 7 13 16 1 3 15 8 6 2 4 0 9 
2 6 10 14 4 9 1 0 12 7 11 3 8 15 16 5 
11 1 3 15 16 10 0 12 4 13 2 5 6 9 8 7 
7 11 13 0 10 3 14 1 12 2 8 9 5 4 6 16 
6 3 10 12 8 2 1 7 14 4 9 11 15 5 13 0 
