6 2 14 1 3 15 13 9 16 7 4 12 11 8 10 5 
11 0 6 12 4 10 8 2 5 16 7 9 13 3 15 14 
5 15 1 10 6 7 13 16 8 4 14 9 3 12 11 0 
11 5 6 8 12 10 16 4 15 9 1 7 14 2 0 13 
7 0 12 10 1 9 11 15 6 14 5 13 8 2 16 3 
9 6 2 12 11 7 3 16 14 10 13 0 4 1 8 15 
5 15 1 10 11 3 7 14 9 2 4 12 8 16 0 13 
10 9 1 5 3 2 13 12 0 11 6 16 14 8 4 15 
4 12 5 11 9 13 2 15 7 10 3 16 6 0 1 14 
5 3 6 11 10 12 16 2 8 4 15 13 7 0 14 1 
5 12 15 3 14 2 13 0 7 16 8 11 4 6 9 1 
5 6 9 10 14 4 2 15 13 8 16 3 7 12 1 0 
5 7 10 0 13 16 4 11 3 6 15 8 2 9 1 14 
4 14 3 16 8 0 15 2 9 7 6 12 11 5 1 10 
16 0 8 12 4 13 1 10 5 6 11 2 3 9 15 7 
9 13 6 3 16 11 0 1 7 14 12 8 4 10 2 5 
8 3 11 1 9 14 15 2 6 10 7 0 13 4 5 12 
