9 10 5 3 6 14 8 16 12 13 11 7 1 4 2 15 
11 0 5 16 4 14 13 6 7 3 2 8 9 10 12 15 
13 4 6 9 5 3 11 8 12 10 16 7 0 15 14 1 
9 10 14 1 13 5 15 4 2 7 8 11 0 12 6 16 
8 14 15 16 2 5 0 13 12 6 1 9 10 3 11 7 
10 3 7 9 13 2 12 11 15 4 6 1 14 16 8 0 
13 14 16 4 1 10 2 15 7 0 12 5 8 9 3 11 
6 2 1 14 5 4 13 0 8 15 3 9 16 11 12 10 
2 15 3 16 11 13 1 7 9 10 14 12 5 4 0 6 
11 0 8 6 1 10 16 3 12 7 15 2 5 14 13 4 
6 13 4 15 12 9 5 11 14 3 0 2 1 7 8 16 
8 1 7 10 13 9 3 16 12 14 5 0 6 4 15 2 
4 6 15 1 14 2 10 7 16 8 0 13 11 3 5 9 
10 7 14 1 15 6 0 5 8 12 2 9 11 4 16 3 
4 1 9 15 2 8 3 7 5 6 0 13 12 10 11 16 
3 5 1 4 12 7 0 9 8 10 11 16 14 13 6 2 
3 2 13 14 7 11 4 6 1 9 15 8 5 12 10 0 
