5 8 13 12 15 11 7 1 16 10 6 14 3 2 9 4 
10 6 14 7 2 4 5 11 12 16 13 0 15 3 9 8 
0 4 6 9 13 12 16 7 8 14 5 10 3 15 1 11 
5 0 2 7 15 14 11 16 8 6 9 13 10 12 1 4 
13 12 7 8 11 15 5 0 1 16 9 10 14 2 6 3 
13 1 15 4 8 14 11 10 3 12 0 6 16 7 9 2 
0 11 1 9 2 5 16 4 10 15 12 3 13 7 8 14 
0 4 15 2 8 6 3 16 12 10 14 5 9 1 13 11 
3 14 11 13 9 0 15 12 16 4 10 7 2 1 6 5 
6 4 12 14 3 11 1 13 8 15 0 5 2 7 10 16 
11 16 2 6 7 8 9 4 1 12 5 3 14 15 13 0 
15 12 0 16 2 9 8 1 13 3 14 4 7 10 5 6 
1 6 15 2 4 5 16 0 11 14 3 8 10 13 9 7 
14 0 3 16 2 12 4 10 6 15 9 5 8 1 7 11 
8 0 10 4 1 16 7 11 12 5 3 9 6 13 2 15 
8 2 13 14 9 12 11 16 7 6 0 3 1 4 10 5 
9 8 0 10 5 11 2 13 3 15 6 1 4 14 12 7 
