10 5 3 9 8 6 14 16 12 13 7 11 1 4 15 2 
5 0 11 16 4 6 13 14 7 3 8 2 12 9 15 10 
4 9 6 13 11 8 5 3 16 12 0 10 15 7 1 14 
9 10 14 1 4 5 13 15 11 2 8 7 0 12 6 16 
8 15 16 14 5 2 13 0 1 6 12 9 3 7 11 10 
7 3 9 10 2 12 13 11 4 1 15 6 16 8 0 14 
16 4 14 13 10 1 2 15 5 7 0 12 3 8 9 11 
16 2 6 1 5 4 0 13 8 15 9 3 14 12 10 11 
2 15 3 16 13 1 7 11 12 10 14 9 0 5 6 4 
8 6 15 0 10 1 3 16 11 7 12 2 5 13 4 14 
4 13 15 6 5 12 11 9 0 14 3 2 16 8 1 7 
10 1 8 7 13 9 3 16 12 14 5 0 6 4 2 15 
1 6 4 15 2 14 7 10 8 16 0 13 11 3 5 9 
7 10 14 1 4 15 5 6 2 9 8 12 11 0 16 3 
15 1 9 4 3 2 7 8 6 5 0 13 12 11 10 16 
3 5 1 4 12 0 7 9 8 10 11 16 13 6 14 2 
13 2 3 14 4 7 11 6 8 9 15 1 5 0 12 10 
