13 5 10 7 3 1 15 8 6 4 16 2 9 12 11 14 
6 16 4 13 5 9 14 12 2 3 10 7 8 0 15 11 
12 15 8 9 13 7 10 6 1 16 5 4 3 11 14 0 
14 15 8 0 6 13 2 9 10 1 5 7 11 12 16 4 
14 11 0 6 1 8 9 15 16 12 2 13 7 10 3 5 
8 0 14 11 3 1 2 15 10 7 9 12 4 16 13 6 
9 10 3 16 8 11 15 1 4 12 2 13 7 0 5 14 
5 11 15 10 13 12 2 1 6 8 9 3 14 4 16 0 
4 13 16 10 7 3 2 6 11 9 5 14 15 1 0 12 
10 8 3 6 2 4 5 14 12 1 13 16 11 0 7 15 
1 4 2 8 6 13 3 16 5 14 7 12 11 9 15 0 
12 9 6 16 10 13 7 4 3 0 2 1 5 14 8 15 
7 5 3 0 16 13 4 10 9 11 14 8 1 6 15 2 
11 12 14 9 16 8 15 1 4 2 10 6 3 5 0 7 
7 13 5 12 0 4 3 16 15 1 9 11 8 10 2 6 
5 4 12 8 13 2 6 10 11 7 3 1 16 9 14 0 
10 7 15 12 5 13 11 4 3 2 0 1 9 8 14 6 
