12 8 5 13 15 11 1 7 6 14 16 10 2 4 9 3 
6 7 10 14 11 5 12 4 2 16 13 0 3 8 9 15 
6 4 0 13 7 12 16 3 15 1 10 8 11 9 5 14 
7 2 5 0 4 15 8 14 9 6 13 11 12 16 1 10 
8 7 12 13 1 11 15 5 16 9 10 0 2 14 6 3 
1 15 13 4 11 14 8 10 7 3 6 12 0 9 16 2 
0 1 11 9 5 4 2 16 15 10 12 14 3 8 13 7 
4 0 2 15 8 6 16 3 12 1 11 5 14 9 10 13 
13 11 1 14 3 15 12 9 10 4 7 16 0 2 6 5 
6 11 10 4 3 13 14 1 0 8 15 5 7 2 16 12 
6 5 11 2 13 4 9 7 12 1 3 16 8 14 0 15 
4 14 0 10 6 8 9 2 13 12 3 5 15 1 7 16 
6 1 15 2 16 0 5 4 13 8 11 3 10 7 14 9 
14 0 16 3 4 10 2 12 15 6 5 9 8 1 11 7 
4 16 10 8 1 7 12 11 3 0 6 5 9 13 2 15 
13 8 3 2 9 14 12 16 7 6 0 11 10 5 1 4 
8 9 0 10 13 11 2 5 6 3 1 15 14 4 7 12 
