5 13 9 3 8 16 14 6 12 11 4 10 1 7 2 15 
0 16 11 12 13 6 14 4 7 8 15 3 10 5 2 9 
6 13 14 4 9 8 3 11 16 0 10 12 1 5 7 15 
13 10 9 14 4 15 1 5 12 11 2 16 8 6 0 7 
15 13 3 16 0 8 2 5 6 12 14 1 7 10 9 11 
1 6 7 15 11 2 12 10 4 9 3 13 16 0 14 8 
4 14 13 16 7 10 15 2 5 1 12 0 8 3 11 9 
16 6 4 2 1 5 0 13 15 8 9 3 12 11 10 14 
5 3 0 15 7 1 11 9 14 16 12 10 6 13 4 2 
13 11 15 7 16 1 12 10 3 2 4 8 0 6 5 14 
8 6 4 15 9 12 11 5 2 3 13 0 16 7 1 14 
10 1 7 4 13 9 16 3 5 12 0 14 8 6 2 15 
6 4 1 15 2 14 10 7 8 16 13 0 3 5 9 11 
3 0 1 14 5 4 15 16 11 12 8 7 6 2 9 10 
4 9 15 1 2 10 8 7 5 6 13 0 11 12 16 3 
1 12 9 2 4 0 3 16 6 7 8 10 13 5 11 14 
2 11 12 3 7 1 4 15 6 5 9 8 14 10 13 0 
