8 16 15 9 6 3 1 14 2 10 13 4 11 12 5 7 
4 10 2 7 5 6 13 0 16 8 9 11 14 15 3 12 
13 8 15 10 4 14 9 3 6 7 16 12 5 0 1 11 
6 5 1 8 2 0 10 4 15 13 11 12 16 9 7 14 
12 14 13 0 6 7 10 9 5 15 1 11 2 8 16 3 
9 7 13 2 6 0 16 3 15 4 1 14 10 8 11 12 
9 3 12 2 15 11 13 10 8 14 4 5 0 1 16 7 
16 14 15 8 2 12 5 0 1 10 4 11 6 13 9 3 
1 2 16 3 11 12 4 7 5 15 0 13 14 6 9 10 
3 11 7 0 5 10 15 2 12 8 6 14 4 1 13 16 
16 2 11 4 9 1 5 3 15 7 8 0 12 6 14 13 
14 9 5 2 3 1 4 12 0 15 16 6 7 10 13 8 
6 3 15 2 5 7 1 14 9 8 10 0 11 4 13 16 
0 7 1 2 10 5 12 3 4 15 9 8 6 11 14 16 
6 3 5 7 9 1 13 12 10 8 11 0 4 16 2 15 
4 9 0 8 1 16 12 10 2 14 6 11 3 5 7 13 
5 4 11 2 9 15 12 0 6 10 3 1 7 14 8 13 
