6 2 11 9 13 10 3 5 4 15 14 1 8 7 16 12 
16 4 11 2 9 6 10 0 14 7 13 3 12 5 8 15 
14 6 4 9 7 12 1 8 13 10 16 3 11 15 5 0 
7 8 15 12 16 4 1 6 10 14 5 13 2 11 9 0 
12 8 1 14 10 15 0 13 2 6 16 3 11 9 5 7 
16 1 9 8 0 14 4 12 3 7 11 15 13 10 6 2 
9 1 0 16 11 2 8 4 3 10 5 14 12 7 13 15 
13 12 5 1 11 2 4 16 14 6 0 3 9 15 10 8 
11 16 4 6 2 0 14 1 12 3 7 13 9 15 5 10 
2 12 14 1 4 13 16 3 7 5 11 15 10 6 8 0 
1 9 6 8 11 13 5 4 0 12 7 15 14 2 3 16 
8 7 12 13 3 4 5 0 1 15 9 10 16 6 2 14 
0 1 16 3 7 13 5 10 14 4 15 11 9 2 8 6 
0 12 1 9 8 11 16 6 14 4 2 15 10 5 7 3 
0 6 5 3 16 4 10 13 9 2 7 11 8 15 12 1 
3 13 14 4 1 16 2 12 0 6 11 10 9 7 5 8 
12 14 4 2 10 3 1 13 0 8 6 15 11 5 7 9 
