2 3 4 9 13 6 1 14 12 15 7 16 10 5 8 11 
12 6 0 13 10 4 9 15 7 3 11 5 8 14 16 2 
6 4 5 10 12 16 7 13 15 11 14 8 0 1 9 3 
6 4 2 8 10 12 5 14 0 9 7 1 15 13 11 16 
1 3 2 5 0 6 9 10 13 11 15 12 14 8 16 7 
6 0 2 1 7 11 3 16 10 13 9 14 8 15 12 4 
10 0 1 12 11 7 4 5 9 2 3 13 15 16 14 8 
5 12 9 13 2 10 3 1 16 6 11 0 15 4 8 14 
10 16 12 1 11 9 13 0 14 15 5 4 6 2 3 7 
15 1 8 5 14 10 16 7 12 6 4 2 3 11 0 13 
7 1 5 0 12 13 14 2 8 15 11 16 9 4 6 3 
0 9 10 6 4 14 15 2 12 8 13 16 1 5 7 3 
5 0 1 4 13 7 3 16 8 15 11 6 9 2 10 14 
3 10 6 0 7 5 15 16 11 2 12 9 4 8 1 14 
0 8 3 2 1 10 4 9 16 11 6 12 7 13 15 5 
8 2 3 5 16 1 0 4 7 11 6 12 10 14 9 13 
9 3 6 10 15 14 0 13 7 12 11 8 2 1 4 5 
