5 12 13 10 1 6 4 8 7 15 14 16 3 11 2 9 
10 6 0 13 5 11 12 4 16 2 14 7 9 3 8 15 
4 16 13 0 7 3 6 12 8 10 15 1 11 14 9 5 
5 7 9 0 12 14 8 4 13 2 1 11 6 16 15 10 
16 13 7 12 5 1 11 10 0 8 15 9 14 3 2 6 
7 15 13 11 3 8 4 14 10 6 12 1 16 0 2 9 
11 1 13 0 4 2 16 5 14 10 12 3 7 9 8 15 
15 12 1 0 16 6 8 2 4 3 13 11 14 9 10 5 
11 0 1 14 10 15 9 12 7 4 3 16 2 13 5 6 
7 10 6 8 12 13 14 1 0 11 5 15 2 4 3 16 
12 16 6 11 9 4 13 5 2 7 14 1 15 3 8 0 
14 4 10 0 12 7 6 16 3 8 2 5 9 13 15 1 
6 1 2 15 16 7 8 4 10 0 3 11 9 5 13 14 
12 16 3 0 2 5 1 11 9 4 6 15 14 8 10 7 
7 15 11 8 1 13 9 12 0 5 3 6 4 16 10 2 
3 8 13 2 9 12 1 14 11 6 4 0 7 5 10 16 
0 8 1 6 13 7 2 14 10 15 3 9 11 12 5 4 
