7 15 12 14 3 11 1 4 9 8 5 16 13 6 10 2 
0 14 2 15 5 3 11 12 13 10 6 4 7 9 8 16 
6 5 16 9 10 14 7 8 11 4 3 12 15 1 13 0 
0 14 2 15 12 4 13 11 1 7 5 16 6 9 10 8 
16 9 10 2 6 8 13 0 5 12 11 3 15 7 14 1 
6 1 13 10 15 4 3 16 11 2 0 12 8 9 14 7 
8 14 13 0 3 1 15 4 11 16 5 10 7 2 12 9 
0 14 2 9 12 13 1 10 5 8 6 16 3 4 15 11 
5 16 12 6 10 15 1 7 9 0 14 2 13 3 11 4 
15 0 14 1 5 11 4 3 6 13 16 8 12 2 7 10 
11 4 1 13 9 12 2 7 5 15 14 3 0 6 16 8 
9 5 6 16 3 10 13 12 14 2 8 0 7 1 15 4 
4 1 15 3 6 5 7 13 16 10 9 8 11 0 14 2 
2 0 14 9 6 4 3 15 7 1 8 10 5 12 16 11 
5 0 12 7 11 4 1 3 10 16 2 15 9 13 6 8 
5 11 3 12 16 7 6 9 0 14 4 2 1 13 10 8 
1 6 3 13 10 8 9 14 12 5 2 7 4 15 11 0 
