13 1 7 6 4 5 12 11 14 10 2 15 9 8 16 3 
4 2 5 11 16 6 0 13 10 9 3 8 12 15 7 14 
12 8 1 14 16 10 6 7 15 13 5 9 11 0 4 3 
9 16 1 14 8 11 0 4 12 10 2 15 5 13 7 6 
13 1 7 12 14 5 2 15 6 0 16 11 3 10 8 9 
15 16 11 7 6 4 3 0 2 10 8 14 12 9 1 13 
14 13 15 5 9 10 8 1 2 7 4 3 16 0 12 11 
3 1 9 2 15 11 13 0 8 6 16 10 14 4 12 5 
12 14 10 15 16 9 11 2 4 0 3 5 13 1 7 6 
13 14 11 5 15 8 16 3 12 1 10 2 4 7 6 0 
16 15 14 1 8 3 13 9 5 12 7 2 0 4 11 6 
4 8 0 3 9 13 10 15 16 6 14 1 2 5 12 7 
16 11 15 8 6 10 14 1 7 4 5 2 3 9 13 0 
14 3 15 2 4 6 1 11 5 12 7 0 9 8 10 16 
9 6 3 4 11 5 13 8 1 16 0 10 12 7 2 15 
4 11 0 13 8 9 6 16 5 14 7 12 2 3 1 10 
12 0 14 15 1 7 4 2 8 5 9 11 3 13 6 10 
