4 1 13 2 6 3 9 14 15 12 16 7 5 11 10 8 
8 3 12 0 4 5 10 2 11 9 7 6 15 14 16 13 
10 15 1 14 13 7 3 16 5 4 9 8 0 6 11 12 
11 5 8 6 4 12 10 16 9 15 7 1 14 2 13 0 
3 7 11 0 1 9 10 15 5 6 13 14 2 8 12 16 
2 9 12 6 11 7 3 16 10 0 13 14 8 15 4 1 
10 1 5 0 3 14 11 7 4 9 12 2 15 13 16 8 
5 9 10 1 3 13 12 2 6 16 0 11 14 15 4 8 
16 7 12 11 15 10 13 9 4 2 14 5 6 3 1 0 
15 8 1 5 2 14 16 10 4 11 12 6 7 3 13 0 
15 12 3 8 13 2 14 1 5 11 7 16 4 0 6 9 
6 9 10 5 4 14 15 2 8 16 12 13 7 3 1 0 
5 7 0 1 13 4 16 3 8 6 15 11 2 10 14 9 
10 4 3 14 0 5 2 15 6 12 7 9 1 8 16 11 
2 11 0 8 13 1 4 10 12 5 16 6 3 9 15 7 
3 6 2 14 0 16 11 1 8 13 7 12 9 4 10 5 
3 1 9 11 10 14 8 2 12 7 13 0 15 6 5 4 
