5 9 8 2 4 7 16 1 14 10 12 13 11 15 3 6 
0 2 11 9 14 6 13 15 3 5 8 12 10 7 4 16 
14 3 9 10 4 13 1 7 0 15 11 12 5 8 6 16 
6 15 11 9 16 12 5 1 10 2 13 0 8 4 14 7 
11 1 6 16 5 10 14 12 9 8 15 2 7 3 0 13 
0 13 14 1 11 3 8 4 7 9 6 15 12 10 16 2 
12 4 13 0 1 11 16 7 8 5 3 15 10 9 14 2 
5 3 8 4 9 15 6 1 0 2 10 16 11 12 14 13 
14 12 10 13 6 0 1 15 11 4 16 7 3 5 2 9 
2 5 0 10 7 1 4 13 14 12 3 8 11 16 6 15 
3 6 7 5 14 9 0 2 12 16 1 13 11 4 8 15 
9 15 0 13 5 10 12 2 6 7 14 16 8 4 3 1 
3 5 13 0 7 1 15 6 10 8 16 4 9 2 14 11 
7 15 12 1 10 16 14 4 11 9 5 0 8 2 3 6 
6 3 1 15 11 16 4 12 2 9 0 8 5 7 10 13 
14 5 13 0 12 3 7 6 9 2 10 8 16 1 4 11 
14 9 10 0 3 8 2 5 4 6 7 12 15 1 13 11 
