15 12 14 9 6 13 10 8 1 11 16 7 4 5 3 2 
7 9 6 16 10 11 8 4 14 5 2 15 12 3 13 0 
8 0 12 4 1 9 13 3 15 11 14 5 16 7 6 10 
6 7 5 12 4 11 1 14 16 9 15 13 2 0 10 8 
7 12 10 5 11 9 13 0 16 3 2 15 8 6 1 14 
8 4 9 12 3 15 0 6 10 13 14 16 7 1 2 11 
10 1 3 16 0 15 11 8 7 9 4 5 13 12 2 14 
12 6 16 2 0 5 14 1 4 13 10 15 3 11 9 8 
5 1 16 4 9 11 6 0 10 15 12 3 14 7 13 2 
6 2 5 13 0 3 1 10 4 12 11 16 7 14 15 8 
4 15 1 6 12 11 13 5 14 0 3 16 8 7 2 9 
16 0 5 2 15 13 1 8 9 7 10 14 6 4 12 3 
11 8 16 13 2 9 14 1 3 5 6 10 4 15 0 7 
4 15 3 16 2 10 9 5 14 6 11 12 8 7 1 0 
5 8 16 3 2 6 11 10 7 4 0 13 12 15 9 1 
5 8 9 16 10 2 12 0 7 14 3 11 6 13 4 1 
0 10 14 6 12 1 4 2 8 5 15 11 7 3 9 13 
