14 13 6 16 15 9 3 1 4 5 12 7 8 10 2 11 
11 0 12 6 8 10 2 16 7 5 3 15 9 13 14 4 
16 1 5 8 7 15 6 13 4 14 9 10 3 12 0 11 
14 1 5 7 16 10 12 4 13 9 15 6 11 2 0 8 
8 0 12 10 1 11 6 5 14 9 7 15 2 13 3 16 
6 8 9 16 11 3 4 13 10 12 1 14 7 0 2 15 
9 1 10 5 8 13 2 11 4 12 3 16 15 0 14 7 
5 8 10 1 2 12 3 13 0 11 16 6 15 4 9 14 
4 11 12 3 9 13 2 7 10 1 6 5 14 15 0 16 
10 11 5 6 3 16 2 15 12 13 14 1 0 4 8 7 
12 0 15 6 13 9 5 3 7 2 16 11 8 4 1 14 
5 2 1 9 7 4 15 14 16 13 12 8 6 0 10 3 
5 1 15 0 16 4 6 9 2 8 10 3 14 13 11 7 
4 9 3 14 6 0 2 15 16 12 7 8 10 5 1 11 
0 12 2 15 1 9 13 4 5 11 6 8 7 10 3 16 
3 14 13 5 0 16 2 11 12 7 9 4 10 8 1 6 
3 11 1 10 8 14 15 2 0 6 9 7 4 5 13 12 
