5 8 2 15 9 16 1 14 10 4 13 12 3 7 11 6 
3 6 2 15 9 11 0 12 4 8 10 13 14 5 16 7 
6 16 10 5 0 15 12 11 4 8 13 9 3 7 1 14 
15 0 1 14 8 4 10 13 6 11 12 5 7 9 2 16 
3 6 2 1 5 14 15 9 0 11 8 7 12 16 10 13 
10 7 3 1 8 6 2 15 13 12 9 4 16 14 0 11 
12 11 13 0 4 3 7 1 14 8 2 9 5 16 10 15 
2 3 8 9 11 15 6 0 4 13 12 1 14 10 5 16 
3 11 4 1 10 13 14 15 7 9 12 0 5 6 2 16 
10 2 0 13 15 6 12 8 14 11 4 5 7 1 16 3 
4 12 6 8 15 14 11 5 9 0 2 16 3 7 13 1 
0 3 14 1 10 2 8 13 4 15 12 6 9 5 7 16 
0 3 9 1 13 5 2 6 7 4 8 16 10 15 14 11 
1 2 11 3 15 14 0 12 8 16 10 7 9 5 6 4 
15 6 11 5 7 12 0 8 10 3 4 13 1 2 9 16 
16 2 5 14 11 3 0 1 4 10 7 6 8 12 9 13 
3 13 4 12 6 5 9 1 8 0 2 15 11 7 14 10 
