13 6 14 1 9 15 16 3 12 4 5 7 11 10 2 8 
12 11 0 6 8 10 4 2 15 7 3 13 9 14 16 5 
8 1 5 16 6 13 7 15 10 4 14 9 0 12 11 3 
11 5 7 1 16 12 10 4 9 6 15 13 14 8 2 0 
12 0 15 10 1 5 6 11 8 14 9 7 2 13 3 16 
12 9 13 6 3 7 4 11 8 10 14 1 16 0 2 15 
1 5 10 15 8 2 13 11 9 3 4 12 16 7 14 0 
9 16 10 5 3 13 12 2 1 0 6 11 14 4 8 15 
5 4 12 11 9 13 15 2 3 6 1 10 16 0 14 7 
6 3 11 5 10 16 15 2 12 13 1 14 0 8 4 7 
8 5 3 15 6 14 0 13 16 7 2 11 12 9 1 4 
9 1 5 2 7 4 14 15 16 12 13 8 3 10 0 6 
15 9 0 5 4 6 1 16 10 3 8 2 7 11 14 13 
4 9 3 14 0 6 15 2 16 12 8 7 1 11 5 10 
12 2 16 0 1 13 10 4 8 6 5 11 3 15 7 9 
5 3 13 6 11 1 0 16 12 9 8 7 10 2 4 14 
3 1 11 10 14 9 2 15 8 6 7 0 4 5 12 13 
