10 4 6 9 5 7 3 16 2 13 14 12 1 11 15 8 
16 6 4 9 13 3 14 7 10 11 8 0 5 12 15 2 
3 5 8 4 11 9 1 14 0 10 12 7 6 16 15 13 
11 6 5 2 4 12 15 7 0 14 10 16 8 13 9 1 
11 9 3 2 16 12 5 14 15 6 0 8 1 13 7 10 
0 4 12 7 9 3 14 15 13 6 10 11 2 8 1 16 
5 15 16 4 12 11 1 0 7 13 9 14 3 2 8 10 
2 4 9 0 5 10 11 13 1 15 16 3 12 14 8 6 
13 6 15 11 4 2 14 1 16 12 9 10 0 7 3 5 
4 11 12 16 5 1 10 6 7 13 15 2 0 14 8 3 
2 0 6 16 1 3 12 13 14 4 11 15 7 9 5 8 
4 3 0 13 9 5 6 12 10 15 1 14 7 2 8 16 
2 4 0 13 14 5 8 6 9 3 15 10 11 7 16 1 
7 4 1 6 11 0 3 16 10 14 5 2 12 15 9 8 
11 6 9 7 8 16 12 13 10 2 3 4 0 15 5 1 
6 12 3 2 10 8 13 4 7 11 16 14 0 9 5 1 
7 10 2 15 6 1 3 12 8 5 11 4 14 9 0 13 
