13 11 6 2 7 1 4 10 14 9 12 15 8 5 3 16 
16 9 2 13 10 15 11 8 3 14 5 12 4 0 7 6 
6 3 14 0 1 13 15 4 7 9 11 5 8 12 16 10 
6 7 1 2 12 10 13 0 5 14 16 15 9 4 8 11 
9 1 6 15 11 7 16 3 12 2 13 8 0 14 5 10 
15 10 1 12 6 13 3 7 0 11 16 2 4 8 9 14 
16 0 9 12 11 1 4 5 14 13 10 3 8 7 2 15 
9 3 12 10 11 13 16 14 4 6 15 0 5 1 8 2 
10 6 4 2 5 13 12 11 7 15 16 3 9 0 14 1 
8 6 14 16 10 2 0 7 13 1 5 12 3 15 4 11 
2 11 1 14 4 7 5 12 15 8 0 13 6 9 16 3 
8 16 7 12 13 5 10 6 14 0 15 2 1 4 3 9 
16 5 2 15 0 3 11 1 8 13 7 14 4 6 9 10 
6 4 16 5 10 9 15 7 14 2 12 11 3 8 1 0 
13 2 3 4 15 6 12 11 16 8 1 10 5 0 9 7 
9 8 11 6 16 4 13 0 12 7 1 14 10 5 3 2 
7 10 11 14 1 13 6 9 12 3 2 15 8 0 5 4 
