8 15 5 3 11 12 10 2 6 7 1 14 4 16 9 13 
7 10 3 16 2 14 9 11 6 15 13 0 4 8 5 12 
4 3 6 12 13 10 11 15 0 5 1 7 14 9 8 16 
1 10 12 4 13 7 16 8 11 2 0 5 15 14 9 6 
1 16 11 6 2 0 12 7 13 3 14 8 10 9 5 15 
12 15 8 10 2 6 0 14 1 11 3 16 4 13 9 7 
16 12 15 2 14 11 13 10 3 4 8 7 9 5 1 0 
11 8 10 6 15 4 1 14 2 0 16 3 12 5 13 9 
2 10 5 16 3 11 4 14 6 9 12 7 1 15 13 0 
4 6 2 13 5 14 3 10 16 1 12 7 11 15 8 0 
16 4 5 6 12 15 9 11 14 7 8 0 13 3 1 2 
14 6 12 13 9 4 2 8 15 5 3 7 1 16 0 10 
9 0 10 4 6 3 15 2 14 13 5 16 11 8 1 7 
2 5 1 8 10 6 9 3 11 7 4 15 16 0 14 12 
11 3 9 0 16 4 15 1 8 5 12 6 10 13 2 7 
12 3 0 13 11 6 5 7 16 2 9 8 4 10 14 1 
5 11 13 4 9 3 12 1 8 0 10 6 14 7 2 15 
