9 10 5 2 8 6 16 14 1 11 3 12 15 7 4 13 
11 10 15 13 9 8 0 14 16 12 4 7 6 2 3 5 
6 12 4 9 3 8 11 13 14 10 0 16 15 7 1 5 
8 13 14 1 5 4 6 10 16 2 12 9 7 11 0 15 
3 8 5 9 12 15 0 10 11 6 1 14 16 2 13 7 
3 15 1 14 2 12 11 6 8 4 10 0 16 9 7 13 
12 4 14 1 10 7 9 8 5 16 2 15 3 11 13 0 
15 4 8 16 5 0 1 2 13 3 9 10 6 14 12 11 
1 13 6 5 4 7 9 11 14 0 16 3 12 10 15 2 
15 8 12 7 5 10 16 0 4 3 2 1 11 13 6 14 
14 15 16 9 6 8 5 12 4 2 13 0 3 7 11 1 
2 3 7 4 1 9 13 16 12 10 14 0 15 6 5 8 
16 6 10 1 2 13 4 14 15 0 8 7 11 3 5 9 
14 16 0 2 3 9 5 4 10 6 7 15 11 1 12 8 
4 9 12 15 7 10 1 2 5 8 13 0 6 11 16 3 
11 1 8 16 0 14 3 7 2 6 4 10 9 12 13 5 
4 12 5 8 7 3 14 6 1 2 11 9 15 10 0 13 
