1 8 7 9 4 15 11 10 5 6 16 14 2 13 12 3 
14 6 13 12 11 2 5 4 8 15 3 9 7 16 10 0 
6 10 4 9 12 7 11 16 8 0 1 14 5 13 15 3 
7 11 4 12 15 16 1 13 0 9 6 8 5 2 10 14 
13 11 6 12 5 1 0 8 14 7 16 10 3 9 2 15 
4 15 3 16 8 13 6 12 0 9 14 1 10 11 7 2 
11 1 0 13 16 5 7 9 12 10 3 15 14 4 8 2 
2 5 8 11 10 0 12 16 14 13 9 15 6 3 1 4 
11 3 7 14 12 0 15 6 16 13 10 9 1 5 4 2 
12 6 13 2 7 10 5 1 14 4 15 8 11 0 3 16 
8 16 7 6 9 11 4 13 5 12 14 1 0 3 2 15 
5 0 12 7 16 2 4 1 8 13 3 9 10 6 15 14 
5 6 15 2 9 4 13 0 10 11 1 3 7 14 8 16 
16 5 15 2 7 14 0 12 4 10 9 8 3 1 11 6 
15 8 5 4 12 1 13 2 6 16 11 7 10 9 0 3 
6 10 0 13 7 2 9 12 8 4 16 3 11 5 14 1 
5 10 15 0 13 8 7 2 1 9 6 4 11 14 3 12 
