2 4 6 3 13 9 1 14 7 12 16 15 11 5 8 10 
8 3 0 12 10 4 5 15 11 9 6 7 2 14 13 16 
10 15 6 5 13 12 16 7 9 3 4 8 11 0 1 14 
8 4 5 6 11 12 10 16 9 7 1 15 14 2 0 13 
1 2 5 3 10 9 6 14 12 13 7 11 0 15 8 16 
2 6 1 0 7 11 16 3 13 10 9 14 4 12 8 15 
10 12 0 8 5 7 11 4 1 2 3 9 14 16 15 13 
9 5 10 1 3 2 13 12 6 11 16 0 8 15 14 4 
16 7 12 11 15 13 10 9 5 4 14 1 0 6 3 2 
1 8 15 5 10 16 14 7 2 6 4 12 3 11 13 0 
5 8 3 0 13 2 1 14 16 12 15 11 7 6 4 9 
6 9 10 0 14 4 2 15 8 16 13 12 7 5 1 3 
1 0 4 5 13 7 3 16 8 6 11 15 14 10 2 9 
7 6 16 3 5 0 15 2 4 12 10 9 11 8 1 14 
8 2 0 5 3 1 10 4 12 16 11 6 15 13 9 7 
2 3 8 5 1 0 16 4 13 14 7 12 6 9 11 10 
3 1 11 10 2 14 0 8 12 13 7 9 5 15 6 4 
