7 11 9 6 2 3 5 12 1 15 10 16 14 4 13 8 
2 3 16 10 8 14 13 0 12 5 7 9 11 15 4 6 
6 13 10 8 15 9 11 5 12 0 16 3 7 4 1 14 
0 11 14 15 9 1 12 16 13 7 6 10 8 4 2 5 
5 15 8 14 6 10 9 13 3 1 2 7 12 11 16 0 
9 14 15 4 1 2 16 12 0 11 6 8 10 7 3 13 
7 3 10 2 15 11 4 14 8 13 1 5 16 0 12 9 
15 0 3 16 14 4 12 13 1 2 10 8 6 5 9 11 
9 0 3 15 11 5 13 6 2 10 16 1 12 7 4 14 
11 15 13 14 10 16 6 7 1 5 8 2 0 3 4 12 
13 6 3 11 8 2 0 12 7 5 1 9 4 14 15 16 
14 15 8 4 0 12 16 3 2 5 10 9 13 7 1 6 
8 6 0 11 5 14 4 15 9 2 13 1 10 7 16 3 
11 12 3 6 9 1 2 7 8 4 14 10 16 0 5 15 
9 1 10 2 5 11 16 15 4 7 3 13 8 0 12 6 
16 7 6 9 4 10 0 8 5 2 3 1 11 13 14 12 
4 9 3 15 1 5 7 2 14 10 6 8 12 11 13 0 
