6 2 1 14 9 5 3 15 4 16 7 12 10 8 13 11 
11 0 12 6 2 8 4 10 9 13 3 7 5 16 15 14 
10 1 5 16 13 7 6 15 9 4 8 14 12 0 11 3 
11 8 6 5 12 4 16 10 9 1 7 15 14 2 13 0 
10 15 0 12 11 6 1 9 14 5 7 13 8 2 3 16 
12 9 2 6 7 11 3 16 8 14 10 13 15 1 4 0 
5 15 1 10 2 11 8 7 3 9 4 12 14 16 13 0 
10 5 16 9 13 12 3 2 1 0 11 6 4 15 8 14 
5 11 12 4 9 13 2 15 7 3 1 10 14 16 6 0 
11 5 3 6 10 16 15 2 14 12 13 4 0 8 1 7 
5 3 15 8 6 14 13 0 7 12 16 11 4 9 1 2 
6 9 10 5 14 15 7 4 8 13 16 3 0 12 2 1 
7 5 0 15 4 1 6 16 10 2 8 3 11 9 13 14 
4 3 14 9 0 6 15 2 12 7 16 8 5 1 10 11 
16 0 8 12 13 1 10 4 2 11 6 5 7 3 15 9 
13 3 6 5 16 11 0 1 9 8 7 12 2 14 4 10 
11 10 1 3 9 14 15 2 8 7 6 0 12 13 4 5 
