6 13 14 1 15 9 3 16 12 5 4 7 10 8 11 2 
12 0 6 11 4 10 8 2 3 13 15 7 9 14 5 16 
5 1 16 10 6 15 13 7 14 9 8 4 0 11 3 12 
7 1 5 11 16 12 10 4 6 9 15 13 8 2 0 14 
0 10 12 15 11 1 6 5 14 7 9 8 2 13 3 16 
9 12 1 6 7 3 4 11 14 8 13 10 16 0 15 2 
1 5 10 15 2 11 13 8 12 4 9 3 14 16 0 7 
5 9 10 16 3 12 2 13 0 1 6 11 14 15 8 4 
5 12 4 11 13 9 15 2 1 6 3 10 16 14 7 0 
11 5 6 3 16 10 2 15 13 12 1 14 4 0 8 7 
15 5 8 3 6 14 0 13 7 2 16 11 12 4 1 9 
2 10 9 5 7 14 4 15 12 8 13 16 0 1 3 6 
0 7 15 5 1 16 6 4 2 8 10 3 13 14 11 9 
3 4 9 14 6 0 15 2 16 7 8 12 11 5 10 1 
0 2 16 12 4 10 13 1 11 8 5 6 15 9 3 7 
5 13 3 6 0 11 1 16 12 9 8 7 4 2 14 10 
1 10 11 3 9 14 2 15 8 0 7 6 4 5 13 12 
