14 16 13 6 3 1 9 15 5 12 4 7 10 8 2 11 
9 12 0 8 13 11 16 10 3 7 15 5 2 14 6 4 
1 5 16 8 7 6 13 15 10 9 14 4 3 12 0 11 
5 7 1 14 12 10 16 4 13 6 15 9 0 8 11 2 
0 10 12 8 11 6 1 5 13 15 9 7 14 2 16 3 
16 6 8 9 3 13 11 4 12 10 14 1 7 0 2 15 
10 9 1 5 13 11 8 2 4 12 16 3 14 15 7 0 
8 5 1 10 13 2 12 3 11 6 0 16 14 4 9 15 
12 3 4 11 13 7 2 9 5 1 6 10 14 0 15 16 
11 0 10 5 16 3 2 15 13 12 1 14 6 8 7 4 
0 15 6 12 3 5 13 9 16 2 11 7 8 4 1 14 
9 1 2 8 4 15 7 14 16 13 12 5 3 0 6 10 
0 11 1 15 6 9 4 16 3 8 2 10 5 7 14 13 
9 3 14 4 6 5 0 2 8 16 7 12 11 15 10 1 
12 0 2 15 9 13 4 1 11 6 5 8 10 7 16 3 
5 13 14 3 2 11 16 0 9 4 7 12 1 10 8 6 
3 10 11 1 14 8 2 15 0 9 7 6 13 5 12 4 
