13 6 14 1 9 15 3 16 4 5 12 7 2 10 11 8 
0 12 11 6 8 10 2 4 15 13 7 3 9 14 5 16 
5 10 1 16 15 13 7 6 4 9 8 14 3 0 12 11 
11 5 6 1 10 16 12 4 9 7 15 13 0 8 2 14 
12 0 15 10 6 5 11 1 7 14 8 9 2 13 16 3 
12 1 9 6 7 4 11 3 13 10 14 8 16 0 15 2 
5 1 15 10 11 2 8 13 12 4 9 3 7 14 0 16 
16 5 10 9 13 2 3 12 11 0 6 1 8 4 15 14 
11 12 4 5 13 9 2 15 6 3 10 1 7 0 16 14 
3 5 6 11 16 10 15 2 13 12 1 14 0 8 7 4 
8 5 15 3 14 6 0 13 2 11 16 7 1 12 4 9 
9 10 5 2 7 14 4 15 8 12 13 16 1 3 0 6 
5 7 0 15 16 6 1 4 8 10 3 2 9 14 13 11 
14 3 4 9 0 6 15 2 12 7 8 16 1 11 10 5 
12 0 8 16 4 13 1 10 5 2 6 11 15 9 3 7 
13 5 6 3 11 1 16 0 12 7 8 9 14 4 10 2 
1 11 10 3 9 14 15 2 7 6 8 0 5 4 13 12 
