5 14 2 15 7 1 11 12 16 8 10 13 6 3 4 9 
10 0 7 3 11 9 16 2 8 13 6 15 4 12 5 14 
6 14 11 8 7 10 15 0 9 1 13 4 12 5 16 3 
1 9 2 13 7 16 11 10 5 4 12 8 15 14 6 0 
7 0 9 15 12 1 6 16 2 8 14 3 10 13 11 5 
13 6 14 12 1 7 4 3 8 15 11 16 9 2 10 0 
13 16 15 2 0 10 4 12 3 11 1 14 5 8 7 9 
3 11 4 15 10 5 1 8 2 0 16 6 9 13 12 14 
10 1 2 6 16 4 7 14 9 3 12 15 11 5 0 13 
4 2 6 8 10 14 16 3 12 0 11 1 5 15 7 13 
4 5 13 16 12 11 15 2 9 7 14 1 8 3 0 6 
1 8 13 0 7 6 12 16 9 3 5 2 14 15 10 4 
9 11 0 8 3 13 6 10 2 14 5 7 4 1 15 16 
16 0 14 1 12 15 9 10 11 5 3 6 4 8 2 7 
0 9 16 4 6 5 15 1 10 11 8 12 2 3 13 7 
3 12 13 0 6 11 7 4 8 14 9 16 5 1 10 2 
7 13 14 11 4 0 2 12 15 3 8 1 5 9 6 10 
