6 13 14 1 9 15 16 3 12 4 7 5 11 2 10 8 
11 12 6 0 16 10 8 2 7 13 15 3 14 5 9 4 
1 8 16 5 6 13 15 7 4 9 10 14 3 11 12 0 
5 1 11 7 12 4 16 10 13 9 15 6 0 8 14 2 
15 10 12 0 6 5 11 1 14 8 7 9 2 13 3 16 
6 9 13 12 11 4 16 3 10 8 1 14 0 7 15 2 
5 9 1 10 13 2 11 8 15 3 4 12 7 16 14 0 
8 10 1 5 13 12 3 2 16 11 0 6 4 9 15 14 
3 12 4 11 2 7 9 13 5 1 6 10 16 15 0 14 
5 6 10 11 16 3 15 2 13 12 1 14 0 4 8 7 
6 15 0 8 3 13 5 9 7 11 16 2 4 12 1 14 
5 2 1 9 7 4 15 14 13 16 8 12 10 0 3 6 
5 15 0 9 16 4 1 6 8 3 10 2 13 11 7 14 
4 14 3 9 6 0 2 15 8 12 16 7 11 1 5 10 
12 0 15 2 13 4 1 10 11 6 5 8 9 7 16 3 
13 5 3 14 16 11 0 2 7 8 9 12 4 10 1 6 
1 3 10 11 8 14 15 2 9 7 0 6 13 12 4 5 
