2 12 14 4 15 1 10 8 7 6 3 16 13 11 9 5 
15 11 12 8 14 7 9 4 6 2 3 16 10 5 13 0 
12 8 3 9 14 0 4 11 1 16 6 13 10 15 7 5 
6 16 15 13 10 1 7 2 4 14 12 8 9 5 0 11 
11 5 1 14 15 8 3 10 2 16 7 0 12 13 6 9 
9 2 7 14 11 0 3 4 6 13 12 15 1 16 10 8 
8 7 15 16 14 10 9 12 4 0 3 11 13 2 1 5 
13 4 12 6 0 1 9 10 14 11 8 5 3 16 2 15 
9 12 6 13 5 10 1 14 3 0 4 11 16 7 2 15 
5 4 2 15 11 7 3 16 14 8 13 12 1 6 10 0 
0 2 9 6 5 14 7 11 8 12 4 1 13 15 3 16 
4 6 14 1 3 12 2 7 15 16 8 5 9 10 13 0 
5 15 13 16 2 3 1 6 7 11 10 4 9 8 14 0 
5 3 2 15 4 9 11 14 0 8 10 16 6 1 12 7 
12 8 0 13 11 4 7 3 10 5 9 16 1 6 2 15 
12 14 13 4 8 9 0 10 16 3 6 11 1 5 7 2 
14 10 0 4 9 1 7 6 2 8 3 12 13 11 15 5 
