12 10 5 15 8 4 1 14 7 16 13 6 2 3 9 11 
16 15 0 13 11 8 4 12 7 14 10 9 2 6 3 5 
1 8 0 13 6 12 7 3 14 15 9 10 5 4 11 16 
7 5 16 14 4 12 9 8 13 1 11 2 0 10 15 6 
7 16 13 12 10 11 1 5 0 8 15 9 3 14 6 2 
15 4 13 6 14 3 8 7 12 10 1 2 16 0 9 11 
1 9 0 11 4 5 2 10 12 14 3 16 15 7 8 13 
0 12 1 14 8 5 6 2 3 4 13 15 10 11 16 9 
1 11 0 6 15 7 10 12 4 9 3 16 14 13 2 5 
8 2 7 10 12 15 3 16 14 11 13 0 6 4 5 1 
6 14 16 9 5 13 12 3 1 4 2 7 11 15 0 8 
12 9 2 8 16 0 7 6 3 14 4 5 15 1 13 10 
1 6 15 2 7 8 16 4 0 3 14 11 9 10 13 5 
9 1 3 16 6 5 2 15 0 12 11 4 7 14 8 10 
8 3 11 15 9 12 13 1 6 5 0 7 16 4 2 10 
14 9 13 3 2 16 1 0 7 4 5 12 6 11 8 10 
6 8 7 11 1 14 13 2 10 15 9 3 0 5 12 4 
