9 5 3 10 6 8 16 14 12 7 11 13 4 1 2 15 
5 16 0 11 6 13 14 4 8 7 3 2 15 10 9 12 
13 6 9 4 11 3 5 8 7 16 10 12 15 0 14 1 
10 9 1 14 5 15 13 4 2 11 8 7 6 12 0 16 
15 8 14 16 2 5 0 13 6 1 9 12 11 3 10 7 
3 9 7 10 2 11 13 12 15 6 4 1 14 16 8 0 
13 4 14 16 10 1 2 15 0 12 5 7 3 8 11 9 
6 2 14 1 5 4 0 13 8 3 9 15 11 10 12 16 
2 15 16 3 1 13 11 7 14 12 10 9 6 5 4 0 
6 8 0 11 10 1 3 16 7 12 15 2 5 14 13 4 
15 13 4 6 12 5 9 11 2 3 0 14 8 16 1 7 
10 7 1 13 8 9 3 16 5 0 12 14 4 6 2 15 
4 15 6 1 14 2 10 7 5 16 13 0 9 8 11 3 
10 7 14 1 5 15 0 6 8 12 9 2 4 11 3 16 
9 15 5 4 3 7 8 2 1 6 13 0 11 10 16 12 
1 3 11 5 12 7 9 0 8 16 4 10 2 13 6 14 
13 3 2 14 4 11 6 7 8 15 9 1 10 5 12 0 
