12 7 14 16 4 1 3 11 8 9 5 10 13 6 2 15 
14 0 2 15 5 11 3 12 10 13 4 6 8 16 9 7 
9 6 16 5 1 10 13 7 12 4 3 11 8 15 0 14 
14 0 2 15 12 11 13 4 5 1 16 7 9 8 6 10 
9 16 10 2 6 8 13 0 11 5 12 3 15 7 14 1 
1 6 13 10 15 4 3 16 2 0 11 12 9 8 14 7 
14 8 13 0 4 3 15 1 11 16 10 5 12 9 2 7 
9 2 14 0 1 13 10 12 16 5 6 8 3 11 15 4 
6 12 16 5 10 7 15 1 14 0 9 2 11 4 13 3 
15 0 1 14 3 5 11 4 6 8 16 13 12 7 2 10 
1 4 11 13 12 7 2 9 15 14 5 3 0 16 6 8 
16 9 5 6 4 13 3 12 8 2 14 0 7 15 1 10 
15 4 1 3 6 5 7 13 10 8 9 16 11 14 0 2 
14 0 2 9 4 15 3 6 7 8 1 10 16 5 11 12 
5 12 0 7 1 11 3 4 10 16 15 2 13 8 9 6 
3 12 11 5 16 9 7 6 4 2 0 14 10 1 13 8 
3 6 1 13 4 10 9 8 7 2 5 12 14 0 15 11 
