15 3 10 13 1 9 12 6 16 5 7 8 2 4 11 14 
4 0 5 9 6 15 3 11 2 14 10 8 13 12 16 7 
1 8 11 15 12 7 13 16 6 9 0 4 14 10 3 5 
8 2 14 10 16 12 0 5 9 11 1 4 13 6 7 15 
3 10 9 13 16 0 2 7 5 8 14 11 6 1 12 15 
11 13 16 14 9 6 4 10 7 3 15 8 12 1 0 2 
8 10 15 14 7 16 5 9 2 1 3 11 4 12 13 0 
3 1 15 0 8 2 5 16 13 12 10 14 6 4 9 11 
11 1 15 2 5 4 0 9 16 10 14 13 3 12 6 7 
2 11 1 14 4 12 6 0 15 7 13 16 5 8 3 10 
3 12 0 6 7 16 9 4 14 13 15 2 1 11 8 5 
9 5 10 0 2 8 12 16 13 7 3 4 15 6 1 14 
0 6 3 16 2 8 1 11 7 13 4 15 10 9 14 5 
7 5 0 3 11 2 4 9 12 14 10 8 1 6 16 15 
13 5 16 2 15 1 8 11 9 7 10 12 0 6 4 3 
9 13 4 7 6 0 12 3 16 8 1 2 5 10 11 14 
4 5 9 10 6 0 3 12 2 1 11 8 15 14 7 13 
