1 4 2 15 14 9 3 6 7 13 12 16 10 5 8 11 
3 12 8 0 10 5 2 4 7 11 6 9 15 13 14 16 
15 10 14 1 7 13 3 16 5 8 9 4 0 11 6 12 
5 11 8 6 10 4 16 12 7 15 9 1 2 14 13 0 
10 7 3 0 9 11 1 15 13 5 6 14 2 8 12 16 
9 2 6 12 11 7 3 16 14 10 13 0 8 15 1 4 
0 10 5 1 3 7 14 11 2 4 9 12 15 8 13 16 
1 5 9 10 13 2 12 3 0 11 6 16 14 8 4 15 
7 16 11 12 9 13 10 15 14 2 4 5 6 0 1 3 
15 8 1 5 7 10 2 16 6 11 4 13 14 12 0 3 
3 12 15 8 2 13 14 1 5 16 11 7 0 4 9 6 
10 5 6 9 14 4 2 15 8 13 16 12 7 0 1 3 
7 1 5 0 4 13 3 16 8 11 15 6 9 14 2 10 
4 10 14 3 0 5 15 2 9 12 7 6 1 11 16 8 
8 11 2 0 10 13 1 4 12 16 6 5 7 3 15 9 
3 2 6 14 0 16 1 11 7 13 8 12 9 5 10 4 
3 1 9 11 8 10 15 2 12 7 0 13 14 4 6 5 
