8 6 15 2 5 13 10 9 11 1 4 7 12 14 16 3 
9 7 3 16 13 11 8 12 0 2 10 6 15 4 14 5 
6 1 4 10 9 8 14 13 5 12 15 7 0 11 3 16 
5 12 7 8 4 16 10 2 11 9 6 14 1 15 0 13 
16 7 12 15 8 1 11 0 2 10 3 14 5 6 9 13 
4 2 13 0 10 7 11 14 1 12 6 16 9 15 3 8 
12 2 14 1 0 11 5 15 10 4 9 16 3 13 7 8 
10 5 2 12 8 13 16 11 3 15 0 4 6 1 14 9 
10 14 7 15 16 5 2 1 13 11 6 3 12 4 0 9 
14 5 16 8 11 12 4 6 3 10 15 1 7 2 0 13 
2 14 7 11 15 12 4 13 0 9 3 8 5 16 1 6 
2 1 12 9 10 8 0 4 16 6 15 14 3 7 13 5 
0 15 7 10 6 13 2 3 4 5 1 14 8 9 16 11 
0 15 6 16 11 12 1 14 10 8 5 3 2 9 7 4 
7 1 15 13 2 11 16 3 8 10 12 9 5 6 0 4 
7 4 8 6 12 0 3 14 9 11 5 2 16 1 10 13 
13 10 6 12 15 11 3 5 2 14 8 4 0 1 9 7 
