5 16 10 15 13 14 2 7 12 1 4 9 3 8 11 6 
9 15 7 5 11 16 0 13 3 14 6 4 12 10 2 8 
0 7 6 10 5 12 14 1 9 8 11 13 15 4 16 3 
14 9 6 15 11 16 7 5 10 1 4 13 0 2 8 12 
7 8 13 10 1 6 16 2 9 5 3 0 15 11 14 12 
6 2 1 16 8 7 4 15 3 11 10 12 14 9 0 13 
8 9 12 15 16 13 5 1 7 11 0 3 2 14 4 10 
5 0 6 14 4 9 2 11 15 8 1 10 12 13 3 16 
13 5 12 4 1 11 6 10 9 7 3 16 14 0 2 15 
13 3 10 14 7 6 15 12 16 2 8 0 4 1 11 5 
1 0 8 3 4 5 2 9 6 11 15 13 7 16 14 12 
16 0 4 15 6 8 9 13 5 10 3 14 7 1 2 12 
8 11 14 16 5 9 0 10 1 3 2 15 7 4 6 13 
6 12 5 0 1 3 9 7 11 10 2 15 8 16 4 14 
9 16 10 12 8 3 6 4 5 11 7 2 15 1 0 13 
16 9 10 6 12 11 0 4 7 8 14 1 2 5 13 3 
13 5 8 15 6 2 3 12 11 9 14 1 7 10 4 0 
