5 15 10 16 7 13 2 14 1 4 12 9 3 6 11 8 
9 15 5 7 11 16 0 13 14 4 3 6 10 12 2 8 
7 0 10 6 5 12 14 1 8 9 11 13 4 15 3 16 
15 9 6 14 16 11 5 7 13 1 4 10 2 8 12 0 
10 7 13 8 2 5 6 16 1 9 3 0 15 14 11 12 
6 2 1 16 4 7 8 15 10 12 3 11 9 14 13 0 
12 9 15 8 5 16 1 13 3 11 0 7 10 2 4 14 
6 5 0 14 9 2 4 11 1 10 8 15 13 12 16 3 
4 13 12 5 11 10 1 6 9 7 3 16 0 14 15 2 
14 10 3 13 7 12 6 15 16 8 2 0 11 1 4 5 
1 8 3 0 5 2 9 4 6 11 13 15 16 12 7 14 
16 4 15 0 9 13 6 8 10 14 5 3 7 2 12 1 
16 8 14 11 0 9 5 10 1 3 15 2 4 6 13 7 
5 0 6 12 3 9 1 7 11 10 15 2 14 8 4 16 
12 16 10 9 3 6 8 4 7 11 5 2 15 1 0 13 
9 16 10 6 4 11 12 0 7 8 14 1 13 3 2 5 
8 5 15 3 12 6 13 2 9 11 14 1 7 4 10 0 
