8 5 6 10 7 1 12 11 3 14 15 13 9 4 16 2 
5 10 13 4 8 9 16 11 3 12 6 7 14 0 2 15 
9 15 11 0 12 5 1 16 6 13 4 7 14 3 8 10 
16 7 12 9 1 4 13 0 11 2 8 5 6 10 15 14 
12 10 14 13 11 0 15 2 7 8 3 16 5 9 6 1 
8 9 10 15 16 0 12 1 2 13 6 4 14 3 11 7 
7 4 2 15 9 10 13 0 12 5 3 16 11 8 1 14 
12 5 16 8 9 6 10 2 11 13 1 14 3 4 0 15 
2 3 13 0 16 12 7 10 11 9 5 14 4 15 1 6 
8 2 13 10 4 5 11 7 6 15 12 0 16 3 14 1 
12 1 5 7 0 2 16 3 6 11 9 4 8 15 13 14 
6 15 9 14 8 4 1 13 7 0 16 3 2 10 12 5 
13 4 1 14 2 5 3 8 10 11 15 9 16 0 7 6 
14 6 12 11 4 9 8 16 2 0 5 3 15 7 1 10 
8 7 11 16 1 3 13 0 5 10 15 2 9 6 12 4 
5 9 3 16 2 10 8 13 7 11 1 4 0 12 14 6 
9 5 2 10 0 12 3 15 13 14 6 8 7 1 11 4 
