5 15 8 3 11 10 12 2 6 7 1 14 9 13 4 16 
10 7 3 16 2 9 8 11 15 6 13 0 14 4 12 5 
6 3 12 4 11 15 13 10 7 0 1 5 14 9 8 16 
1 4 10 12 13 8 16 7 2 0 5 11 14 9 15 6 
11 16 6 1 7 8 0 12 3 14 2 13 5 10 15 9 
8 15 10 12 14 2 6 0 1 11 16 3 4 13 9 7 
12 16 2 15 13 11 10 14 7 8 4 3 0 9 5 1 
11 8 10 6 15 4 14 1 2 0 3 16 9 12 5 13 
10 5 16 2 11 4 3 14 6 9 7 12 1 15 0 13 
4 2 13 6 10 3 5 14 7 1 16 12 11 0 15 8 
16 6 5 4 12 9 15 2 0 14 11 7 13 1 8 3 
14 12 8 13 1 9 6 2 7 15 3 5 10 16 4 0 
4 0 9 8 3 6 2 15 11 5 16 13 14 1 10 7 
5 2 8 1 9 3 6 10 11 7 15 4 12 16 14 0 
3 0 11 9 16 4 1 15 12 8 6 5 13 7 10 2 
12 3 13 0 6 7 5 11 16 9 8 14 10 1 2 4 
13 4 5 11 3 12 1 9 0 10 6 8 7 14 15 2 
