4 1 2 15 9 3 6 14 7 13 12 16 10 8 11 5 
0 6 12 3 4 8 2 10 9 7 16 5 13 11 14 15 
15 10 1 14 7 13 3 16 9 8 5 4 0 11 6 12 
11 8 5 6 10 12 16 4 9 1 7 15 2 14 13 0 
12 7 0 10 9 1 15 11 5 14 6 13 8 2 3 16 
12 2 9 6 11 7 3 16 14 10 13 0 8 1 15 4 
5 1 15 10 7 11 3 14 12 9 2 4 16 0 13 8 
9 1 5 10 3 2 12 13 0 16 6 11 14 8 15 4 
4 12 11 5 9 13 15 2 10 7 16 3 0 6 14 1 
3 8 5 6 12 10 2 16 15 11 13 4 7 0 1 14 
15 3 8 12 0 2 14 1 5 11 7 16 6 13 4 9 
6 5 9 10 4 14 15 2 12 8 13 16 0 3 7 1 
10 5 7 0 11 13 4 16 3 6 8 15 2 9 14 1 
14 4 16 3 5 0 15 2 12 7 9 6 10 11 1 8 
12 2 8 0 13 10 1 4 6 5 11 16 15 7 9 3 
2 3 6 14 16 1 11 0 12 7 13 8 9 10 5 4 
3 11 2 1 9 10 15 8 7 13 0 6 5 12 14 4 
