2 6 3 4 13 9 14 1 15 7 12 16 11 8 5 10 
12 6 8 0 9 15 10 4 3 7 5 11 14 2 13 16 
15 5 10 6 16 13 12 7 4 8 11 9 0 3 1 14 
8 4 6 2 10 5 12 14 7 1 0 9 16 11 15 13 
3 2 1 5 9 0 10 6 13 15 11 12 14 8 7 16 
2 1 0 6 11 7 16 3 9 13 10 14 15 12 8 4 
12 8 10 0 7 11 4 5 9 13 2 3 16 15 14 1 
10 5 12 9 13 1 2 3 6 16 11 0 15 14 4 8 
16 12 7 11 1 9 0 13 15 14 5 4 6 3 2 10 
15 8 1 5 7 10 14 16 12 6 2 4 3 11 0 13 
5 0 7 1 13 12 2 14 11 16 8 15 6 4 9 3 
10 0 6 9 14 4 15 2 13 12 8 16 3 1 5 7 
0 1 4 5 7 13 3 16 11 15 6 8 14 10 9 2 
0 3 6 2 7 5 15 16 10 11 9 12 4 8 1 14 
0 2 3 8 9 1 10 4 12 6 11 16 7 5 15 13 
3 2 5 8 0 16 4 1 11 7 6 12 10 14 9 13 
3 6 9 10 14 0 2 15 12 11 8 7 4 1 13 5 
