13 16 12 10 1 3 9 8 5 7 14 4 6 11 2 15 
9 16 0 12 7 10 8 13 3 15 11 14 4 5 2 6 
12 5 8 1 7 6 13 15 10 4 14 9 11 0 3 16 
11 12 14 7 2 10 16 4 1 15 9 13 5 8 6 0 
0 12 8 15 5 6 11 1 7 16 13 9 14 10 2 3 
6 16 8 2 11 3 4 14 10 12 13 1 0 9 7 15 
10 5 1 9 8 11 2 13 4 12 16 3 7 0 15 14 
16 5 15 1 2 3 14 13 0 6 4 12 8 11 9 10 
1 6 11 12 9 7 2 15 10 4 0 13 14 5 3 16 
10 13 11 7 15 5 3 16 0 12 2 14 8 4 1 6 
16 13 15 2 5 9 3 12 6 7 1 4 0 14 11 8 
8 9 2 12 16 0 7 14 13 1 4 5 10 3 15 6 
0 3 15 1 9 16 6 4 11 2 8 10 14 5 13 7 
14 3 9 4 2 6 8 5 12 16 0 7 10 1 11 15 
7 6 2 15 1 13 9 16 0 11 8 5 10 4 12 3 
3 14 13 5 2 16 11 0 12 4 9 7 10 8 6 1 
10 1 11 9 15 14 4 8 3 0 6 2 5 12 13 7 
