4 1 2 13 9 14 3 6 7 12 16 15 8 10 5 11 
8 12 0 3 2 4 5 10 9 11 6 7 16 14 15 13 
15 10 14 1 3 16 7 13 5 8 9 4 12 6 0 11 
6 4 5 8 11 10 12 16 7 9 1 15 14 2 0 13 
7 1 0 3 9 15 11 10 5 14 13 6 2 16 12 8 
12 0 6 2 7 11 16 3 14 9 10 13 8 4 1 15 
10 5 0 1 14 3 7 11 9 2 12 4 16 15 8 13 
1 5 10 9 2 12 13 3 16 6 0 11 15 4 14 8 
11 7 12 16 10 15 13 9 2 14 4 5 1 3 6 0 
1 5 15 8 16 2 14 10 11 6 12 4 7 3 0 13 
8 15 3 12 13 2 14 1 16 7 11 5 9 4 6 0 
10 5 6 9 14 4 2 15 13 8 16 12 1 7 3 0 
0 1 7 5 4 13 16 3 11 15 6 8 2 14 9 10 
10 4 16 3 5 0 15 2 6 9 7 12 8 11 1 14 
8 11 0 2 10 3 1 13 6 16 5 12 15 9 4 7 
14 2 6 3 11 1 16 0 13 8 12 7 10 4 5 9 
1 9 11 3 8 2 10 14 7 12 13 0 4 6 15 5 
