15 10 5 12 8 16 9 1 6 7 4 14 13 3 11 2 
16 9 11 0 7 12 13 8 14 3 15 10 4 6 5 2 
1 8 12 0 4 6 13 7 15 3 14 10 11 16 5 9 
8 4 7 14 5 12 9 16 1 13 2 15 10 0 6 11 
7 13 12 16 11 1 5 10 8 9 15 0 6 2 14 3 
6 16 8 2 14 4 3 15 13 10 1 12 7 0 9 11 
9 11 1 14 5 10 13 2 0 12 16 3 8 15 4 7 
0 6 14 1 8 5 2 15 16 12 4 13 3 9 11 10 
12 15 6 11 1 0 10 7 9 4 16 3 5 14 13 2 
7 8 10 11 15 12 16 3 5 0 14 2 13 6 1 4 
14 2 9 16 13 3 5 12 4 6 1 7 11 8 15 0 
2 8 12 9 0 16 7 14 4 3 5 1 10 6 13 15 
3 15 1 14 4 8 16 7 11 6 0 2 10 5 13 9 
7 3 14 9 8 5 6 2 12 11 0 4 10 15 16 1 
8 3 6 15 12 9 1 13 11 7 5 0 4 2 10 16 
13 14 5 3 2 0 11 16 7 4 12 9 10 8 6 1 
6 11 0 9 14 10 13 2 1 15 3 8 5 12 4 7 
