12 5 15 10 8 4 14 1 13 16 7 6 2 9 3 11 
11 0 3 16 12 8 4 7 14 9 10 15 13 5 6 2 
8 1 13 0 4 12 6 7 3 10 15 14 9 5 11 16 
14 16 7 5 9 4 8 12 13 1 11 2 10 15 0 6 
16 13 12 7 1 10 5 11 9 15 8 0 14 2 6 3 
13 8 6 4 3 15 14 7 2 1 12 10 9 16 11 0 
2 9 11 1 5 4 10 0 12 14 16 3 13 8 15 7 
12 0 14 1 2 6 8 5 13 4 3 15 11 16 9 10 
6 0 11 1 15 12 7 10 9 4 16 3 2 5 13 14 
2 7 8 10 15 12 16 3 5 14 11 0 13 1 6 4 
16 14 2 9 13 12 3 5 7 6 4 1 11 8 0 15 
8 2 9 12 14 7 16 0 1 4 3 5 13 6 10 15 
6 1 15 2 8 7 4 16 0 3 11 14 5 10 13 9 
4 1 3 16 5 6 15 2 11 9 12 0 8 14 7 10 
15 3 8 11 13 12 1 9 5 7 0 6 16 4 2 10 
14 3 13 5 2 0 1 16 7 9 4 12 8 6 11 10 
7 11 6 9 14 13 2 10 3 8 1 15 0 4 5 12 
