4 1 15 2 3 6 14 9 12 7 16 13 5 11 10 8 
12 3 0 8 2 10 4 5 6 9 16 7 15 11 14 13 
10 15 14 1 13 7 3 16 8 4 9 5 12 0 11 6 
6 11 5 8 4 12 10 16 9 15 1 7 14 2 13 0 
12 7 10 0 11 9 1 15 14 13 5 6 8 2 16 3 
2 12 6 9 11 7 16 3 10 14 13 0 15 1 8 4 
10 5 1 0 7 3 14 11 12 4 2 9 16 15 13 8 
9 5 10 1 2 13 12 3 0 11 6 16 15 14 4 8 
16 12 7 11 15 10 9 13 2 5 14 4 0 6 3 1 
6 5 8 3 2 12 16 10 15 11 13 4 0 7 14 1 
12 15 3 8 13 2 1 14 16 7 11 5 9 0 6 4 
9 10 5 6 4 14 15 2 16 8 13 12 1 0 3 7 
5 0 10 7 13 4 3 16 15 6 11 8 2 9 14 1 
14 4 3 10 5 0 2 15 6 7 12 9 16 1 8 11 
2 8 11 0 13 4 1 10 6 16 5 12 9 7 15 3 
2 14 6 3 0 1 16 11 13 7 8 12 5 9 4 10 
1 11 3 9 8 10 15 2 7 12 13 0 4 6 5 14 
