10 6 2 13 11 9 12 16 1 7 5 4 15 8 3 14 
4 11 12 13 0 2 16 6 14 7 8 3 15 10 5 9 
9 3 15 1 10 7 8 16 4 14 6 13 12 5 0 11 
5 11 12 16 4 6 14 10 7 1 0 13 8 9 2 15 
10 5 7 3 1 15 12 13 2 0 16 6 9 14 11 8 
1 8 16 4 3 0 7 10 2 6 11 12 13 15 14 9 
13 7 1 8 11 9 3 5 14 16 2 0 4 10 15 12 
16 15 12 11 3 2 4 10 8 5 1 14 9 6 0 13 
7 4 11 16 5 2 12 1 3 0 14 15 6 9 10 13 
1 7 16 5 8 3 13 4 6 12 15 11 14 0 10 2 
14 5 13 0 4 6 3 12 15 7 16 9 2 1 11 8 
8 14 12 6 5 7 9 4 10 1 2 15 0 13 16 3 
0 1 10 11 5 9 13 14 6 7 3 15 16 4 2 8 
9 12 14 1 0 15 16 10 3 6 8 11 4 5 2 7 
9 1 3 11 7 12 4 2 6 5 16 10 8 15 0 13 
4 10 1 14 3 12 2 13 0 11 16 9 7 5 6 8 
14 15 4 11 12 0 1 3 6 9 8 10 7 5 2 13 
