12 11 1 14 5 8 9 13 10 15 7 16 4 6 2 3 
8 12 11 10 6 4 2 9 5 15 14 0 7 13 3 16 
16 10 0 11 3 13 6 8 1 7 15 9 12 4 14 5 
11 6 16 15 9 10 0 7 5 4 1 14 12 8 13 2 
8 1 3 16 11 0 15 2 6 13 12 9 5 10 14 7 
11 9 15 3 16 12 4 14 7 8 0 13 6 10 1 2 
11 13 10 2 14 7 3 5 0 16 8 9 1 4 12 15 
10 12 6 16 11 15 14 0 9 3 5 2 13 8 4 1 
13 4 2 10 0 15 12 3 6 14 11 5 7 9 16 1 
2 11 16 4 13 7 10 6 1 5 0 8 12 15 14 3 
0 14 9 3 8 6 1 2 7 15 13 5 12 11 16 4 
14 13 8 3 1 16 2 15 0 6 7 4 5 12 9 10 
8 2 4 10 11 15 7 13 9 14 6 5 1 0 16 3 
5 10 15 2 7 12 8 4 0 6 1 14 9 11 3 16 
8 6 7 16 5 2 12 3 9 13 1 11 15 10 0 4 
4 14 9 13 6 8 11 3 7 12 0 2 5 10 1 16 
11 7 3 1 10 8 9 14 5 2 4 0 13 15 12 6 
