8 16 9 6 15 10 4 11 5 3 1 14 12 13 7 2 
14 12 13 6 11 4 16 10 15 3 7 5 0 9 8 2 
9 11 10 4 16 12 6 7 8 1 13 0 3 14 5 15 
4 7 12 11 13 15 6 1 16 8 0 14 5 2 9 10 
7 12 13 6 16 11 10 0 5 8 1 14 9 3 15 2 
16 14 15 4 12 2 13 0 3 10 8 9 7 1 11 6 
5 1 2 13 12 16 14 15 11 10 4 3 0 7 8 9 
0 2 8 5 16 12 6 11 3 1 13 9 10 4 14 15 
7 10 0 13 12 16 6 2 14 11 9 3 15 5 1 4 
13 10 1 14 0 11 5 4 3 6 15 8 12 2 7 16 
8 7 12 9 0 6 11 4 13 3 15 5 16 2 14 1 
12 6 16 10 7 0 2 4 5 8 3 9 13 15 1 14 
11 7 5 14 1 13 8 2 6 3 4 15 16 0 9 10 
8 2 6 16 11 10 14 1 4 9 5 15 7 0 3 12 
16 11 10 0 2 13 12 1 8 7 6 15 3 4 9 5 
9 10 0 13 7 8 12 2 4 1 3 11 16 6 5 14 
14 10 6 15 13 11 2 3 12 1 8 5 4 7 0 9 
