2 13 4 1 14 6 9 3 16 12 15 7 8 11 5 10 
8 3 12 0 5 10 4 2 11 9 7 6 15 16 13 14 
6 5 15 10 12 7 16 13 3 9 8 4 11 0 1 14 
4 8 5 6 12 10 11 16 15 9 7 1 14 2 13 0 
3 1 0 7 10 6 14 9 5 13 12 11 8 16 15 2 
2 12 6 0 11 7 16 3 10 13 9 14 1 4 15 8 
1 10 0 5 3 14 11 7 12 4 9 2 8 13 16 15 
9 5 10 1 2 3 12 13 6 0 11 16 4 8 14 15 
11 7 16 12 13 15 9 10 2 14 5 4 1 3 6 0 
15 1 5 8 10 7 16 14 12 6 2 4 3 11 13 0 
8 5 0 3 2 13 1 14 16 15 11 7 12 6 4 9 
5 10 6 9 14 4 2 15 16 13 8 12 1 0 3 7 
7 0 1 5 13 4 16 3 11 6 15 8 2 14 10 9 
6 7 3 16 5 0 2 15 9 10 12 4 11 8 14 1 
0 2 8 11 1 10 3 13 12 6 16 5 7 9 4 15 
6 14 2 3 0 1 16 12 7 8 4 13 9 5 10 11 
11 10 3 1 0 8 2 14 12 7 13 9 5 4 6 15 
