10 11 3 16 1 2 12 4 6 7 14 8 9 5 15 13 
7 0 3 11 6 9 13 2 8 4 16 15 14 12 5 10 
10 7 14 15 6 12 8 3 1 16 0 13 5 4 9 11 
7 4 0 13 10 8 5 6 16 2 14 9 11 15 1 12 
15 3 13 12 6 10 1 9 14 2 8 11 5 0 16 7 
14 10 11 12 9 7 4 3 16 15 6 1 8 2 13 0 
8 11 14 1 5 13 4 2 3 10 9 0 15 7 12 16 
11 13 10 12 2 0 8 5 3 9 14 1 16 15 6 4 
5 3 15 2 11 9 4 6 12 7 0 16 13 10 1 14 
6 0 11 15 12 13 7 8 2 10 4 1 14 5 3 16 
14 7 13 4 9 5 12 8 0 1 15 11 6 2 3 16 
5 10 13 6 3 14 15 4 16 1 8 0 2 7 9 12 
7 10 2 15 14 6 0 13 8 3 1 4 11 9 16 5 
16 10 8 9 11 4 14 12 6 1 7 3 0 5 2 15 
2 1 7 11 4 10 0 16 13 15 9 8 6 3 12 5 
4 12 6 0 13 11 10 3 1 7 9 5 16 14 8 2 
6 2 3 11 9 12 0 14 13 5 7 1 10 8 4 15 
