2 14 1 6 15 3 13 9 7 12 4 16 8 11 10 5 
3 6 0 12 4 8 10 2 7 5 16 9 13 11 14 15 
15 10 14 1 7 13 3 16 5 8 9 4 11 6 0 12 
6 5 11 8 4 10 12 16 7 9 1 15 2 14 0 13 
12 10 0 7 16 9 15 11 13 5 14 6 1 8 2 3 
9 6 12 2 11 7 3 16 10 14 0 13 1 15 4 8 
1 15 10 5 14 7 11 3 12 2 9 4 16 8 0 13 
10 1 5 9 13 12 3 2 6 11 16 0 4 8 14 15 
11 12 4 5 9 13 2 15 7 10 16 3 0 6 1 14 
6 8 3 5 2 16 12 10 11 13 15 4 7 0 14 1 
5 15 12 3 2 0 1 14 7 11 8 16 9 6 4 13 
6 9 5 10 14 4 2 15 8 13 12 16 3 0 7 1 
7 0 5 10 4 11 13 16 3 15 6 8 9 2 1 14 
4 14 3 16 5 0 15 2 6 9 7 12 1 11 8 10 
12 16 0 8 13 1 10 4 11 5 6 2 15 7 3 9 
3 6 9 14 1 0 16 11 7 8 13 12 5 10 2 4 
11 1 3 2 8 9 10 15 6 7 13 0 4 12 5 14 
