15 10 16 3 4 14 2 13 9 8 7 12 1 5 11 6 
11 6 16 14 7 10 13 15 8 0 2 5 4 9 3 12 
11 9 0 12 13 10 15 6 7 3 5 14 16 8 4 1 
1 5 12 15 10 14 11 4 9 8 0 13 6 16 2 7 
15 7 3 16 10 1 6 0 11 2 12 5 13 8 14 9 
9 11 6 7 4 15 12 1 2 16 14 10 8 3 0 13 
13 1 11 3 10 8 0 2 14 15 12 16 7 4 5 9 
8 16 6 13 9 11 1 14 3 12 15 2 10 0 5 4 
1 12 13 0 4 16 10 11 14 5 6 3 7 9 15 2 
5 7 1 14 6 2 11 4 12 13 3 10 16 0 8 15 
12 3 6 14 13 9 11 15 2 7 4 1 8 16 5 0 
10 12 7 14 0 4 2 15 3 8 6 5 9 1 16 13 
2 4 13 5 11 15 8 14 0 7 10 6 9 1 3 16 
3 10 0 4 7 11 14 1 8 15 9 6 16 5 2 12 
13 5 12 6 11 0 2 15 10 8 1 7 4 9 16 3 
3 8 2 7 0 11 12 16 4 6 1 14 10 13 5 9 
10 11 5 9 14 6 15 2 7 12 4 13 1 0 8 3 
