12 4 14 2 10 8 15 1 7 6 16 3 11 5 13 9 
11 8 12 15 7 9 14 4 2 6 3 16 10 5 13 0 
9 12 8 1 4 0 14 11 13 6 16 3 7 10 15 5 
15 13 16 6 7 10 1 2 14 8 12 4 11 5 0 9 
9 5 11 14 15 8 10 3 0 2 7 16 6 13 12 1 
7 14 0 9 8 3 4 2 13 6 15 12 1 11 10 16 
16 7 8 15 9 12 14 10 3 0 11 4 13 1 2 5 
12 13 4 6 9 10 1 0 11 5 8 14 3 16 15 2 
12 13 6 9 5 10 14 1 11 4 0 3 7 16 15 2 
4 5 15 2 7 11 16 3 6 12 14 13 10 8 0 1 
2 9 6 0 11 7 5 14 1 4 8 12 15 13 3 16 
4 6 14 1 2 7 12 3 5 16 8 15 9 10 0 13 
13 16 15 5 3 1 6 2 10 11 7 4 8 14 9 0 
3 5 2 15 14 0 11 4 10 9 16 8 1 7 6 12 
12 9 0 13 11 7 4 3 10 5 8 16 6 1 2 15 
12 4 14 13 9 10 8 0 11 6 16 3 7 1 5 2 
12 0 4 14 10 9 7 1 6 8 2 3 5 15 13 11 
