5 12 10 15 8 4 1 14 7 16 13 6 11 2 9 3 
15 16 0 13 12 11 8 4 14 10 9 7 3 2 6 5 
1 8 0 13 6 12 7 3 9 15 14 10 4 5 11 16 
16 5 7 14 8 12 9 4 11 1 2 13 0 10 15 6 
13 16 12 7 1 10 5 11 15 9 8 0 6 2 3 14 
15 13 6 4 3 14 8 7 1 10 12 2 9 16 0 11 
11 1 0 9 5 4 2 10 14 12 3 16 8 15 7 13 
0 12 14 1 8 5 6 2 4 13 3 15 16 9 11 10 
0 1 11 6 15 7 10 12 4 9 16 3 14 2 13 5 
10 8 2 7 12 15 16 3 14 11 0 13 6 4 5 1 
6 14 16 9 12 3 5 13 4 2 7 1 11 0 8 15 
9 2 12 8 0 7 6 16 4 14 3 5 1 13 15 10 
6 1 15 2 7 8 16 4 3 14 11 0 10 9 13 5 
9 1 16 3 5 6 2 15 12 11 4 0 7 10 8 14 
8 15 11 3 13 12 9 1 5 0 6 7 2 16 4 10 
9 14 13 3 1 2 16 0 5 12 4 7 11 6 8 10 
6 7 11 8 14 13 2 10 3 1 15 9 5 12 0 4 
