12 6 13 16 9 1 3 15 5 14 7 4 2 8 10 11 
9 12 16 0 11 10 13 8 7 15 5 3 4 2 6 14 
5 8 16 1 7 13 6 15 4 14 9 10 12 11 0 3 
5 12 14 7 16 4 2 10 15 1 13 9 0 6 8 11 
12 8 0 10 5 1 11 6 15 9 7 13 2 14 16 3 
6 16 8 9 4 11 13 3 12 10 1 14 0 7 15 2 
9 10 1 5 2 11 13 8 12 4 3 16 0 7 14 15 
4 15 5 1 8 13 2 3 6 16 0 11 12 9 14 10 
4 6 11 3 9 13 7 2 5 10 1 12 16 0 14 15 
0 11 10 5 3 16 2 15 12 13 1 14 4 6 7 8 
6 15 16 3 5 13 12 9 2 4 7 14 11 0 8 1 
8 9 2 1 14 7 15 16 4 5 12 13 0 10 6 3 
11 0 15 1 16 4 6 9 10 2 8 3 13 14 7 5 
4 9 14 3 2 0 5 6 7 8 16 12 1 15 10 11 
0 12 2 15 13 9 1 4 11 5 8 6 10 7 16 3 
3 5 13 14 2 0 16 11 9 4 12 7 1 10 6 8 
3 10 1 11 14 15 8 4 2 9 6 0 12 13 7 5 
