2 9 8 5 1 16 11 4 12 13 7 10 15 6 3 14 
15 0 9 10 14 13 5 2 8 12 11 4 6 7 3 16 
3 15 12 9 1 4 7 13 0 14 11 10 16 8 5 6 
6 7 15 11 13 1 12 16 9 2 10 0 4 5 8 14 
16 11 6 1 5 10 12 14 9 8 2 15 3 7 0 13 
6 3 13 0 4 8 1 11 15 14 9 7 12 10 2 16 
4 15 12 7 11 1 13 0 8 10 16 3 9 5 14 2 
3 2 5 4 1 15 9 6 8 10 0 16 14 11 13 12 
5 13 12 7 6 15 1 14 4 16 11 10 2 9 0 3 
0 10 2 3 7 1 4 12 13 14 5 8 15 6 11 16 
8 5 13 3 0 14 9 2 12 7 16 1 6 15 4 11 
9 15 13 0 12 10 5 2 14 7 6 16 3 8 1 4 
5 3 0 13 6 1 7 15 10 9 4 8 14 16 2 11 
7 1 12 15 16 4 8 10 5 11 0 9 14 2 6 3 
6 1 3 10 12 4 16 11 2 9 8 0 15 5 7 13 
14 16 5 13 3 6 12 7 2 8 10 9 1 4 0 11 
9 10 0 14 13 5 3 8 12 4 6 7 11 1 2 15 
