15 1 3 4 9 2 6 16 7 8 13 14 5 11 10 12 
2 11 4 12 5 7 3 16 6 10 8 9 15 14 0 13 
14 0 16 5 3 6 11 1 10 7 12 4 13 15 8 9 
2 12 14 6 9 0 7 4 16 11 15 5 13 1 8 10 
6 2 3 8 11 9 1 13 5 14 15 10 16 12 0 7 
6 10 13 0 4 8 16 3 11 7 15 2 12 9 1 14 
13 7 1 14 2 5 10 4 0 8 16 11 3 9 12 15 
4 2 0 13 1 5 8 12 14 10 3 16 11 9 6 15 
1 3 10 4 12 16 11 13 5 2 9 14 6 0 15 7 
8 5 1 2 7 11 13 10 15 14 4 16 0 6 3 12 
9 3 7 14 13 2 12 16 5 1 0 11 4 15 6 8 
4 9 16 1 15 10 0 8 5 12 6 7 3 2 13 14 
11 8 4 14 13 3 15 5 1 7 16 6 0 10 2 9 
0 5 9 3 7 8 16 2 4 11 14 6 10 1 15 12 
6 5 4 13 11 7 3 8 1 0 15 2 10 12 16 9 
3 2 11 10 14 12 0 8 7 4 9 5 6 16 13 1 
1 7 2 15 5 10 14 6 3 12 13 4 8 0 9 11 
