2 4 1 13 9 14 3 6 15 12 7 16 5 11 8 10 
8 3 12 0 5 10 2 4 6 7 9 11 14 16 15 13 
15 10 6 12 16 13 5 7 4 8 3 9 0 11 14 1 
6 4 8 5 12 11 16 10 1 7 15 9 14 2 13 0 
3 7 1 0 9 11 15 10 5 13 14 6 2 8 16 12 
0 6 2 12 11 7 16 3 14 9 10 13 4 15 8 1 
1 10 5 0 3 7 14 11 4 2 9 12 16 8 13 15 
1 10 5 9 2 13 12 3 11 0 6 16 14 4 8 15 
12 11 16 7 15 9 13 10 14 2 5 4 3 0 6 1 
8 5 1 15 16 14 2 10 7 6 4 12 11 3 0 13 
15 3 8 12 2 13 1 14 5 11 7 16 9 4 0 6 
10 9 5 6 4 14 2 15 12 8 16 13 0 3 1 7 
5 0 7 1 4 13 16 3 11 6 15 8 10 2 9 14 
10 4 3 16 0 5 15 2 7 9 6 12 11 8 1 14 
11 2 8 0 10 1 13 3 5 16 12 6 9 7 15 4 
3 2 14 6 11 1 16 0 8 4 7 13 10 9 5 12 
11 3 1 0 8 14 2 10 9 13 7 12 15 4 5 6 
