7 15 12 3 11 4 14 1 9 5 16 8 10 2 6 13 
14 0 2 15 12 3 5 11 6 13 10 4 16 8 7 9 
6 5 9 16 14 8 10 7 11 12 4 3 1 15 13 0 
0 14 2 15 13 4 12 16 5 7 1 11 8 10 9 6 
9 16 10 2 6 1 13 8 5 11 0 3 12 14 7 15 
13 6 10 3 15 1 4 16 11 0 12 2 14 9 7 8 
0 8 14 1 15 4 16 3 13 5 11 10 2 7 12 9 
14 11 0 2 1 13 10 12 9 8 16 6 15 4 5 3 
6 5 12 16 1 7 15 10 14 9 2 0 13 11 4 3 
0 15 14 1 3 11 5 4 8 16 13 12 7 2 10 6 
1 4 11 6 2 12 7 9 15 5 14 3 8 16 0 13 
5 9 16 6 12 13 3 10 2 8 0 14 7 1 15 4 
1 15 4 3 5 7 13 6 8 10 9 16 0 2 11 14 
9 2 0 14 6 4 15 3 8 1 7 10 16 12 11 5 
12 16 7 5 10 1 4 3 11 0 2 15 6 8 13 9 
5 3 11 12 6 7 16 9 14 0 4 2 13 1 10 8 
3 1 13 6 8 14 10 9 5 12 7 2 15 4 11 0 
