1 15 3 4 9 2 6 16 8 7 13 14 12 11 10 5 
11 2 12 4 7 5 3 16 9 8 6 10 15 14 0 13 
14 5 0 16 11 1 6 3 7 10 12 4 15 8 13 9 
12 14 6 2 0 7 4 9 16 15 11 5 8 10 1 13 
8 6 2 3 1 13 11 9 15 14 10 16 12 7 0 5 
10 6 0 13 4 8 3 16 11 7 2 15 9 12 1 14 
13 7 1 14 10 5 4 2 16 0 8 11 12 15 3 9 
4 2 13 0 5 1 8 12 14 10 3 16 9 11 15 6 
1 10 3 4 16 12 13 11 9 14 2 5 6 0 15 7 
8 5 2 1 13 10 7 11 14 15 16 4 3 0 12 6 
3 9 14 7 13 2 12 16 11 5 0 1 15 6 8 4 
4 9 16 1 0 10 15 8 5 12 6 7 13 14 3 2 
11 4 8 14 15 13 3 5 1 7 16 6 2 9 0 10 
0 9 5 3 2 8 16 7 14 4 6 11 1 15 10 12 
6 5 13 4 7 3 8 11 1 0 2 15 10 12 16 9 
3 10 11 2 0 12 14 8 4 9 7 5 6 1 13 16 
1 7 15 2 14 6 10 5 13 4 12 3 11 9 8 0 
