1 11 13 3 15 8 7 6 9 16 12 2 10 4 14 5 
11 14 6 4 9 0 2 15 13 10 8 16 12 3 7 5 
6 15 13 16 0 5 14 1 8 11 12 9 10 7 4 3 
6 8 7 16 5 9 15 13 12 1 10 2 11 14 4 0 
11 12 15 14 3 10 8 9 1 16 6 5 2 7 13 0 
12 4 13 3 11 16 0 8 9 7 15 2 6 10 14 1 
11 8 5 12 15 0 3 1 10 4 9 16 7 2 14 13 
8 5 13 14 3 0 9 12 16 4 6 15 11 2 10 1 
4 9 10 15 2 14 16 3 0 12 6 5 7 1 11 13 
7 4 8 1 0 5 15 3 13 10 2 6 14 16 11 12 
13 12 4 16 2 14 8 3 11 15 1 7 6 0 5 9 
15 1 16 10 0 2 8 4 5 9 7 14 13 6 12 3 
9 11 2 6 15 3 8 4 10 14 13 7 5 1 0 16 
0 7 16 3 5 11 15 2 14 8 9 6 1 10 12 4 
12 1 13 15 3 0 6 10 9 11 7 16 5 4 8 2 
4 1 2 9 6 14 3 16 5 7 11 10 12 8 13 0 
3 9 1 14 4 7 0 13 6 5 2 12 10 11 15 8 
