9 4 3 2 13 6 14 1 12 15 16 7 5 11 8 10 
6 12 0 13 10 15 4 9 3 11 7 5 2 14 16 8 
4 10 5 6 12 16 13 7 15 11 8 14 0 1 9 3 
2 8 4 6 14 12 10 5 0 1 7 9 15 13 16 11 
3 5 1 2 8 0 9 6 15 13 11 12 10 16 14 7 
1 6 2 0 10 16 11 7 13 9 14 3 15 12 4 8 
1 12 10 0 4 11 5 7 13 2 3 9 16 15 8 14 
13 9 12 5 3 10 2 15 6 16 11 0 4 8 1 14 
12 1 16 10 9 11 13 0 14 15 5 4 7 2 6 3 
8 15 5 1 10 16 7 14 6 4 12 2 11 3 0 13 
7 5 0 1 12 13 2 14 11 15 16 8 4 3 6 9 
0 9 6 10 4 14 2 15 8 16 12 13 5 3 1 7 
0 1 4 5 7 13 3 16 6 15 8 11 9 10 2 14 
10 3 6 0 5 15 7 16 9 12 11 2 8 4 14 1 
3 5 0 2 4 9 10 1 12 6 11 16 13 8 15 7 
8 5 3 2 0 16 1 14 6 12 11 7 4 10 9 13 
6 10 9 3 14 15 0 13 8 7 12 11 5 2 4 1 
