4 3 2 6 13 9 1 14 7 15 12 16 10 11 8 5 
8 12 0 3 15 10 4 5 7 9 11 6 13 2 14 16 
5 15 10 6 16 7 12 13 8 9 4 3 0 11 14 1 
6 4 5 8 11 12 16 10 9 7 1 15 2 14 0 13 
3 1 5 2 10 9 14 6 12 11 7 13 16 0 15 8 
2 12 0 6 11 7 16 3 13 9 10 14 15 4 1 8 
5 0 12 10 14 7 4 11 9 2 1 3 8 16 15 13 
5 9 1 10 3 2 12 13 0 16 6 11 8 15 14 4 
11 7 12 16 13 15 9 10 2 14 5 4 0 6 1 3 
8 1 15 5 7 16 10 14 12 6 4 2 3 11 13 0 
5 0 3 8 2 13 1 14 12 15 11 16 9 4 6 7 
9 0 10 6 14 4 15 2 8 16 13 12 7 1 3 5 
0 1 4 5 13 7 3 16 8 11 15 6 9 10 2 14 
6 7 16 3 0 5 2 15 9 10 4 12 8 11 14 1 
11 2 8 0 1 10 13 3 6 12 16 5 7 4 15 9 
2 3 14 9 12 1 0 16 13 4 7 8 5 10 11 6 
10 1 11 3 2 8 0 14 7 12 13 9 5 4 6 15 
