8 6 15 2 5 10 13 9 7 11 1 4 12 14 3 16 
9 7 16 3 12 13 11 8 6 10 0 2 14 15 5 4 
1 3 6 4 8 9 13 14 5 15 7 12 11 10 16 0 
5 7 8 12 16 2 10 4 14 6 9 11 15 1 0 13 
7 16 12 15 11 1 0 8 2 10 14 3 13 6 9 5 
2 4 0 13 10 11 14 7 6 16 12 1 15 9 3 8 
2 12 1 14 5 15 11 0 10 9 16 4 8 7 3 13 
10 5 2 12 13 11 16 8 0 15 4 3 9 6 1 14 
14 7 10 15 2 5 1 16 13 3 11 6 0 12 9 4 
8 5 14 16 12 4 6 11 10 1 15 3 2 7 13 0 
2 14 11 7 13 4 15 12 3 0 8 9 6 16 5 1 
9 2 12 1 10 4 8 0 16 15 6 14 5 13 3 7 
7 10 11 0 13 2 3 6 4 5 1 14 9 15 16 8 
1 16 6 15 0 12 11 14 5 3 10 8 2 9 4 7 
15 7 1 13 11 2 16 3 8 10 12 9 4 0 5 6 
4 6 8 7 0 14 3 12 9 11 5 2 1 13 10 16 
6 12 13 10 15 11 3 5 4 14 8 2 9 7 0 1 
