9 8 5 6 7 16 10 2 14 11 12 4 1 13 15 3 
6 12 14 0 5 3 15 2 4 9 8 10 13 11 7 16 
0 14 7 9 16 5 4 13 11 10 8 15 1 3 6 12 
8 2 6 11 7 9 15 1 10 4 14 5 12 16 0 13 
10 9 11 13 0 12 1 8 6 15 16 3 2 14 7 5 
10 3 11 4 7 1 15 2 16 8 12 14 6 9 13 0 
8 4 15 10 2 1 13 0 16 11 5 9 14 7 12 3 
8 11 6 4 13 15 16 3 12 9 2 0 5 10 14 1 
6 9 15 5 7 12 13 0 4 16 10 2 3 11 14 1 
5 11 1 14 10 0 2 8 4 7 15 16 13 12 6 3 
9 13 4 5 15 12 0 11 8 16 1 14 6 7 2 3 
15 16 1 9 14 2 0 13 7 4 8 3 12 10 6 5 
5 13 1 14 4 0 16 8 2 9 11 7 10 15 6 3 
10 1 6 0 3 11 2 15 8 5 7 9 16 14 12 4 
5 15 0 7 9 1 4 12 16 13 6 10 2 3 8 11 
10 0 3 16 5 14 9 2 7 6 1 12 8 13 4 11 
9 10 7 13 1 11 6 2 12 5 8 14 4 0 15 3 
