4 8 6 5 1 12 3 9 13 11 15 2 16 14 7 10 
14 4 10 13 7 15 16 3 0 2 6 8 11 9 5 12 
7 9 15 6 3 13 10 5 4 1 16 8 12 0 14 11 
5 4 9 16 12 11 15 2 13 7 10 8 0 6 14 1 
11 8 14 1 2 5 6 13 9 3 12 0 7 16 10 15 
10 7 0 3 4 8 9 13 16 6 2 15 12 11 1 14 
12 0 11 3 5 1 4 9 10 14 7 13 16 8 15 2 
12 11 15 2 10 13 9 14 3 1 5 0 6 16 8 4 
16 0 2 12 6 5 13 9 3 10 1 14 11 7 15 4 
6 3 0 15 7 1 16 4 2 11 13 5 14 12 10 8 
15 5 6 4 0 16 12 11 7 9 1 14 8 13 3 2 
10 12 14 15 7 5 9 6 3 2 13 0 1 8 4 16 
0 11 2 7 8 14 5 13 3 9 10 6 15 1 4 16 
1 15 10 3 16 7 14 0 2 6 9 12 5 11 4 8 
1 3 15 9 2 7 8 16 4 6 0 13 10 11 5 12 
2 12 10 14 3 0 11 8 4 13 16 6 1 7 5 9 
7 11 4 0 12 13 10 3 1 6 9 5 14 8 2 15 
