6 3 4 2 13 9 14 1 15 7 12 16 11 5 8 10 
12 0 8 3 15 5 4 10 7 6 11 9 2 13 14 16 
6 15 10 5 12 7 16 13 4 3 9 8 0 11 1 14 
8 5 4 6 10 16 12 11 15 1 9 7 14 2 0 13 
1 5 3 2 6 10 9 14 13 12 7 11 15 16 8 0 
2 1 0 6 11 7 3 16 13 14 9 10 15 12 4 8 
10 12 8 0 7 5 11 4 14 9 3 2 13 16 15 1 
10 9 1 5 12 3 2 13 6 11 16 0 8 4 15 14 
16 11 7 12 10 13 15 9 5 4 14 1 6 2 0 3 
8 1 15 5 7 16 10 14 4 6 12 2 3 11 13 0 
3 0 8 5 13 14 1 2 15 16 11 12 7 4 6 9 
10 6 9 0 4 14 2 15 13 8 12 16 1 5 7 3 
5 4 0 1 7 13 16 3 8 15 6 11 9 14 10 2 
6 7 16 3 0 5 2 15 4 10 9 12 11 8 1 14 
2 0 8 9 3 1 4 10 12 11 16 6 7 15 13 5 
3 2 8 5 16 0 4 1 14 12 13 7 11 9 10 6 
1 10 11 3 8 14 0 2 13 12 7 9 6 5 4 15 
