6 4 16 15 9 8 11 1 2 5 12 14 13 7 3 10 
2 5 8 7 9 12 4 11 16 13 14 10 6 15 3 0 
10 9 8 4 7 0 16 15 13 12 1 14 6 11 3 5 
9 7 12 5 4 10 0 14 8 13 11 6 1 16 15 2 
8 11 14 15 2 1 13 0 3 6 9 12 7 5 10 16 
3 9 0 13 11 16 4 8 6 12 15 2 10 7 14 1 
13 1 15 5 9 10 16 3 14 2 4 11 12 7 8 0 
16 6 14 0 8 10 3 4 15 5 12 1 13 2 11 9 
10 15 5 1 6 14 11 7 4 3 12 2 9 16 0 13 
3 15 14 1 6 10 8 13 5 11 0 7 4 16 2 12 
9 0 2 14 16 12 6 8 1 7 11 15 4 5 13 3 
6 9 4 5 8 14 3 15 16 12 7 13 0 10 2 1 
15 4 7 13 9 8 1 14 0 6 2 10 11 5 3 16 
16 9 5 14 15 12 11 10 0 8 4 1 6 3 7 2 
11 2 16 1 9 15 0 5 6 12 10 13 8 4 3 7 
11 12 0 10 4 1 3 16 6 7 9 14 13 8 5 2 
4 15 14 13 0 8 12 3 6 10 11 5 1 2 7 9 
