3 2 14 13 12 7 9 6 8 4 16 15 11 1 5 10 
4 8 3 16 7 15 5 6 9 11 14 0 13 12 10 2 
6 10 16 14 4 5 13 9 3 12 1 15 8 0 7 11 
4 15 7 11 6 12 2 5 16 1 0 13 14 8 9 10 
1 15 9 6 2 10 7 14 5 16 12 0 3 13 8 11 
8 1 6 2 16 10 7 9 11 15 13 0 3 14 4 12 
15 14 12 5 11 9 13 7 1 16 10 4 0 3 2 8 
15 14 0 16 9 11 10 3 5 4 2 1 13 12 6 8 
6 13 1 10 7 2 0 5 15 9 3 14 11 16 12 4 
6 5 8 11 2 7 3 16 12 0 1 14 15 13 10 4 
16 11 12 1 4 2 9 8 0 6 15 3 7 14 13 5 
13 14 16 5 1 8 15 2 4 6 0 9 7 10 12 3 
9 8 16 5 10 11 15 2 3 13 1 7 14 4 6 0 
7 4 1 14 11 6 3 5 16 9 2 15 8 0 10 12 
9 7 0 1 5 10 15 8 12 11 2 4 13 6 16 3 
9 2 13 12 0 5 3 10 11 8 1 14 6 4 16 7 
3 1 9 5 10 4 0 13 12 8 15 7 11 6 14 2 
