15 5 16 10 14 13 2 7 9 1 4 12 11 8 3 6 
5 7 15 9 16 11 0 13 3 14 4 6 8 2 10 12 
6 10 7 0 5 12 14 1 13 9 11 8 15 4 3 16 
6 14 15 9 11 7 5 16 4 13 10 1 0 2 8 12 
13 8 10 7 5 1 6 16 2 3 0 9 11 15 12 14 
16 2 6 1 4 15 8 7 11 10 12 3 9 14 13 0 
9 15 12 8 16 1 13 5 7 3 11 0 2 4 10 14 
5 6 14 0 2 9 4 11 8 1 10 15 13 12 16 3 
12 13 4 5 11 6 10 1 9 7 3 16 14 0 15 2 
14 13 10 3 7 6 15 12 16 8 2 0 11 5 4 1 
0 1 8 3 5 2 4 9 15 11 6 13 12 14 16 7 
16 15 0 4 6 13 8 9 10 3 14 5 12 7 1 2 
16 14 11 8 0 5 9 10 1 3 2 15 7 4 6 13 
5 0 6 12 9 7 1 3 11 10 15 2 14 8 4 16 
12 9 16 10 8 3 4 6 7 2 5 11 1 15 0 13 
6 9 10 16 4 0 12 11 8 7 1 14 2 3 13 5 
8 3 5 15 12 6 2 13 11 9 1 14 4 10 7 0 
