2 10 6 5 14 13 16 3 12 9 4 15 7 8 11 1 
12 0 16 15 6 11 5 2 8 7 3 13 4 14 9 10 
11 10 3 9 5 12 0 14 8 7 1 16 4 6 15 13 
15 4 7 6 11 16 8 1 13 9 10 12 0 5 14 2 
10 3 5 8 7 2 13 1 9 0 6 14 16 12 15 11 
12 15 10 16 8 9 7 1 11 3 13 6 2 14 4 0 
15 4 5 0 2 7 1 14 11 3 9 12 10 16 8 13 
0 2 16 9 14 6 4 5 12 1 10 13 15 3 11 8 
16 1 2 9 11 13 7 3 5 14 4 0 6 15 10 12 
3 10 8 13 5 12 1 15 6 16 14 0 11 4 7 2 
11 4 7 3 6 15 13 5 9 8 12 0 16 2 1 14 
3 9 15 4 14 7 0 5 12 6 13 10 16 2 8 1 
15 8 16 7 6 5 1 2 3 11 13 0 10 4 14 9 
12 11 2 15 0 16 5 1 3 7 9 14 8 10 6 4 
4 2 7 11 5 3 12 9 1 16 15 10 8 6 13 0 
1 2 0 16 14 7 6 4 10 5 9 12 13 8 11 3 
10 12 0 9 6 5 14 1 13 15 3 7 8 11 4 2 
