1 13 2 4 6 9 14 3 16 12 15 7 10 11 8 5 
8 12 3 0 2 4 5 10 7 11 6 9 16 13 15 14 
6 12 15 10 13 5 16 7 3 4 9 8 11 0 14 1 
5 6 8 4 11 10 12 16 7 1 9 15 2 14 13 0 
3 7 1 0 15 10 13 9 11 5 6 14 12 8 16 2 
12 0 2 6 7 11 16 3 10 9 13 14 4 8 15 1 
1 10 5 0 3 14 7 11 2 4 9 12 8 16 13 15 
5 10 9 1 2 13 12 3 0 6 11 16 8 14 4 15 
16 12 11 7 13 10 9 15 5 4 2 14 1 0 6 3 
1 8 15 5 10 2 14 16 7 12 6 4 11 3 0 13 
5 3 12 8 2 13 1 14 7 15 11 16 0 9 6 4 
5 6 9 10 14 4 2 15 16 12 13 8 3 1 7 0 
7 5 0 1 4 13 3 16 8 6 15 11 9 10 2 14 
10 4 3 16 5 0 2 15 6 9 12 7 11 8 1 14 
8 0 2 11 3 1 10 13 16 6 12 5 7 15 4 9 
2 3 6 14 0 16 11 1 4 8 7 13 9 5 12 10 
1 11 3 0 2 10 8 14 13 12 7 9 4 5 15 6 
