14 15 7 12 1 11 4 3 8 9 5 16 6 10 2 13 
0 14 15 2 12 5 11 3 13 6 4 10 7 16 8 9 
5 9 6 16 8 7 14 10 11 12 4 3 15 1 0 13 
0 14 15 2 13 12 4 11 16 5 7 1 8 6 9 10 
9 10 2 16 8 6 13 0 3 11 12 5 15 7 1 14 
13 6 1 10 15 4 3 16 0 2 11 12 8 9 7 14 
14 8 13 0 1 4 15 3 16 10 11 5 7 2 12 9 
2 14 0 11 12 13 1 10 8 6 5 16 3 15 9 4 
16 12 6 5 10 15 1 7 14 2 0 9 11 13 4 3 
0 15 14 1 11 3 5 4 13 16 8 12 7 2 6 10 
6 1 4 11 7 2 12 9 15 14 3 5 8 16 13 0 
6 5 9 16 12 10 3 13 0 14 2 8 4 1 7 15 
3 4 1 15 13 6 7 5 10 8 16 9 14 0 11 2 
0 9 2 14 3 15 6 4 10 1 8 7 5 12 16 11 
12 7 5 0 11 3 4 1 10 16 15 2 9 8 6 13 
12 11 5 3 7 16 9 6 14 4 2 0 13 10 1 8 
6 13 3 1 8 9 14 10 7 2 12 5 0 4 15 11 
