16 7 12 14 11 4 1 3 5 9 10 8 13 6 2 15 
14 0 15 2 3 5 12 11 13 10 6 4 9 8 16 7 
6 9 16 5 13 8 10 7 12 3 11 4 15 0 14 1 
0 14 15 2 11 13 4 12 7 5 16 1 9 8 10 6 
9 16 2 10 6 8 0 13 12 3 5 11 7 15 14 1 
1 10 13 6 15 4 3 16 12 0 2 11 8 14 7 9 
14 8 13 0 3 4 15 1 5 10 16 11 7 2 9 12 
14 9 0 2 12 10 1 13 8 6 5 16 11 4 3 15 
6 5 12 16 7 15 10 1 2 0 9 14 3 4 11 13 
15 0 1 14 5 11 3 4 6 8 16 13 2 10 12 7 
11 4 13 1 7 9 2 12 3 14 15 5 16 0 6 8 
5 9 6 16 4 3 12 13 2 8 14 0 10 15 7 1 
4 15 3 1 6 13 7 5 10 8 16 9 11 14 0 2 
9 0 2 14 15 6 3 4 8 7 1 10 11 5 16 12 
0 12 7 5 4 11 1 3 10 16 2 15 9 6 8 13 
11 5 12 3 9 16 7 6 2 0 4 14 8 10 13 1 
13 1 6 3 4 10 8 9 7 5 12 2 14 0 11 15 
