5 12 15 10 8 4 1 14 6 7 13 16 2 9 3 11 
11 13 0 16 12 8 7 4 9 15 14 10 3 2 5 6 
8 1 13 0 6 7 4 12 14 10 3 15 5 16 9 11 
7 5 14 16 4 12 9 8 13 1 11 2 6 0 10 15 
7 16 12 13 5 11 1 10 8 15 9 0 3 2 14 6 
4 8 13 6 7 3 15 14 2 12 1 10 11 9 0 16 
2 1 9 11 5 10 4 0 14 12 3 16 15 8 13 7 
12 0 1 14 6 8 2 5 13 15 4 3 16 11 9 10 
6 0 11 1 10 7 12 15 9 4 16 3 13 2 14 5 
2 8 7 10 12 15 16 3 5 14 11 0 13 6 4 1 
14 16 2 9 5 3 13 12 7 1 4 6 15 11 8 0 
2 8 9 12 7 14 16 0 3 4 1 5 13 6 10 15 
6 1 15 2 4 8 7 16 14 3 0 11 13 10 5 9 
4 1 3 16 5 6 15 2 9 12 0 11 14 7 8 10 
8 3 15 11 1 13 12 9 7 5 0 6 10 2 16 4 
3 13 14 5 1 16 2 0 4 9 7 12 8 10 6 11 
6 7 11 9 14 13 2 10 3 1 8 15 4 0 5 12 
