11 7 4 16 15 13 14 9 12 8 5 3 10 2 1 6 
9 2 13 14 11 12 7 4 10 6 3 16 8 5 15 0 
13 5 1 14 4 8 3 6 16 9 0 7 15 11 12 10 
7 2 14 8 16 11 5 13 10 0 9 4 1 15 6 12 
16 9 6 8 3 0 14 1 10 12 2 5 15 13 7 11 
0 4 2 11 16 14 6 10 12 13 9 3 15 1 7 8 
4 16 15 2 5 11 14 10 13 3 7 8 9 12 1 0 
12 15 16 3 9 5 8 10 13 2 4 1 14 0 11 6 
16 9 2 15 5 7 6 1 10 3 0 13 11 4 12 14 
11 0 1 2 5 6 7 3 10 15 4 13 14 12 16 8 
11 6 12 13 5 3 9 4 14 15 0 7 2 1 16 8 
7 0 3 2 8 10 13 12 5 16 4 1 15 9 6 14 
5 0 15 6 13 10 16 7 4 8 1 14 3 11 2 9 
15 11 8 1 9 6 4 7 5 0 16 12 2 10 3 14 
2 6 12 4 8 9 5 11 16 1 13 0 10 3 7 15 
2 13 6 5 11 14 3 16 4 8 0 10 1 7 9 12 
7 2 14 12 11 10 1 9 15 3 4 5 6 8 13 0 
