8 9 6 16 4 10 11 15 3 5 1 14 13 2 7 12 
13 14 6 12 4 10 16 11 7 3 15 5 2 9 8 0 
9 11 10 4 12 6 16 7 8 1 0 13 15 5 3 14 
4 7 12 11 1 15 13 6 8 0 14 16 2 9 10 5 
13 12 7 6 16 0 11 10 8 5 14 1 3 9 2 15 
4 14 16 15 2 12 0 13 9 8 10 3 6 1 11 7 
2 13 5 1 12 15 16 14 10 3 4 11 0 9 8 7 
8 2 5 0 6 11 12 16 9 1 3 13 15 14 10 4 
7 10 0 13 16 2 6 12 3 9 14 11 15 5 4 1 
10 13 1 14 5 4 11 0 3 6 15 8 7 16 12 2 
9 8 12 7 4 0 11 6 5 3 15 13 16 2 14 1 
10 16 6 12 4 7 2 0 5 8 3 9 13 15 14 1 
7 14 11 5 1 2 13 8 15 3 6 4 0 10 9 16 
16 3 2 8 10 11 14 1 5 15 6 9 7 12 4 0 
10 11 16 0 12 1 13 2 15 7 8 6 5 3 4 9 
4 9 10 0 8 12 7 2 13 11 3 1 6 14 16 5 
6 15 10 14 2 13 11 3 1 5 12 8 4 7 0 9 
