15 11 1 7 14 6 2 5 16 10 13 8 3 9 12 4 
16 0 7 11 10 2 4 3 8 6 13 14 5 9 12 15 
1 4 11 6 7 8 3 0 9 13 5 14 10 16 12 15 
13 2 10 1 9 11 4 16 8 12 5 7 14 0 15 6 
0 10 7 15 12 13 1 11 16 14 8 2 5 3 6 9 
14 2 16 3 7 1 6 4 15 11 8 12 9 10 0 13 
13 16 2 15 4 12 0 14 10 11 1 3 7 5 9 8 
15 14 12 3 16 10 5 1 2 0 8 6 11 4 9 13 
6 2 7 12 4 10 14 1 15 9 3 16 5 11 0 13 
6 4 10 8 14 11 16 3 0 1 2 12 7 13 15 5 
8 5 4 16 11 0 2 15 7 9 14 1 12 3 13 6 
2 8 9 1 16 7 6 12 14 10 5 15 3 4 13 0 
11 8 9 2 3 14 7 10 6 13 16 15 1 5 0 4 
1 16 0 12 10 9 7 2 5 6 11 3 8 4 15 14 
0 5 3 16 1 6 9 15 11 12 10 8 4 13 2 7 
8 13 3 1 5 11 10 6 14 12 9 0 2 16 7 4 
11 13 14 7 4 2 5 12 3 15 1 8 6 10 9 0 
