9 13 16 10 6 1 8 3 4 5 14 7 12 11 15 2 
12 9 16 0 13 11 10 8 3 14 7 15 4 5 2 6 
1 8 5 16 7 13 15 6 14 10 9 4 3 11 0 12 
5 14 7 12 10 4 16 2 15 9 1 13 8 11 6 0 
8 12 0 10 1 6 11 5 13 15 9 7 2 14 3 16 
6 2 8 16 11 4 3 13 10 12 14 1 0 9 7 15 
9 1 10 5 13 2 8 11 4 12 3 16 14 0 15 7 
2 5 4 1 15 3 13 8 0 16 6 11 9 12 14 10 
11 4 6 15 7 13 2 9 1 5 10 12 14 0 16 3 
10 11 0 13 16 3 15 2 12 7 5 14 6 4 1 8 
2 15 6 16 9 12 5 3 13 4 7 1 0 8 14 11 
8 9 12 2 16 14 15 7 13 1 4 5 3 10 6 0 
1 0 15 3 4 16 6 9 10 8 2 11 13 5 7 14 
4 3 9 14 5 6 2 0 16 8 12 7 10 1 15 11 
6 7 15 2 1 9 13 4 11 8 5 0 10 12 3 16 
13 3 5 14 2 0 11 16 7 12 9 4 1 8 10 6 
1 10 11 3 15 4 14 8 9 0 6 2 12 5 7 13 
