7 13 12 6 5 10 1 16 2 14 8 4 9 11 15 3 
13 16 5 4 6 15 11 10 3 0 2 7 8 14 9 12 
8 15 3 1 16 0 7 14 11 5 9 4 12 10 13 6 
13 9 1 14 12 7 4 8 0 5 15 16 11 2 10 6 
15 7 14 1 8 6 13 0 10 11 5 16 2 12 3 9 
1 6 0 8 10 4 14 12 13 9 7 11 16 3 15 2 
13 1 2 9 4 5 7 3 12 10 0 15 8 14 16 11 
10 16 9 15 0 1 3 4 11 12 5 13 8 14 2 6 
10 3 13 0 5 15 14 7 1 12 11 2 16 4 6 9 
11 6 3 14 12 1 7 16 10 4 2 15 5 8 0 13 
12 5 9 3 4 1 11 0 6 15 14 8 13 2 7 16 
3 14 10 13 16 4 8 15 12 1 5 2 6 9 7 0 
10 8 16 3 14 9 0 11 5 6 1 7 13 4 2 15 
8 2 6 5 4 12 16 0 11 3 14 1 15 9 7 10 
6 16 9 4 15 3 13 1 2 5 10 0 12 7 11 8 
9 1 10 8 6 12 16 3 7 0 11 2 14 4 5 13 
6 5 3 15 10 4 1 7 0 12 2 14 11 8 13 9 
