11 4 13 15 12 14 8 7 6 5 3 16 2 10 9 1 
7 3 13 0 14 6 11 9 16 12 5 15 4 2 10 8 
14 9 12 7 1 3 0 6 5 16 8 4 11 10 13 15 
7 13 2 8 0 11 12 16 1 6 5 10 14 9 4 15 
7 16 8 9 12 3 15 13 0 14 10 5 1 6 11 2 
6 0 2 4 13 9 11 12 16 8 10 14 7 3 15 1 
8 13 7 12 0 16 14 1 11 15 4 3 10 2 9 5 
13 11 2 16 9 3 14 1 5 8 6 4 12 10 0 15 
11 12 6 14 4 15 0 1 13 10 16 3 5 9 7 2 
10 12 4 0 3 11 2 8 13 14 5 15 1 7 6 16 
3 12 2 1 11 0 7 16 14 13 6 5 15 9 8 4 
3 7 5 6 4 16 13 14 10 9 1 8 12 0 15 2 
10 11 13 0 15 8 9 6 5 1 3 16 2 7 14 4 
8 0 9 3 4 15 10 7 16 2 6 12 11 5 14 1 
5 7 15 6 8 11 1 4 0 12 10 3 9 16 2 13 
9 16 1 11 12 14 0 2 8 5 6 13 4 10 3 7 
4 12 6 13 8 15 1 14 10 0 11 7 2 3 5 9 
