13 6 1 14 15 9 16 3 7 12 4 5 2 8 10 11 
11 12 0 6 2 4 8 10 7 13 15 3 9 14 16 5 
1 8 5 16 6 15 13 7 4 10 14 9 3 12 0 11 
7 11 5 1 16 12 10 4 6 15 13 9 14 8 2 0 
0 15 12 10 11 1 5 6 7 9 8 14 2 13 16 3 
13 12 9 6 4 3 7 11 10 8 1 14 0 16 2 15 
1 10 5 15 13 2 8 11 3 4 9 12 14 7 16 0 
9 10 5 16 12 3 13 2 6 1 0 11 8 15 14 4 
5 4 12 11 13 9 15 2 6 1 3 10 14 0 16 7 
3 5 6 11 10 16 2 15 13 12 1 14 0 8 4 7 
8 3 15 5 14 6 0 13 11 16 7 2 9 12 1 4 
2 9 1 5 7 4 14 15 12 8 16 13 6 3 10 0 
15 9 0 5 1 4 16 6 10 2 3 8 7 14 11 13 
9 14 4 3 6 0 15 2 7 16 12 8 1 5 10 11 
16 0 12 2 4 1 13 10 5 8 6 11 15 3 7 9 
14 13 5 3 16 0 11 1 9 8 7 12 6 4 10 2 
10 11 3 1 9 14 2 15 0 8 6 7 12 4 5 13 
