11 15 3 14 7 8 10 1 6 9 4 12 2 13 16 5 
13 5 9 7 16 8 12 14 6 0 3 15 10 11 4 2 
16 12 0 15 11 8 6 5 7 14 9 10 3 4 1 13 
6 2 7 16 9 8 4 14 13 10 11 15 12 5 1 0 
13 1 6 5 8 7 16 10 14 15 9 11 0 3 12 2 
4 11 7 0 12 9 1 14 10 6 16 3 13 8 2 15 
7 12 8 15 4 16 9 0 2 13 10 1 5 11 3 14 
8 4 2 5 12 10 15 0 11 9 6 1 13 14 16 3 
14 5 10 12 7 6 4 15 0 1 11 2 13 9 16 3 
7 6 14 1 3 5 12 4 10 2 0 16 11 13 8 15 
8 13 9 1 0 11 14 16 7 2 3 12 6 15 5 4 
9 5 15 2 3 13 1 14 0 10 6 8 4 12 7 16 
13 4 14 6 10 11 7 2 15 9 3 16 0 1 5 8 
0 3 7 8 1 4 11 16 6 14 2 15 10 5 12 9 
1 15 16 5 4 3 8 2 0 6 10 9 12 7 13 11 
3 11 12 6 7 9 1 2 16 14 8 5 4 10 0 13 
13 2 6 12 11 9 8 3 10 15 4 1 7 5 14 0 
