5 3 9 10 16 6 8 14 12 13 7 11 1 4 2 15 
11 5 0 16 6 13 4 14 8 2 7 3 15 10 9 12 
9 6 4 13 11 3 5 8 10 0 16 12 7 15 14 1 
10 9 14 1 15 4 13 5 7 8 2 11 0 12 16 6 
15 16 14 8 5 2 0 13 6 1 12 9 7 3 11 10 
9 10 3 7 13 2 11 12 4 6 1 15 16 14 8 0 
4 14 16 13 1 10 15 2 0 5 12 7 9 3 11 8 
6 2 14 1 5 4 0 13 8 3 15 9 12 10 16 11 
2 15 3 16 11 7 13 1 9 10 12 14 0 5 4 6 
15 8 0 6 1 10 16 3 11 7 12 2 14 4 5 13 
15 13 4 6 12 5 11 9 3 0 2 14 1 16 7 8 
1 8 7 10 13 9 16 3 5 14 12 0 6 4 2 15 
15 4 6 1 7 14 2 10 8 16 0 13 5 9 3 11 
10 7 14 1 0 6 15 5 8 2 12 9 11 4 16 3 
9 4 1 15 8 2 3 7 6 5 13 0 12 10 16 11 
5 1 3 4 9 7 0 12 10 16 8 11 13 6 14 2 
3 13 14 2 11 6 7 4 1 15 9 8 5 10 12 0 
