12 5 13 2 8 14 10 7 4 6 16 11 9 3 15 1 
15 0 6 10 9 11 3 5 7 16 4 12 8 14 2 13 
3 5 1 14 6 9 12 16 8 0 15 11 7 10 4 13 
8 9 15 2 4 0 1 14 5 6 16 7 13 10 11 12 
5 2 10 14 9 3 0 13 12 15 7 16 6 8 11 1 
4 1 14 15 6 12 9 11 8 10 13 16 7 3 0 2 
5 8 9 1 2 11 3 4 10 7 0 13 12 16 15 14 
0 9 6 2 12 1 8 5 14 16 11 10 3 4 13 15 
7 4 12 9 3 1 0 11 13 16 2 14 15 5 10 6 
13 4 2 15 12 0 8 10 7 11 1 14 6 5 16 3 
5 16 0 6 12 8 13 3 1 7 2 15 11 4 9 14 
8 9 15 12 5 4 10 2 3 14 7 0 13 16 6 1 
6 14 13 8 1 10 2 4 0 15 11 5 9 7 3 16 
8 16 0 5 3 14 15 2 4 1 12 10 9 7 6 11 
16 13 11 8 0 3 12 4 6 1 7 5 9 10 15 2 
8 7 14 10 3 5 13 9 0 16 1 2 4 11 12 6 
15 6 13 11 1 3 10 12 4 14 9 0 5 2 8 7 
