7 11 4 8 13 1 16 6 12 10 14 3 5 9 15 2 
8 6 15 9 13 12 4 3 0 2 7 14 10 16 11 5 
14 7 5 6 10 4 15 13 1 9 3 11 12 0 8 16 
0 10 9 1 11 5 7 4 2 6 8 16 14 12 15 13 
8 11 12 1 0 3 15 7 14 6 2 16 13 9 5 10 
0 13 15 2 7 8 3 16 9 1 6 4 14 11 10 12 
11 13 3 16 4 9 2 5 1 12 7 0 8 15 14 10 
8 0 9 6 11 2 10 4 12 13 3 16 15 5 1 14 
13 1 2 5 9 15 3 16 7 6 12 14 4 0 11 10 
12 1 7 15 10 2 8 3 5 16 4 14 11 6 13 0 
5 14 3 8 7 13 9 4 16 0 1 15 6 12 11 2 
2 1 10 8 0 13 9 14 16 5 7 12 4 6 15 3 
5 1 6 3 9 7 15 10 14 2 16 4 8 11 13 0 
9 16 15 11 1 3 2 8 5 4 14 0 10 12 7 6 
10 16 1 0 13 8 7 2 15 5 4 12 3 9 11 6 
12 2 5 11 8 13 1 14 9 16 10 7 3 6 4 0 
0 3 15 2 10 5 13 6 12 8 9 4 11 7 1 14 
