11 3 1 13 8 15 6 7 9 16 2 12 10 4 14 5 
11 9 4 6 0 14 2 15 10 16 13 8 5 3 7 12 
15 14 6 13 16 1 5 8 9 11 12 0 3 4 7 10 
7 16 6 1 15 5 9 13 12 10 8 2 0 14 4 11 
14 12 11 15 10 3 8 9 6 16 1 5 2 7 0 13 
4 13 3 12 16 8 0 11 7 9 2 15 6 10 1 14 
5 8 10 12 15 1 0 3 2 16 9 11 13 4 14 7 
14 8 5 13 0 3 9 12 4 16 15 6 10 1 2 11 
9 4 15 10 14 2 16 3 0 12 6 1 5 7 13 11 
7 8 4 1 3 15 5 0 13 2 10 6 14 16 11 12 
13 4 12 16 2 3 14 8 1 15 11 7 0 9 5 6 
10 15 1 16 0 8 4 2 14 7 5 9 13 3 6 12 
13 11 6 2 4 15 8 3 10 14 7 9 16 0 1 5 
7 0 3 16 5 8 15 2 11 6 9 14 10 1 12 4 
15 1 13 12 10 0 3 6 9 8 16 7 5 4 2 11 
9 4 2 1 6 14 16 3 5 11 7 10 8 12 0 13 
9 3 14 1 7 4 0 13 2 5 6 12 15 8 10 11 
