8 2 9 16 3 11 14 1 15 10 4 5 6 13 12 7 
2 0 5 7 10 14 3 16 6 15 11 9 12 8 4 13 
6 1 16 10 3 12 15 4 7 11 0 13 9 8 14 5 
5 11 16 1 4 10 14 7 8 12 6 9 2 15 13 0 
0 15 1 14 9 8 11 10 3 12 7 13 2 5 6 16 
15 7 8 1 6 3 9 2 16 13 14 10 11 0 12 4 
14 12 11 10 8 7 1 16 5 13 15 2 4 9 3 0 
10 0 4 1 2 8 11 13 14 12 16 9 3 5 6 15 
12 5 11 7 3 10 6 13 4 9 1 0 16 14 2 15 
0 7 16 12 3 11 15 2 13 6 5 14 4 8 1 10 
4 14 15 2 0 12 16 7 13 1 5 3 11 8 6 9 
2 4 16 13 8 3 14 0 9 1 5 12 7 6 10 15 
6 9 5 10 0 16 11 15 14 8 7 4 2 1 3 13 
5 15 1 14 10 2 8 12 9 7 0 3 4 11 16 6 
0 12 3 8 9 15 4 16 6 11 13 10 1 5 7 2 
8 5 3 16 13 4 11 1 6 0 7 9 10 2 14 12 
8 6 11 12 14 7 2 10 13 9 1 15 5 3 0 4 
