3 14 13 2 9 7 12 6 16 15 4 8 1 5 10 11 
4 8 3 16 15 7 6 5 11 14 9 0 12 13 10 2 
14 16 10 6 13 4 5 9 12 15 3 1 7 0 11 8 
15 11 4 7 5 6 12 2 16 1 0 13 10 9 8 14 
9 6 15 1 7 14 10 2 0 5 16 12 13 8 3 11 
1 6 2 8 9 7 16 10 15 11 13 0 4 12 14 3 
15 5 14 12 7 11 13 9 1 4 10 16 0 8 3 2 
0 14 15 16 9 11 3 10 1 4 2 5 12 6 8 13 
1 13 6 10 7 0 2 5 15 9 14 3 16 4 12 11 
11 8 6 5 7 2 3 16 0 12 14 1 13 15 10 4 
11 16 1 12 4 2 8 9 6 3 0 15 14 5 13 7 
16 13 5 14 1 8 15 2 4 0 9 6 3 10 7 12 
16 8 5 9 10 11 2 15 13 7 3 1 6 14 4 0 
4 7 1 14 5 6 3 11 16 9 15 2 0 8 12 10 
0 1 9 7 10 8 5 15 2 12 11 4 6 13 16 3 
13 2 9 12 10 5 3 0 11 8 14 1 16 4 6 7 
3 9 5 1 4 10 0 13 15 7 8 12 2 11 14 6 
