3 1 15 4 9 6 2 16 7 8 14 13 11 5 12 10 
11 2 4 12 5 7 16 3 10 8 6 9 15 14 0 13 
9 0 14 16 1 6 11 3 10 12 7 4 5 13 8 15 
12 2 6 14 9 0 7 4 15 11 16 5 8 13 1 10 
6 2 3 8 9 11 1 13 15 14 16 5 10 7 12 0 
10 6 13 0 8 4 16 3 7 11 2 15 9 12 14 1 
13 7 1 14 2 5 10 4 8 16 11 0 12 15 3 9 
4 2 0 13 1 5 12 8 14 10 16 3 11 15 6 9 
3 4 1 10 12 13 11 16 9 14 5 2 15 7 6 0 
2 5 1 8 7 13 10 11 4 16 14 15 0 12 6 3 
3 9 14 7 12 13 16 2 11 1 0 5 4 6 8 15 
1 0 16 4 10 8 15 9 7 12 5 6 14 2 13 3 
8 4 11 14 5 13 15 3 1 7 6 16 10 9 0 2 
0 9 5 3 16 8 2 7 11 4 6 14 15 1 10 12 
13 5 6 4 7 3 8 11 0 1 15 2 10 16 12 9 
3 2 10 11 0 8 14 12 5 9 4 7 16 1 13 6 
7 1 2 15 14 6 5 10 3 12 13 4 9 0 11 8 
