11 3 1 13 15 6 7 8 2 12 16 9 10 5 4 14 
4 6 14 11 9 0 15 2 16 10 8 13 12 3 7 5 
13 6 16 15 0 5 1 14 11 8 12 9 10 7 3 4 
8 16 7 6 5 13 15 9 10 12 1 2 11 0 4 14 
15 12 11 14 8 9 10 3 5 1 6 16 7 2 0 13 
12 3 4 13 0 16 8 11 9 7 2 15 6 10 1 14 
8 10 12 5 15 1 3 0 9 4 11 16 14 2 7 13 
13 5 14 8 3 9 12 0 6 16 15 4 1 11 10 2 
10 15 4 9 14 2 16 3 5 12 6 0 11 7 13 1 
4 8 7 1 3 0 5 15 2 13 10 6 16 12 11 14 
12 4 16 13 3 8 14 2 1 7 11 15 9 0 5 6 
1 15 16 10 8 0 2 4 5 14 7 9 3 6 12 13 
9 11 2 6 3 15 4 8 7 10 14 13 16 5 0 1 
0 7 3 16 5 11 2 15 9 8 14 6 1 10 4 12 
1 15 12 13 3 0 6 10 9 7 11 16 4 5 2 8 
1 4 2 9 6 14 16 3 5 11 10 7 12 8 0 13 
3 9 14 1 7 4 13 0 2 6 5 12 10 15 11 8 
