7 14 15 12 3 1 11 4 9 16 8 5 10 2 13 6 
0 14 15 2 3 11 12 5 6 4 10 13 16 7 9 8 
9 5 16 6 7 8 14 10 11 4 3 12 15 1 13 0 
0 14 2 15 4 13 12 11 7 5 1 16 10 6 8 9 
16 9 2 10 6 8 13 0 5 11 12 3 7 15 1 14 
10 6 1 13 4 15 3 16 12 11 0 2 14 7 8 9 
14 8 0 13 3 4 1 15 10 11 5 16 2 7 9 12 
9 14 2 0 13 1 12 10 8 16 5 6 11 15 4 3 
5 16 6 12 15 1 10 7 2 9 14 0 4 13 11 3 
0 15 14 1 5 11 3 4 8 13 16 12 2 6 7 10 
4 6 1 11 2 7 9 12 15 14 5 3 8 16 0 13 
6 16 5 9 10 13 12 3 8 14 0 2 7 15 4 1 
4 15 1 3 13 5 7 6 8 16 10 9 2 14 11 0 
2 14 0 9 3 4 15 6 7 1 8 10 5 11 16 12 
5 0 12 7 3 1 4 11 10 16 2 15 8 9 6 13 
11 12 5 3 9 7 6 16 4 0 14 2 10 13 1 8 
3 13 6 1 14 9 8 10 2 12 7 5 15 0 11 4 
