4 1 2 13 6 3 9 14 7 16 12 15 10 11 5 8 
0 8 3 12 2 10 5 4 11 7 9 6 14 15 16 13 
15 6 10 12 13 16 7 5 4 9 8 3 0 11 1 14 
6 5 4 8 16 12 11 10 9 1 15 7 14 2 0 13 
0 3 7 1 9 15 11 10 5 13 14 6 12 2 8 16 
12 2 6 0 11 7 3 16 14 9 10 13 15 4 1 8 
1 10 5 0 14 3 7 11 2 4 9 12 13 16 8 15 
5 1 9 10 3 2 13 12 16 11 6 0 14 4 8 15 
11 12 16 7 10 13 9 15 14 5 2 4 0 6 3 1 
1 8 5 15 2 16 14 10 11 12 6 4 7 3 0 13 
3 12 15 8 13 2 14 1 7 5 11 16 9 4 0 6 
10 5 9 6 4 14 2 15 8 13 12 16 0 7 3 1 
1 5 0 7 13 4 3 16 11 6 15 8 14 10 2 9 
10 4 3 16 5 0 15 2 9 12 7 6 11 8 1 14 
0 11 2 8 10 1 13 3 5 16 12 6 7 15 4 9 
3 2 14 6 0 16 1 11 7 4 8 13 12 9 5 10 
3 1 11 0 2 10 8 14 7 9 13 12 15 4 5 6 
