2 14 8 12 7 10 13 15 9 6 11 4 5 1 16 3 
14 6 15 0 4 9 5 2 11 8 10 3 7 13 16 12 
6 5 10 13 1 0 7 12 8 9 15 11 14 4 3 16 
7 4 14 1 0 12 6 11 9 16 10 15 13 8 5 2 
11 0 10 5 1 13 8 6 12 9 16 14 3 7 15 2 
9 13 12 3 8 10 6 14 16 4 11 0 7 1 2 15 
2 16 8 1 15 4 13 0 11 5 9 14 7 10 3 12 
4 0 8 5 6 1 12 15 2 3 11 9 10 16 14 13 
4 1 10 15 2 5 3 6 0 9 7 14 12 16 11 13 
1 6 13 0 10 8 4 7 16 11 15 2 5 3 14 12 
1 5 13 12 2 0 7 14 9 11 4 8 6 15 16 3 
7 4 13 3 10 2 6 12 8 14 15 5 1 16 0 9 
5 16 4 15 9 7 2 6 11 10 1 14 3 8 0 13 
11 7 1 5 4 6 3 14 15 9 8 12 10 16 2 0 
11 10 1 3 6 7 8 16 15 5 12 0 2 13 9 4 
0 10 9 3 4 12 6 11 13 2 14 1 5 8 16 7 
13 11 15 14 3 8 1 0 4 10 12 2 7 6 5 9 
