1 11 10 7 14 3 15 9 5 13 6 12 16 2 8 4 
0 2 7 16 6 8 4 5 11 9 14 3 10 12 13 15 
7 8 14 12 10 16 13 5 6 15 11 4 3 9 1 0 
5 4 16 12 10 2 0 1 14 9 6 15 7 11 8 13 
3 11 0 7 14 6 8 15 10 5 2 13 16 12 9 1 
2 9 12 10 13 8 14 15 11 6 3 4 16 1 7 0 
7 11 0 8 10 5 13 3 9 2 1 16 12 4 14 15 
6 4 11 3 14 9 15 12 8 10 5 13 16 2 0 1 
9 3 7 0 10 4 2 5 1 15 13 16 12 6 14 11 
0 5 10 12 2 16 1 14 6 15 4 11 8 3 13 7 
5 16 2 15 4 6 7 11 9 1 0 13 3 12 8 14 
8 1 13 10 14 2 12 9 4 3 6 5 7 15 0 16 
15 3 5 14 2 13 9 10 4 0 16 1 6 11 8 7 
6 0 11 4 8 9 7 5 10 2 12 1 14 15 3 16 
4 5 6 12 9 3 15 2 16 7 0 11 10 8 1 13 
1 0 16 11 3 13 5 7 4 8 10 6 2 14 9 12 
11 5 3 4 8 9 2 14 7 1 0 13 12 10 6 15 
