3 6 13 4 16 9 8 1 7 11 12 2 5 15 14 10 
11 10 8 9 12 4 6 3 15 5 0 13 16 7 14 2 
11 5 12 1 13 10 6 4 7 15 0 14 8 9 3 16 
1 2 5 13 0 8 7 14 4 9 10 15 16 6 11 12 
1 13 10 11 12 3 14 2 7 15 5 8 0 9 6 16 
0 1 15 2 8 3 11 13 12 9 10 16 7 6 4 14 
5 10 8 2 7 14 13 3 11 12 15 0 9 4 16 1 
0 14 11 6 5 4 1 3 16 15 10 8 2 13 12 9 
4 15 16 3 0 11 6 7 5 12 9 14 10 1 13 2 
7 6 5 13 16 4 2 0 12 8 14 10 11 1 3 15 
4 11 2 15 16 12 13 7 3 9 0 14 5 1 8 6 
16 10 0 13 15 7 9 3 4 12 5 8 6 2 14 1 
8 0 7 4 16 15 1 14 2 9 3 11 10 13 5 6 
14 0 5 11 1 12 2 7 8 4 3 16 10 9 6 15 
16 13 6 11 2 3 5 9 8 7 0 1 12 15 10 4 
9 11 7 16 10 2 3 0 8 5 6 14 4 12 13 1 
2 8 6 12 9 3 1 15 10 7 0 13 5 14 4 11 
