7 16 1 10 15 6 12 5 11 2 3 4 8 9 13 14 
12 9 3 6 16 7 15 2 0 4 10 11 14 13 8 5 
6 13 4 11 9 10 0 7 15 5 1 14 8 12 16 3 
2 0 1 5 11 14 9 12 13 16 15 10 7 6 8 4 
0 6 5 15 8 13 12 3 9 16 10 2 11 7 14 1 
2 6 14 16 7 9 10 4 3 11 15 8 1 12 13 0 
10 4 1 14 3 15 0 9 16 5 8 11 13 2 12 7 
4 1 15 2 6 12 0 8 14 3 11 10 9 5 13 16 
11 15 0 7 9 3 1 5 16 12 14 4 6 13 2 10 
1 12 4 7 10 8 14 0 5 3 13 2 15 11 6 16 
9 11 1 15 8 16 0 13 14 5 7 6 12 2 3 4 
3 12 0 14 13 7 15 8 16 1 6 9 5 2 4 10 
6 1 0 13 5 15 10 3 9 7 16 2 8 11 14 4 
16 3 14 1 5 0 4 7 2 10 8 6 15 9 12 11 
3 4 7 6 1 8 9 13 5 0 16 11 12 10 15 2 
14 6 13 7 8 9 5 10 4 0 16 3 12 2 1 11 
3 6 1 10 4 8 15 13 5 11 12 7 2 14 0 9 
