10 15 16 3 14 13 2 4 9 8 12 6 11 5 7 1 
11 16 14 6 13 15 7 10 0 5 2 8 3 12 9 4 
11 0 12 9 10 15 13 6 7 5 14 3 1 8 4 16 
12 5 15 1 10 4 11 14 8 9 0 13 16 2 7 6 
7 15 3 16 10 6 0 1 11 12 5 2 8 9 14 13 
9 11 6 7 15 12 1 4 13 10 2 16 14 8 3 0 
11 13 3 1 2 0 10 8 16 14 15 12 4 9 7 5 
13 16 8 6 11 9 1 14 12 3 2 15 5 10 4 0 
12 1 0 13 11 16 4 10 14 3 5 6 9 7 2 15 
7 5 14 1 2 11 6 4 3 10 13 12 8 16 15 0 
6 12 3 14 15 9 11 13 7 4 2 1 8 16 0 5 
12 10 14 7 0 4 2 15 6 8 3 5 16 9 13 1 
5 13 4 2 14 11 8 15 0 6 7 10 9 1 16 3 
3 0 4 10 7 11 14 1 6 8 15 9 2 12 16 5 
13 12 5 6 0 11 15 2 10 8 1 7 4 9 3 16 
2 3 7 8 0 11 16 12 6 4 1 14 10 13 9 5 
5 11 10 9 6 14 15 2 7 12 4 13 8 1 3 0 
