6 2 3 4 13 9 14 1 15 12 7 16 8 5 10 11 
3 8 0 12 4 10 5 15 6 11 9 7 13 14 2 16 
5 15 6 10 13 16 12 7 8 4 9 3 11 0 1 14 
8 4 5 6 12 10 11 16 7 9 1 15 14 2 0 13 
3 5 2 1 9 6 10 14 11 12 13 7 16 0 15 8 
0 6 2 1 7 11 16 3 14 10 9 13 15 12 4 8 
12 0 8 10 5 4 7 11 2 9 3 1 13 14 15 16 
9 1 10 5 3 2 13 12 11 6 16 0 15 8 14 4 
12 16 7 11 9 10 15 13 2 5 4 14 1 3 0 6 
8 1 15 5 16 7 10 14 2 4 6 12 3 11 0 13 
8 5 0 3 2 13 14 1 11 12 16 15 9 7 6 4 
10 6 9 0 14 4 2 15 13 12 8 16 1 3 5 7 
4 0 1 5 13 7 3 16 8 15 6 11 14 2 10 9 
6 7 3 16 5 0 15 2 4 12 10 9 8 11 14 1 
0 8 2 5 4 10 3 1 6 12 16 11 7 13 15 9 
3 8 2 5 1 0 16 4 14 13 7 12 11 10 6 9 
11 1 3 10 2 8 14 0 9 13 7 12 6 15 4 5 
