14 2 16 13 8 3 11 15 10 4 12 7 1 5 6 9 
2 5 13 4 16 15 8 7 0 11 6 10 12 3 14 9 
8 15 6 3 9 12 14 10 7 4 13 0 5 11 16 1 
12 1 9 13 5 11 15 2 7 16 8 14 6 10 4 0 
6 11 1 14 8 9 5 10 0 7 2 15 13 12 16 3 
14 2 8 0 9 13 15 3 6 11 7 12 16 10 1 4 
12 1 15 11 2 9 3 0 4 5 7 16 8 10 14 13 
2 5 3 8 13 14 12 6 16 1 4 9 15 11 10 0 
13 12 5 6 1 15 3 16 10 7 0 2 14 4 9 11 
10 5 3 16 1 6 7 15 14 8 13 0 11 4 12 2 
4 5 1 13 14 15 6 16 3 11 0 7 9 2 8 12 
12 10 3 13 5 14 9 7 0 8 6 16 1 4 15 2 
13 15 4 1 11 16 9 10 6 8 7 2 0 14 5 3 
12 9 8 4 6 14 5 16 10 7 2 15 11 0 3 1 
3 4 1 8 12 16 5 2 10 9 6 13 7 11 15 0 
6 7 16 3 0 2 4 9 10 11 1 14 13 5 8 12 
15 14 4 3 1 9 8 11 13 6 2 7 5 0 10 12 
