8 4 13 7 9 3 15 10 16 6 1 2 5 14 12 11 
9 7 12 0 3 8 6 5 16 11 4 15 14 2 10 13 
12 15 16 3 4 5 9 13 7 14 6 11 10 8 0 1 
16 7 14 1 4 8 11 5 15 10 9 0 12 2 6 13 
8 6 15 9 10 2 11 16 5 7 1 0 3 12 14 13 
1 4 3 10 7 15 8 13 9 2 16 0 14 12 11 6 
10 2 7 4 5 3 15 11 0 12 8 16 14 1 9 13 
15 1 13 6 8 9 14 5 2 10 11 12 4 0 16 3 
10 14 15 7 3 1 2 0 12 16 5 13 4 6 9 11 
3 8 14 5 7 12 15 2 1 11 13 0 6 10 16 4 
5 6 0 2 14 3 4 9 12 8 15 1 13 16 11 7 
10 0 12 8 9 6 7 16 5 4 2 15 13 3 1 14 
9 3 8 11 16 14 15 2 1 10 5 7 4 6 0 13 
4 15 0 14 8 2 10 11 16 1 9 5 6 3 12 7 
5 10 16 13 6 8 1 12 3 4 2 7 9 0 15 11 
8 16 14 4 1 13 9 2 12 5 6 10 7 0 3 11 
1 12 11 4 5 15 0 13 2 8 7 9 6 14 3 10 
