8 11 1 4 9 2 6 13 10 7 5 16 12 3 14 15 
15 12 9 0 11 10 2 3 7 4 16 13 8 14 5 6 
5 4 7 12 11 13 10 8 0 1 3 16 15 9 14 6 
9 11 5 8 7 2 14 1 6 4 13 0 10 15 12 16 
16 14 6 11 5 3 13 12 2 9 1 10 15 0 8 7 
10 7 11 1 8 16 15 2 12 6 3 0 9 13 14 4 
12 7 14 2 1 10 8 9 11 5 16 0 15 4 13 3 
16 13 14 10 6 5 9 2 3 11 0 12 1 4 15 8 
4 12 16 1 3 9 6 10 15 13 11 7 0 14 5 2 
8 4 13 0 15 14 3 5 10 1 11 2 7 12 16 6 
6 3 7 1 13 12 15 2 5 11 0 16 14 8 4 9 
4 5 10 12 6 1 15 2 14 3 8 13 16 9 7 0 
6 4 11 15 10 7 0 8 9 14 16 3 5 2 13 1 
11 9 7 12 10 0 15 14 5 8 6 1 4 2 16 3 
3 0 8 2 6 16 7 4 15 9 11 5 13 12 10 1 
3 10 7 5 8 13 14 12 9 16 0 1 6 11 4 2 
11 6 13 0 5 12 14 1 10 7 15 2 8 9 4 3 
