11 2 14 1 13 9 5 8 15 16 10 7 12 6 3 4 
8 11 4 12 14 9 13 5 15 6 3 7 0 10 16 2 
15 9 11 0 14 13 16 3 10 7 1 8 12 4 5 6 
16 15 6 9 7 10 13 0 4 5 14 1 11 8 12 2 
11 3 0 6 9 16 15 2 8 13 1 14 5 12 10 7 
4 14 11 7 6 13 12 3 0 9 1 15 8 16 2 10 
2 11 13 10 9 7 3 14 8 5 0 12 1 4 16 15 
1 6 16 12 0 14 15 2 11 3 9 5 13 8 10 4 
4 15 13 9 3 10 0 12 11 6 5 16 2 7 1 14 
4 2 7 16 5 6 0 13 10 12 1 11 8 15 3 14 
0 9 12 1 8 7 5 2 14 6 15 13 11 4 16 3 
16 14 13 8 2 9 3 1 4 7 6 0 5 10 12 15 
8 13 7 6 9 11 15 2 10 4 5 14 0 1 3 16 
5 6 11 15 16 7 0 12 8 2 14 1 9 10 4 3 
16 4 8 9 2 3 12 5 7 11 0 13 15 6 1 10 
4 14 0 10 11 8 3 6 5 2 13 1 16 9 12 7 
11 1 7 3 6 9 14 10 4 5 0 2 8 13 15 12 
