12 7 1 14 4 3 15 9 2 10 8 6 13 5 16 11 
6 4 15 7 12 10 2 0 9 13 8 16 3 14 11 5 
6 10 9 12 7 3 4 0 8 11 1 14 13 16 15 5 
9 1 15 2 12 11 16 4 6 8 13 14 10 5 7 0 
0 10 5 6 1 7 8 15 14 12 16 3 11 9 13 2 
14 12 15 11 13 10 6 8 0 4 2 1 7 9 3 16 
13 9 15 5 3 4 14 10 16 1 2 12 0 8 11 7 
6 0 5 16 12 14 10 8 13 4 1 9 3 11 2 15 
10 5 16 3 13 15 1 4 9 2 0 6 7 14 12 11 
10 2 0 6 5 4 16 3 8 7 1 14 11 15 13 12 
15 3 9 7 12 11 14 1 8 0 2 6 5 13 16 4 
3 15 1 14 9 13 10 12 8 6 7 0 5 2 16 4 
16 4 5 1 6 3 10 13 2 0 7 8 14 15 9 11 
6 4 5 16 1 9 10 0 2 14 11 8 12 7 15 3 
10 8 0 7 5 16 6 9 11 15 13 3 4 1 12 2 
0 2 6 8 16 7 14 1 3 12 4 9 10 11 5 13 
1 0 15 7 8 5 14 6 13 9 4 10 2 3 11 12 
