5 9 13 3 8 6 16 14 11 10 7 12 1 4 2 15 
11 0 12 16 14 6 4 13 15 3 7 8 9 5 10 2 
14 4 6 13 8 11 9 3 10 16 12 0 5 15 7 1 
9 10 14 1 13 4 15 5 12 2 11 16 7 8 0 6 
13 15 16 3 8 2 5 0 6 12 1 14 9 7 11 10 
1 7 6 15 2 11 12 10 4 3 13 9 14 8 16 0 
16 13 4 14 10 7 2 15 1 0 12 5 3 9 11 8 
4 16 2 6 5 1 0 13 8 3 9 15 14 11 10 12 
5 0 3 15 11 7 1 9 14 12 16 10 6 4 2 13 
15 7 11 0 12 16 1 10 2 3 8 4 13 6 5 14 
8 4 15 6 11 9 5 12 3 2 13 0 7 16 1 14 
4 10 7 1 9 13 3 16 14 5 12 0 8 6 15 2 
4 6 15 1 2 10 7 14 8 16 13 0 9 11 5 3 
0 3 1 14 15 16 5 4 11 12 7 8 10 6 2 9 
9 4 15 1 2 7 8 10 6 5 13 0 12 11 3 16 
12 2 1 9 4 0 3 16 10 8 7 6 14 11 13 5 
11 12 2 3 4 15 1 7 5 6 8 9 14 10 13 0 
