15 5 12 10 8 4 1 14 7 6 13 16 3 9 2 11 
15 16 0 13 12 4 11 8 7 10 14 9 2 3 6 5 
8 1 0 13 6 7 3 12 10 15 14 9 16 5 11 4 
9 7 5 16 4 14 12 8 1 13 2 11 10 0 15 6 
12 16 7 13 11 1 10 5 9 8 0 15 14 3 2 6 
4 13 15 6 7 8 3 14 12 1 2 10 16 11 0 9 
11 0 9 1 5 2 4 10 12 14 3 16 13 7 15 8 
12 0 1 14 5 8 2 6 15 4 3 13 9 11 16 10 
6 1 11 0 12 15 10 7 4 9 16 3 2 13 14 5 
10 7 8 2 14 12 3 16 15 11 13 0 4 5 6 1 
6 14 9 16 3 13 5 12 2 4 7 1 11 15 0 8 
14 12 9 8 7 6 16 0 2 5 3 4 15 13 1 10 
1 6 15 2 7 16 8 4 0 14 3 11 9 10 13 5 
9 1 3 16 6 2 5 11 15 12 0 4 14 10 8 7 
11 3 15 8 12 9 13 1 0 6 5 7 4 16 2 10 
9 3 14 13 0 2 16 1 4 7 5 12 11 10 6 8 
8 6 11 7 13 2 1 14 3 9 15 10 0 5 4 12 
