8 5 12 1 4 10 16 3 11 14 15 2 7 6 13 9 
8 13 10 2 0 5 6 11 7 15 14 12 4 9 3 16 
16 0 1 14 3 13 4 12 6 5 15 9 8 11 7 10 
14 7 4 2 8 10 15 0 11 6 13 16 5 9 12 1 
6 3 0 7 1 11 2 15 12 8 13 16 14 9 5 10 
12 2 16 3 7 15 14 4 10 0 1 6 9 13 8 11 
5 1 3 13 16 15 11 9 10 4 8 7 14 2 0 12 
13 10 14 9 4 6 1 12 0 16 11 8 5 3 2 15 
4 15 12 11 10 2 16 9 7 5 0 13 3 6 14 1 
0 8 3 14 15 1 16 7 4 2 13 6 11 10 5 12 
3 7 11 6 16 5 2 15 9 0 12 14 1 8 4 13 
7 1 2 10 14 6 16 8 5 9 0 3 13 12 15 4 
5 14 10 11 7 16 13 1 3 6 8 15 9 2 0 4 
6 10 2 15 9 4 1 0 3 12 7 11 8 5 16 14 
13 3 15 11 16 10 0 12 5 4 1 2 7 9 6 8 
11 4 13 0 3 10 14 1 9 2 8 12 5 6 16 7 
4 12 6 10 7 8 2 1 11 9 14 3 15 5 0 13 
