16 12 14 7 1 3 4 11 8 5 9 10 6 13 2 15 
14 0 2 15 12 8 5 3 10 13 4 6 16 7 11 9 
16 6 5 9 10 7 13 1 11 3 12 4 0 14 15 8 
0 14 15 2 11 12 4 13 1 7 16 5 8 10 6 9 
9 2 16 10 8 6 0 13 11 5 3 12 7 15 1 14 
10 13 6 1 15 4 16 3 2 11 0 12 8 14 9 7 
8 14 0 13 15 4 3 1 11 16 10 5 9 12 7 2 
14 2 9 0 1 10 13 12 6 16 8 5 11 3 4 15 
12 6 16 5 15 7 10 1 14 9 0 2 13 3 11 4 
0 15 1 14 3 5 4 11 6 16 8 13 7 2 10 12 
4 1 13 11 7 2 9 12 3 15 5 14 0 16 6 8 
9 6 5 16 4 12 3 13 0 8 2 14 1 10 15 7 
1 15 3 4 5 6 7 13 8 9 16 10 2 11 14 0 
14 0 2 9 11 3 4 15 6 1 10 7 8 12 16 5 
0 7 12 5 3 4 11 1 16 10 15 2 6 13 9 8 
3 12 5 11 7 6 9 16 0 4 2 14 1 8 13 10 
1 13 3 6 10 9 8 4 12 5 7 2 11 0 14 15 
