11 12 1 14 9 5 13 8 10 15 7 16 4 2 3 6 
4 8 11 12 9 13 7 14 15 3 6 5 16 0 10 2 
11 0 15 9 14 13 16 3 10 8 1 7 6 12 5 4 
14 6 16 15 7 10 13 0 4 1 9 5 2 8 11 12 
5 0 6 3 16 7 15 2 8 13 1 14 10 12 11 9 
11 7 4 14 13 12 3 6 0 9 15 1 8 16 10 2 
2 11 10 13 9 14 7 3 8 5 16 0 4 12 15 1 
6 1 12 16 14 0 2 15 11 3 5 9 8 4 13 10 
13 9 15 4 10 3 0 12 5 11 16 6 7 2 14 1 
16 4 7 1 6 11 0 13 12 2 10 5 14 3 15 8 
12 9 1 0 5 7 2 8 6 15 14 13 4 11 3 16 
16 14 8 13 1 3 2 9 7 6 0 4 15 12 10 5 
8 6 13 7 11 9 2 15 5 14 10 4 1 0 16 3 
8 11 5 15 12 16 0 7 2 6 1 14 9 4 3 10 
9 4 8 16 3 12 5 2 11 7 0 13 1 15 6 10 
4 0 10 14 6 8 3 11 5 13 1 2 7 12 9 16 
7 3 11 1 6 10 14 9 2 0 4 5 13 12 15 8 
