11 10 16 3 12 2 1 4 8 7 6 14 9 5 15 13 
3 0 11 7 13 6 2 9 4 8 15 16 12 10 14 5 
7 10 14 15 3 12 6 8 16 1 13 0 11 4 5 9 
4 7 13 0 6 10 8 5 14 2 16 9 15 11 1 12 
3 15 12 13 1 9 10 6 11 8 14 2 5 7 0 16 
10 12 11 16 3 4 7 9 15 6 14 1 2 8 13 0 
11 8 14 2 13 5 4 1 3 9 0 10 12 15 7 16 
12 10 13 11 5 8 0 2 9 3 14 1 4 15 16 6 
3 5 2 15 11 9 4 6 16 0 12 7 13 10 1 14 
0 11 15 6 12 13 8 7 1 2 4 10 14 5 16 3 
14 7 4 13 12 9 8 5 11 1 15 0 2 6 3 16 
13 5 10 6 15 3 14 4 8 0 1 16 12 7 9 2 
7 10 15 2 6 14 13 0 4 1 8 3 9 5 11 16 
10 16 9 8 4 14 12 11 3 7 6 1 5 0 2 15 
7 2 1 11 16 4 10 0 13 8 15 9 6 3 5 12 
4 12 6 0 10 13 2 3 7 1 5 9 16 11 8 14 
13 2 11 3 9 0 12 14 1 6 7 5 4 10 8 15 
