11 13 14 1 2 9 16 3 5 10 7 4 6 15 12 8 
9 3 0 13 6 2 5 7 14 4 10 11 12 8 16 15 
6 9 14 12 15 8 16 10 4 3 13 0 7 1 5 11 
6 4 7 14 11 1 12 5 2 9 10 16 15 8 0 13 
10 14 9 2 13 5 7 11 15 1 3 6 8 16 0 12 
12 8 10 2 16 9 0 13 1 11 7 4 6 3 14 15 
14 8 2 15 10 13 16 12 7 9 0 4 5 1 3 11 
16 15 0 13 1 3 11 4 12 6 8 14 5 2 9 10 
4 5 9 10 7 2 1 0 11 15 16 3 14 13 12 6 
1 11 8 5 2 12 10 7 0 4 3 16 13 14 15 6 
6 2 14 7 9 3 0 13 8 11 15 16 12 4 5 1 
15 4 1 3 5 8 7 13 10 9 16 0 6 12 2 14 
15 16 0 13 4 5 1 3 9 14 8 2 10 6 11 7 
10 0 16 3 6 8 14 11 12 1 2 15 9 7 5 4 
1 6 0 8 12 16 10 9 3 15 4 13 11 2 7 5 
1 11 8 4 10 14 2 12 5 9 3 16 7 6 0 13 
9 5 2 10 6 15 14 12 1 8 11 4 3 7 0 13 
