10 12 16 13 9 1 8 3 4 5 7 14 6 11 2 15 
9 0 12 16 10 7 8 13 14 3 11 15 2 5 4 6 
1 8 5 12 7 15 13 6 4 9 14 10 0 11 3 16 
12 5 14 7 4 10 2 16 15 13 9 1 11 0 6 8 
0 8 12 15 5 11 6 1 13 9 16 7 2 14 10 3 
16 8 2 6 11 13 4 3 12 10 14 1 9 7 15 0 
10 5 1 9 2 11 13 8 4 12 16 3 0 14 15 7 
16 1 5 15 2 3 14 13 4 6 0 12 9 10 8 11 
11 1 12 6 9 7 2 15 10 4 0 13 14 5 16 3 
7 11 10 13 5 16 3 15 0 12 2 14 8 1 4 6 
13 16 2 15 12 3 5 9 7 1 6 4 14 0 11 8 
2 8 12 9 14 16 7 0 4 1 13 5 6 3 15 10 
1 3 15 0 9 4 16 6 10 8 11 2 5 14 13 7 
3 9 4 14 6 5 8 2 16 12 7 0 11 1 10 15 
6 7 15 2 13 9 16 1 5 8 0 11 12 4 3 10 
13 14 3 5 11 16 2 0 9 12 7 4 8 6 1 10 
10 1 11 9 15 14 4 8 0 3 6 2 13 5 12 7 
