2 9 8 16 11 3 14 1 15 5 4 10 12 13 7 6 
5 2 7 0 14 10 16 3 6 11 9 15 12 4 13 8 
16 10 1 6 4 3 15 12 11 7 13 0 9 8 14 5 
11 16 1 5 4 10 14 7 12 6 8 9 2 15 13 0 
0 15 1 14 8 10 9 11 12 7 13 3 16 2 5 6 
7 8 1 15 3 6 2 9 13 10 14 16 11 12 4 0 
11 12 4 10 8 1 7 16 13 5 2 15 9 0 3 14 
4 10 1 0 3 8 11 13 16 14 9 12 6 5 2 15 
11 5 7 12 13 6 10 3 0 1 4 9 14 16 2 15 
16 0 7 12 11 3 15 2 6 5 14 13 8 10 4 1 
4 14 15 2 16 12 0 7 13 5 1 3 8 6 9 11 
16 4 13 2 0 3 14 8 9 1 5 12 10 6 7 15 
5 9 6 10 0 11 16 15 4 14 7 8 2 3 1 13 
5 15 1 14 12 2 10 8 3 9 7 0 16 11 4 6 
12 8 0 3 9 16 15 4 6 10 13 11 2 1 7 5 
5 16 3 8 13 11 4 1 0 6 7 9 2 10 12 14 
12 8 6 11 7 14 10 2 1 13 9 15 5 4 0 3 
