2 6 1 14 13 9 3 15 12 7 4 16 10 11 8 5 
11 0 6 12 10 8 2 4 9 3 16 7 13 15 5 14 
5 16 10 1 13 15 6 7 9 8 4 14 0 11 12 3 
6 5 11 8 10 4 16 12 7 9 1 15 2 14 13 0 
12 7 10 0 1 9 15 11 6 13 5 14 8 2 3 16 
6 2 12 9 7 11 16 3 14 10 0 13 15 1 4 8 
5 1 10 15 7 11 8 3 9 2 12 4 14 16 0 13 
5 16 10 9 2 12 13 3 1 11 6 0 15 8 4 14 
11 4 5 12 9 13 15 2 10 7 3 16 6 0 1 14 
3 11 6 5 16 10 2 15 14 4 12 13 7 0 8 1 
3 5 12 15 6 14 13 0 7 16 8 11 2 9 1 4 
9 10 6 5 14 15 4 7 8 13 16 3 0 12 1 2 
0 10 7 5 16 4 11 13 6 15 3 8 2 9 14 1 
14 4 3 16 0 8 2 15 7 12 9 6 1 5 11 10 
12 8 16 0 1 13 10 4 2 11 6 5 7 15 9 3 
6 9 13 3 16 0 1 11 8 12 10 7 5 2 4 14 
1 3 11 8 9 14 15 2 7 10 6 0 12 4 13 5 
