2 13 6 11 16 10 1 7 4 12 15 14 5 8 3 9 
13 9 2 16 10 15 11 8 3 5 4 14 0 7 6 12 
0 3 14 6 1 4 15 13 11 7 5 9 12 8 16 10 
7 1 2 6 12 10 13 0 14 5 16 15 4 8 11 9 
15 6 1 9 11 7 3 16 13 8 12 2 14 0 5 10 
12 1 15 10 3 13 7 6 16 11 0 2 9 4 14 8 
0 12 9 16 1 11 4 5 3 13 10 14 8 7 15 2 
10 9 3 12 13 14 11 16 4 15 0 6 2 1 8 5 
2 4 10 6 12 13 11 5 15 7 16 3 9 0 1 14 
6 8 16 14 0 10 7 2 1 12 13 5 4 15 11 3 
2 11 14 1 7 12 5 4 8 15 13 0 9 6 3 16 
12 9 8 3 10 5 13 6 0 14 15 2 16 1 7 4 
5 16 15 2 1 11 0 3 14 13 7 8 10 9 4 6 
5 4 16 6 9 15 10 7 2 11 14 12 3 0 8 1 
4 13 2 3 11 6 12 15 8 10 1 16 5 7 0 9 
6 11 9 8 16 4 13 0 7 12 1 14 2 10 3 5 
14 7 10 11 6 13 9 15 1 2 12 3 4 0 8 5 
