13 11 3 1 15 7 6 8 2 16 9 12 5 10 4 14 
4 11 9 6 0 14 15 2 13 16 8 10 12 5 3 7 
13 6 16 15 8 5 1 14 0 12 11 9 7 4 10 3 
16 8 6 7 9 5 13 15 10 12 1 2 11 14 0 4 
14 12 15 11 8 10 9 3 1 6 5 16 7 2 0 13 
13 4 12 3 8 16 11 0 9 7 15 2 6 10 14 1 
12 10 5 8 0 3 1 15 2 16 9 11 4 14 7 13 
5 8 14 13 3 12 9 0 6 4 16 15 1 10 2 11 
10 15 9 4 14 2 3 16 5 6 12 0 1 7 11 13 
8 7 1 4 5 3 15 0 2 13 10 6 11 14 12 16 
12 13 4 16 8 3 2 14 7 11 15 1 5 9 6 0 
15 10 1 16 0 4 2 8 9 14 5 7 12 13 3 6 
7 2 11 6 3 4 15 8 13 14 9 10 0 16 1 5 
7 0 16 3 5 11 2 15 8 9 14 6 4 1 12 10 
12 13 15 1 3 10 0 6 16 9 7 8 5 11 4 2 
2 1 9 4 6 14 16 3 10 11 5 7 8 12 13 0 
9 3 14 1 7 4 0 13 2 6 5 12 11 10 15 8 
