12 7 1 14 15 4 3 9 8 2 10 6 5 16 13 11 
4 6 7 15 12 0 2 10 16 8 13 9 11 5 14 3 
9 6 10 12 3 0 7 4 11 8 1 14 5 15 16 13 
9 1 15 2 16 4 11 12 14 8 6 13 5 7 10 0 
0 5 6 10 7 8 1 15 14 12 16 3 11 9 13 2 
12 11 15 14 13 6 10 8 1 2 0 4 9 7 3 16 
9 15 5 13 14 10 4 3 12 1 16 2 7 8 0 11 
0 16 5 6 14 10 12 8 1 4 13 9 3 11 15 2 
5 10 3 16 13 15 1 4 2 0 9 6 12 14 11 7 
2 10 6 0 4 5 3 16 8 7 1 14 13 15 12 11 
15 3 7 9 12 11 14 1 8 2 0 6 4 16 5 13 
3 15 14 1 10 13 9 12 6 8 7 0 4 2 16 5 
16 1 4 5 13 10 6 3 8 2 0 7 9 11 14 15 
5 4 6 16 9 0 10 1 14 2 11 8 7 3 15 12 
10 0 8 7 2 5 6 9 13 11 15 3 16 12 4 1 
6 0 8 2 13 7 14 1 3 9 4 12 10 11 16 5 
1 0 7 15 6 5 8 14 13 9 10 4 2 3 11 12 
