7 6 16 3 15 5 9 13 2 14 11 4 12 8 1 10 
6 3 13 9 14 5 11 4 0 8 15 2 16 7 12 10 
10 15 1 14 5 12 3 11 4 7 13 0 9 8 16 6 
13 7 9 1 4 0 11 10 8 14 2 12 5 6 15 16 
14 11 10 7 2 9 3 16 1 12 0 13 5 8 6 15 
2 4 7 6 12 11 1 3 9 10 15 0 14 8 16 13 
4 10 13 8 16 5 14 1 11 15 7 9 12 2 0 3 
13 11 6 2 3 10 9 14 12 8 15 4 5 1 16 0 
3 4 15 1 6 12 9 2 14 16 10 11 5 13 0 7 
15 12 13 14 4 0 3 16 8 1 6 11 5 7 2 10 
11 12 15 16 4 2 3 5 6 14 13 0 7 1 8 9 
1 6 16 4 10 13 5 12 14 2 9 0 15 7 3 8 
0 11 16 9 10 4 15 6 1 7 13 2 8 14 5 3 
11 6 12 0 16 10 8 2 3 15 14 7 5 4 9 1 
0 1 10 3 7 6 12 5 16 13 2 15 8 11 4 9 
13 8 11 3 5 10 2 9 4 16 7 12 0 6 14 1 
8 5 7 0 10 13 6 3 1 11 2 15 14 9 12 4 
