12 10 5 13 8 4 1 6 7 16 14 15 11 3 2 9 
10 6 0 13 5 4 11 12 14 16 7 2 15 3 9 8 
12 4 16 13 0 6 7 3 1 8 15 10 14 11 9 5 
0 7 5 9 14 8 12 4 2 11 1 13 10 6 16 15 
13 7 16 12 11 10 5 1 0 9 15 8 14 3 6 2 
13 7 15 11 4 14 8 3 12 10 1 6 0 9 2 16 
11 1 0 13 2 5 16 4 3 14 12 10 15 8 9 7 
12 1 0 15 2 16 8 6 13 11 4 3 14 5 9 10 
11 0 1 14 9 12 15 10 7 4 3 16 13 5 2 6 
7 6 11 10 12 13 1 14 15 5 8 0 4 2 16 3 
11 12 6 16 5 9 4 13 2 7 1 14 15 0 8 3 
4 10 14 0 16 6 12 7 8 3 5 2 1 15 9 13 
1 6 15 2 8 4 7 16 10 3 11 0 14 9 13 5 
0 12 3 16 2 1 11 5 6 9 4 15 10 7 14 8 
7 15 11 8 13 1 9 12 0 3 5 6 10 4 16 2 
13 2 3 8 12 9 14 1 4 11 6 0 10 7 5 16 
0 6 8 1 14 7 2 13 15 3 10 9 5 12 4 11 
