6 11 9 2 7 13 1 5 16 10 14 4 8 12 3 15 
4 2 11 16 6 9 10 0 15 7 3 13 5 14 8 12 
9 4 14 6 12 1 8 7 10 13 16 3 11 15 0 5 
12 16 8 11 6 1 4 2 10 5 13 0 7 9 14 15 
8 11 14 1 15 10 0 13 2 6 16 3 12 7 5 9 
6 16 10 9 14 4 7 12 3 11 15 0 1 2 13 8 
16 0 9 1 8 4 2 11 3 5 14 10 15 12 13 7 
12 5 1 13 16 11 4 2 3 14 15 0 6 9 10 8 
11 6 16 4 2 9 14 1 15 12 7 13 5 0 10 3 
10 12 14 16 4 13 1 3 2 6 8 11 15 5 0 7 
8 9 6 1 5 13 11 4 7 12 15 0 14 2 3 16 
8 12 7 15 4 6 13 0 10 2 9 1 14 5 3 16 
0 1 3 16 5 7 13 10 15 11 14 4 8 6 9 2 
12 9 1 0 11 6 8 15 14 2 4 16 3 10 7 5 
3 5 7 12 13 10 4 16 1 11 9 6 0 8 15 2 
13 4 3 1 14 16 12 2 11 0 6 9 7 10 8 5 
2 4 6 12 10 3 13 1 7 15 0 14 9 8 5 11 
