13 11 14 1 2 9 16 3 7 5 10 4 8 6 12 15 
9 3 13 0 6 2 5 7 14 10 11 4 15 12 16 8 
6 12 9 14 8 16 15 10 3 4 13 0 11 5 7 1 
4 7 14 6 11 5 12 1 2 9 16 10 15 8 0 13 
10 14 2 9 13 7 5 11 1 15 3 6 8 0 12 16 
2 8 12 10 16 9 13 0 4 1 7 11 3 6 14 15 
8 14 2 15 13 12 10 16 9 4 7 0 5 1 3 11 
16 15 13 0 11 4 1 3 8 14 12 6 5 2 9 10 
10 5 4 9 2 0 1 7 11 15 16 3 14 13 12 6 
1 11 8 5 12 2 7 10 4 0 16 3 15 13 14 6 
14 6 2 7 9 3 0 13 8 16 15 11 1 12 4 5 
3 15 4 1 5 7 8 13 10 9 16 0 14 2 12 6 
16 2 15 0 5 4 1 3 13 8 14 9 10 6 7 11 
0 10 3 16 8 6 14 11 1 12 15 2 4 7 5 9 
8 0 1 6 12 16 10 9 3 13 15 4 11 7 2 5 
8 4 11 1 14 2 12 10 9 5 16 3 6 7 13 0 
10 5 2 9 12 14 6 15 1 8 4 11 3 7 0 13 
