4 7 11 16 14 15 9 13 5 12 8 3 6 1 2 10 
5 4 15 8 7 9 10 12 3 11 6 13 16 0 14 2 
5 13 14 1 4 15 0 10 6 7 3 12 11 16 9 8 
14 7 5 12 11 2 8 13 10 9 0 6 4 15 1 16 
16 6 8 10 0 3 14 1 12 2 5 9 7 11 13 15 
4 6 2 7 14 10 3 16 12 1 13 0 11 15 8 9 
4 16 13 2 5 14 11 10 8 3 15 7 0 1 9 12 
15 14 12 16 2 5 10 8 4 1 13 9 6 11 0 3 
15 9 16 3 5 6 7 1 13 2 14 10 0 11 12 4 
5 11 0 2 7 1 16 3 6 4 15 14 10 12 8 13 
14 11 12 6 4 3 5 9 15 7 13 0 2 8 16 1 
0 7 2 15 12 10 1 4 5 13 16 3 14 9 8 6 
1 5 6 15 7 10 16 13 4 8 14 0 11 9 3 2 
15 11 10 1 16 4 6 5 3 12 8 0 14 7 9 2 
12 6 2 15 1 8 7 11 16 9 0 5 4 10 13 3 
9 8 6 13 3 2 14 1 0 7 5 10 11 4 12 16 
12 3 15 2 10 11 1 9 14 7 4 8 6 5 0 13 
