8 6 5 4 12 1 3 9 11 13 2 15 16 14 7 10 
4 13 14 10 15 7 3 16 8 2 0 6 9 5 11 12 
7 6 15 9 1 13 5 10 4 8 3 16 0 12 11 14 
4 9 16 5 12 11 2 15 10 7 13 8 6 0 1 14 
11 8 1 14 2 13 6 5 12 9 3 0 7 16 10 15 
3 10 8 0 7 13 9 4 16 6 15 2 11 1 14 12 
0 3 11 12 5 1 4 9 7 10 14 13 8 16 2 15 
12 11 2 15 10 14 9 13 5 0 3 1 4 16 8 6 
16 2 0 12 13 9 6 5 10 3 14 1 4 15 7 11 
0 6 3 14 7 1 16 4 11 5 13 2 8 10 12 15 
4 6 5 8 0 11 12 16 7 9 1 14 13 3 2 15 
10 14 15 12 6 5 9 7 3 2 0 13 1 4 16 8 
7 2 0 11 5 8 14 13 4 9 10 3 1 16 15 6 
1 15 10 3 7 0 14 16 9 2 6 12 11 4 5 8 
9 1 13 3 2 16 7 8 4 6 15 0 12 10 11 5 
12 14 10 2 3 11 8 0 13 6 4 16 7 1 9 5 
0 11 4 7 3 10 13 12 9 6 5 1 8 14 15 2 
