15 11 4 13 7 8 14 12 5 6 3 16 9 1 2 10 
7 3 0 13 6 14 9 11 16 15 12 5 4 8 10 2 
14 7 9 12 3 6 1 0 5 8 4 16 15 10 13 11 
13 8 2 7 12 11 16 0 10 1 6 5 4 15 14 9 
16 9 8 7 13 15 3 12 5 10 14 0 2 6 1 11 
6 2 0 4 9 12 13 11 10 14 8 16 1 15 7 3 
7 12 13 8 16 0 14 1 4 3 11 15 2 10 5 9 
2 16 11 13 9 3 14 1 5 8 4 12 10 15 6 0 
11 14 6 12 0 15 1 4 10 13 16 3 2 5 9 7 
4 10 12 0 11 8 3 2 13 15 5 14 16 7 6 1 
1 12 3 2 7 16 0 11 13 5 6 14 8 4 9 15 
3 6 5 7 14 4 13 16 1 9 8 10 0 12 15 2 
10 15 0 13 11 6 8 9 5 1 16 3 7 2 4 14 
3 0 8 9 15 10 4 7 16 2 6 12 5 11 14 1 
15 5 6 7 11 8 4 1 12 0 10 3 16 2 13 9 
9 16 1 11 2 14 12 0 13 5 8 6 7 4 10 3 
13 6 4 12 8 15 14 1 11 0 10 7 9 3 2 5 
