8 5 13 12 1 11 7 15 10 16 6 14 3 2 4 9 
6 10 7 14 5 11 12 4 2 16 0 13 15 3 8 9 
6 4 13 0 12 7 3 16 5 10 8 15 1 14 11 9 
7 0 5 2 15 14 4 8 13 9 11 6 16 12 10 1 
13 7 8 12 1 5 15 11 16 10 9 0 3 14 6 2 
15 4 13 1 14 10 11 8 6 7 12 3 2 9 0 16 
1 9 11 0 2 4 16 5 10 15 12 14 13 7 8 3 
0 4 15 2 8 6 16 3 12 5 10 11 13 9 14 1 
14 11 0 13 15 12 3 9 10 16 7 4 5 2 6 1 
11 10 6 4 3 13 14 1 15 0 5 8 12 2 16 7 
6 11 5 2 13 4 9 7 12 1 3 16 15 14 8 0 
0 4 10 14 9 1 2 8 13 5 3 12 15 16 7 6 
1 6 15 2 5 16 4 0 11 3 8 13 7 14 10 9 
0 14 16 3 10 2 12 4 15 6 5 9 8 7 11 1 
16 4 8 10 12 7 11 1 3 6 0 5 13 9 15 2 
2 3 13 8 12 14 16 9 0 11 6 7 1 10 5 4 
0 8 9 10 2 13 11 5 3 6 15 1 4 12 7 14 
