2 6 1 14 16 3 9 15 12 7 5 4 10 11 13 8 
6 12 11 0 8 10 4 2 13 7 9 3 15 14 5 16 
5 10 1 16 13 15 6 7 8 14 9 4 12 3 0 11 
13 5 11 6 4 10 12 16 1 7 9 15 8 14 2 0 
12 0 10 15 1 11 9 6 5 7 13 14 8 2 16 3 
9 12 2 6 3 4 11 7 13 10 14 8 0 16 15 1 
5 1 10 15 8 11 7 2 12 4 9 3 16 14 0 13 
5 16 10 9 2 12 13 3 11 6 1 0 14 8 15 4 
5 4 11 12 9 13 2 15 7 1 3 10 6 0 14 16 
5 11 3 6 16 10 15 2 13 14 12 4 1 8 0 7 
3 5 15 8 14 6 13 0 12 11 7 16 2 1 9 4 
10 5 2 9 15 7 4 14 13 8 3 16 6 1 12 0 
5 15 7 0 16 6 1 4 10 3 8 2 9 13 14 11 
4 14 3 9 6 0 2 15 16 7 12 8 10 5 1 11 
8 12 16 0 4 10 1 13 5 2 6 11 9 15 7 3 
3 5 6 13 1 11 16 0 9 7 12 8 2 4 14 10 
3 1 11 10 9 14 2 15 0 8 7 6 13 12 4 5 
