15 3 1 4 9 2 6 16 13 14 7 8 12 5 11 10 
4 12 2 11 5 7 3 16 9 10 8 6 14 15 0 13 
0 16 14 5 1 3 11 6 12 4 10 7 13 15 9 8 
6 12 2 14 9 4 0 7 11 5 16 15 8 1 13 10 
2 3 6 8 11 9 13 1 16 10 14 15 5 12 0 7 
10 6 0 13 8 4 3 16 7 11 2 15 9 12 1 14 
7 13 1 14 2 5 4 10 11 16 8 0 3 15 12 9 
4 2 13 0 1 12 5 8 10 14 3 16 9 11 15 6 
3 10 4 1 12 13 16 11 14 5 9 2 15 0 6 7 
8 5 2 1 11 10 13 7 14 15 4 16 0 12 6 3 
9 3 7 14 13 12 16 2 1 11 0 5 8 6 4 15 
4 1 16 9 5 15 8 10 7 0 6 12 2 3 13 14 
8 11 4 14 3 5 15 13 6 7 1 16 0 2 9 10 
3 0 5 9 2 7 16 8 11 14 4 6 12 1 15 10 
6 5 13 4 11 8 3 7 0 1 2 15 12 9 10 16 
2 3 10 11 0 12 8 14 4 5 9 7 13 6 16 1 
1 7 15 2 5 6 10 14 12 3 4 13 0 9 11 8 
