8 1 4 11 2 13 9 6 16 10 7 5 3 15 14 12 
12 9 0 15 3 2 10 11 4 16 13 7 5 14 8 6 
10 4 12 7 13 5 11 8 1 0 3 16 6 9 15 14 
8 11 5 9 2 7 1 14 4 6 0 13 15 16 10 12 
6 14 16 11 13 5 3 12 1 10 2 9 0 8 15 7 
11 10 1 14 8 16 15 2 12 3 0 6 4 9 7 13 
7 2 12 14 9 1 8 10 5 11 0 16 13 3 4 15 
16 10 13 14 9 5 6 2 3 0 11 12 4 8 1 15 
4 12 1 16 10 9 3 6 11 15 13 7 0 5 14 2 
8 4 13 0 15 3 5 14 2 11 1 10 6 12 16 7 
3 6 7 1 13 12 15 2 5 16 11 0 9 8 4 14 
4 5 10 12 6 1 2 15 13 3 14 8 9 16 7 0 
15 4 11 6 0 7 8 10 9 14 3 16 1 5 2 13 
11 9 7 12 14 10 15 0 6 1 5 8 2 4 3 16 
8 3 2 0 16 6 4 7 11 15 5 9 12 1 10 13 
10 7 3 5 9 13 14 12 16 1 8 0 2 11 6 4 
11 6 0 13 5 12 14 1 10 7 2 15 9 8 4 3 
