4 1 2 15 9 6 3 14 12 16 7 13 10 8 11 5 
0 8 3 12 10 4 2 5 11 7 6 9 15 16 13 14 
10 15 1 14 7 13 3 16 9 4 5 8 6 11 12 0 
5 8 11 6 10 4 16 12 7 15 1 9 14 2 0 13 
12 0 10 7 11 1 15 9 14 5 6 13 2 16 3 8 
12 2 9 6 11 7 16 3 10 14 0 13 1 15 8 4 
10 5 1 0 7 3 11 14 12 2 9 4 13 15 8 16 
10 9 1 5 12 2 13 3 11 6 16 0 15 4 8 14 
16 11 7 12 10 9 13 15 5 2 14 4 6 0 3 1 
3 5 8 15 10 7 16 2 11 13 6 4 0 12 1 14 
8 15 12 3 2 13 1 14 5 16 11 7 9 0 6 4 
5 6 9 10 14 4 2 15 16 8 13 12 3 1 7 0 
10 0 5 7 13 4 16 3 15 6 8 11 1 14 9 2 
14 3 4 10 0 5 15 2 7 6 12 9 11 8 16 1 
8 11 2 0 4 10 13 1 6 5 16 12 3 15 9 7 
3 14 6 2 1 16 11 0 12 7 13 8 5 9 4 10 
11 1 9 3 8 10 15 2 7 12 0 13 6 5 4 14 
