4 1 2 13 3 6 9 14 15 12 16 7 10 8 5 11 
3 0 12 8 2 5 4 10 6 9 7 11 13 15 14 16 
15 5 10 6 16 7 12 13 8 9 3 4 11 0 1 14 
4 5 6 8 16 11 10 12 7 1 15 9 14 2 13 0 
7 3 0 1 9 10 6 14 5 12 13 11 8 16 2 15 
12 6 2 0 11 7 16 3 13 9 14 10 4 15 1 8 
0 12 10 5 14 4 11 7 1 2 9 3 15 16 13 8 
10 1 5 9 12 2 13 3 11 6 0 16 8 4 14 15 
16 12 7 11 9 13 10 15 14 2 4 5 3 6 0 1 
8 15 5 1 16 7 10 14 12 6 2 4 11 3 13 0 
5 8 3 0 2 13 14 1 16 11 7 15 4 12 9 6 
10 6 5 9 4 14 15 2 13 8 16 12 1 3 7 0 
1 7 5 0 13 4 3 16 15 11 8 6 14 10 9 2 
6 7 3 16 0 5 15 2 9 12 4 10 11 8 1 14 
2 11 8 0 13 1 3 10 16 12 6 5 7 4 9 15 
2 14 6 3 1 16 0 12 7 4 13 8 11 10 5 9 
11 3 10 1 8 0 2 14 13 9 12 7 5 4 6 15 
