12 5 8 13 1 11 2 15 6 16 10 14 7 3 4 9 
10 7 6 14 11 2 4 5 16 12 13 0 15 8 9 3 
0 9 4 6 7 16 12 13 14 5 10 8 15 3 1 11 
7 0 5 2 14 15 11 16 13 8 9 6 10 1 4 12 
13 12 8 7 0 5 15 11 16 9 1 10 14 6 2 3 
4 13 15 1 8 14 10 11 12 6 0 3 16 2 9 7 
11 1 0 9 16 2 5 4 3 10 15 12 8 13 7 14 
10 0 4 2 8 6 16 3 15 12 5 14 11 1 9 13 
14 13 3 11 15 0 9 12 10 4 7 16 6 2 1 5 
12 13 14 6 11 4 3 1 5 8 0 15 7 10 16 2 
2 6 16 11 4 8 9 7 1 12 3 5 14 15 0 13 
16 12 0 15 1 9 8 2 4 3 14 13 5 7 10 6 
7 1 15 2 16 4 5 0 3 14 11 8 10 6 9 13 
0 14 16 3 2 4 10 12 9 6 15 5 1 8 7 11 
10 8 4 0 1 11 7 16 3 5 12 9 13 6 15 2 
13 8 14 2 9 12 16 11 6 3 0 7 4 1 10 5 
8 0 10 9 11 2 5 13 3 1 15 6 7 12 4 14 
