12 7 14 1 9 3 4 15 8 6 10 2 5 13 11 16 
4 15 7 9 10 2 12 0 16 13 6 8 5 11 3 14 
12 10 6 9 7 15 0 4 8 11 14 1 13 5 3 16 
1 9 2 15 12 4 11 16 8 14 13 6 5 7 0 10 
5 10 6 0 7 1 15 8 14 12 16 3 11 13 2 9 
14 11 15 12 10 13 6 8 4 1 2 0 9 7 16 3 
9 10 5 13 14 3 15 4 2 12 16 1 8 0 7 11 
5 16 0 6 12 8 10 14 13 1 4 9 11 3 15 2 
10 5 16 3 15 13 1 4 6 2 9 0 12 11 14 7 
6 0 10 2 4 5 16 3 8 7 14 1 13 11 12 15 
15 9 7 3 11 12 14 1 6 2 8 0 16 5 13 4 
15 3 14 1 9 12 10 13 8 0 6 7 5 4 16 2 
16 1 4 5 3 13 10 6 8 7 0 2 11 9 14 15 
6 16 4 5 10 9 0 1 8 14 11 2 15 12 7 3 
0 8 10 7 9 5 6 16 11 15 13 3 1 4 2 12 
2 8 0 6 7 16 14 1 4 12 9 3 11 5 10 13 
7 15 0 1 14 8 5 6 4 10 9 13 2 3 11 12 
