15 10 16 3 13 4 14 2 9 8 7 12 11 1 5 6 
14 16 11 6 10 15 7 13 2 0 5 8 9 3 12 4 
12 11 9 0 10 6 15 13 7 5 14 3 8 4 16 1 
12 15 1 5 9 4 14 11 8 10 13 0 16 2 7 6 
15 7 16 3 0 1 6 10 2 11 12 5 13 14 8 9 
6 7 11 9 4 15 1 12 16 10 14 2 3 8 0 13 
13 3 1 11 8 10 0 2 16 12 15 14 4 5 7 9 
16 6 8 13 11 9 1 14 12 3 15 2 10 4 0 5 
1 12 13 0 16 11 10 4 6 14 5 3 7 9 2 15 
7 5 1 14 2 11 4 6 13 12 10 3 16 15 0 8 
3 6 12 14 13 11 9 15 2 7 4 1 8 0 5 16 
10 12 14 7 4 0 15 2 3 8 5 6 16 1 9 13 
4 5 13 2 15 14 8 11 6 7 10 0 9 1 16 3 
3 10 0 4 11 7 1 14 9 8 15 6 12 5 2 16 
12 5 13 6 11 0 15 2 7 1 10 8 4 9 16 3 
7 8 3 2 16 11 12 0 4 6 1 14 9 13 10 5 
11 5 10 9 14 6 2 15 7 13 4 12 3 0 8 1 
