11 8 3 14 16 2 12 10 5 6 4 13 7 1 9 15 
4 2 3 8 0 11 15 12 16 9 10 13 6 14 5 7 
8 10 0 6 9 3 13 7 15 14 16 4 11 5 12 1 
10 16 7 5 1 15 6 8 2 4 9 12 11 14 13 0 
5 12 10 8 16 0 2 15 9 7 14 1 13 11 3 6 
7 0 12 8 15 4 11 10 16 1 6 9 14 13 2 3 
11 8 9 3 16 0 1 2 12 4 14 10 13 7 15 5 
2 6 11 9 13 12 10 1 16 4 8 14 5 3 0 15 
11 7 2 10 13 15 1 14 0 4 9 5 12 6 16 3 
2 12 7 14 1 11 16 13 10 15 3 4 5 6 0 8 
13 4 9 6 0 11 15 2 14 1 12 3 5 8 16 7 
2 7 8 13 9 5 3 16 12 10 14 15 0 4 6 1 
1 3 7 0 6 16 15 14 8 13 2 4 9 5 10 11 
16 12 8 11 5 4 2 1 3 7 15 6 10 14 0 9 
7 6 4 11 12 15 5 9 10 8 2 1 13 0 16 3 
4 16 7 11 3 1 10 8 2 6 5 14 12 9 13 0 
12 0 4 7 2 3 10 6 8 15 9 13 5 11 1 14 
