10 5 12 15 4 8 1 14 6 13 16 7 2 3 11 9 
16 15 13 0 11 8 4 12 7 9 10 14 5 3 6 2 
1 8 13 0 6 12 7 3 10 14 9 15 16 11 5 4 
5 7 14 16 9 12 4 8 11 13 1 2 10 6 15 0 
13 7 16 12 10 5 11 1 9 8 0 15 2 6 14 3 
4 13 6 15 3 8 14 7 12 1 2 10 0 11 9 16 
9 11 0 1 10 4 2 5 12 14 3 16 13 8 7 15 
12 0 1 14 5 2 8 6 15 3 4 13 11 9 16 10 
1 6 0 11 12 7 15 10 4 9 3 16 5 2 14 13 
10 7 2 8 14 12 3 16 15 11 0 13 6 1 5 4 
16 6 14 9 3 12 5 13 4 2 1 7 8 0 15 11 
2 8 12 9 16 7 0 6 14 3 4 5 1 10 15 13 
1 6 2 15 16 8 7 4 11 3 0 14 10 9 13 5 
9 1 3 16 6 11 5 2 4 15 0 12 10 8 7 14 
8 3 15 11 12 9 13 1 6 7 5 0 16 2 4 10 
13 14 9 3 2 16 0 1 4 7 5 12 10 8 6 11 
6 8 11 7 2 14 1 13 15 3 9 10 4 0 5 12 
