7 4 14 11 12 15 3 16 5 13 1 9 8 2 6 10 
9 0 16 3 8 13 7 15 4 2 10 12 5 14 6 11 
8 0 11 12 6 14 10 15 1 3 7 13 5 4 9 16 
5 12 7 2 11 1 6 4 15 9 16 14 10 8 13 0 
2 7 5 16 6 12 3 9 13 8 11 1 0 15 10 14 
3 4 0 1 9 12 15 8 2 6 13 16 7 14 10 11 
14 16 13 0 1 11 15 2 7 5 12 3 8 9 4 10 
5 6 13 15 4 9 12 10 0 16 1 8 11 14 3 2 
11 16 6 7 3 5 10 15 9 4 14 1 12 2 13 0 
4 15 12 11 14 6 13 0 3 1 10 5 16 2 8 7 
4 0 15 2 5 13 11 9 3 14 8 7 6 12 16 1 
0 3 8 2 13 10 1 14 9 7 6 12 5 16 4 15 
6 0 7 15 2 1 3 9 13 11 16 10 8 14 5 4 
12 11 9 8 4 2 7 0 5 6 1 14 10 15 3 16 
5 13 3 4 7 11 2 15 8 9 6 0 12 10 1 16 
2 6 8 5 14 4 16 3 1 11 0 12 9 10 7 13 
7 13 1 15 10 11 5 0 3 8 4 6 12 2 9 14 
