2 6 3 4 13 9 1 14 7 15 12 16 11 8 5 10 
8 6 12 0 15 9 10 4 5 11 7 3 13 2 14 16 
5 10 15 6 16 13 12 7 4 8 11 9 3 0 1 14 
4 6 2 8 14 12 5 10 1 0 9 7 15 16 11 13 
3 2 1 5 0 10 6 9 15 11 13 12 8 7 14 16 
1 6 0 2 7 11 3 16 9 10 14 13 8 4 15 12 
10 0 12 8 7 4 5 11 9 2 13 3 16 15 14 1 
5 12 9 13 2 1 10 3 6 16 11 0 14 4 15 8 
12 11 16 7 1 9 0 13 5 14 4 15 2 10 6 3 
15 8 1 5 16 10 14 7 2 4 6 12 3 11 0 13 
5 0 7 1 12 13 2 14 8 16 15 11 3 4 9 6 
6 9 10 0 14 4 2 15 8 16 12 13 7 3 5 1 
1 5 4 0 7 13 16 3 15 6 8 11 10 9 2 14 
3 6 2 0 15 16 7 5 10 11 9 12 8 4 14 1 
0 2 3 8 4 1 9 10 11 16 6 12 13 5 15 7 
2 3 5 8 4 0 16 1 7 12 6 11 10 14 9 13 
3 10 6 9 14 0 2 15 8 11 7 12 13 4 5 1 
