10 5 8 4 1 12 2 13 6 14 16 11 9 7 3 15 
10 8 6 15 9 3 14 12 11 16 13 7 5 0 4 2 
4 5 3 12 6 0 10 9 15 16 11 8 7 14 1 13 
4 1 2 15 6 10 11 7 12 9 14 5 8 16 0 13 
2 7 14 5 6 3 0 13 15 16 12 10 9 11 8 1 
8 1 6 7 11 12 15 4 3 13 9 14 10 0 16 2 
7 3 13 8 10 1 9 4 2 11 0 5 15 16 12 14 
6 9 2 0 5 1 15 13 10 4 14 8 11 12 3 16 
1 3 10 5 2 7 12 16 9 14 4 0 11 13 6 15 
4 13 15 10 0 3 12 8 5 6 11 14 2 7 16 1 
14 13 4 2 5 3 0 12 1 15 7 11 16 8 6 9 
12 16 10 9 6 3 2 8 7 0 15 14 1 13 4 5 
1 11 3 2 7 8 14 6 5 10 15 0 16 9 4 13 
6 1 12 16 14 3 2 15 11 5 9 4 10 8 7 0 
3 1 0 10 6 12 4 11 13 16 5 7 9 8 15 2 
7 13 8 9 16 5 14 1 4 3 10 11 2 0 6 12 
2 14 13 0 6 1 8 12 9 15 11 5 10 4 7 3 
