4 14 12 2 8 15 1 10 7 6 16 3 11 9 13 5 
8 12 11 15 14 4 7 9 2 6 16 3 10 5 13 0 
3 9 12 8 14 7 11 4 13 6 1 16 5 0 15 10 
15 13 16 6 11 1 10 7 12 8 4 14 2 0 9 5 
5 11 14 1 16 15 8 10 3 0 7 2 9 13 12 6 
2 9 14 7 4 11 3 0 15 13 6 12 1 8 10 16 
8 15 16 7 12 9 10 14 4 2 11 0 5 13 3 1 
12 16 13 4 0 9 1 10 8 5 11 14 6 3 15 2 
12 13 6 9 5 10 14 1 11 0 16 4 7 3 15 2 
5 14 15 2 11 7 3 16 12 4 13 8 6 0 10 1 
6 0 9 2 7 5 11 14 1 8 4 12 15 13 3 16 
4 6 1 14 12 7 3 2 16 15 5 8 10 9 13 0 
13 15 16 5 2 3 1 6 7 11 10 4 9 14 0 8 
3 5 2 15 14 11 9 4 16 10 8 0 12 6 1 7 
8 12 13 0 11 3 4 7 16 9 5 10 1 6 2 15 
13 14 12 16 0 10 9 8 4 3 11 2 6 5 7 1 
11 14 0 4 1 9 7 6 8 12 3 2 13 15 5 10 
