10 1 7 11 14 9 3 15 6 12 13 5 2 16 8 4 
16 2 12 0 8 6 5 4 10 14 3 9 15 13 7 11 
7 8 14 12 16 13 10 5 4 11 6 15 1 3 9 0 
4 5 12 16 0 2 10 1 15 6 9 14 11 7 13 8 
11 7 3 0 15 14 6 8 5 13 10 2 1 12 16 9 
10 2 9 12 8 13 15 14 6 4 3 11 1 7 16 0 
8 7 11 0 13 10 5 3 16 2 1 9 12 4 14 15 
3 4 6 11 14 9 12 15 13 5 10 8 0 2 16 1 
0 3 7 9 5 10 2 4 13 1 16 15 14 6 12 11 
12 5 0 10 2 16 14 1 6 4 11 15 8 13 3 7 
16 5 15 2 7 4 11 6 9 1 13 0 3 14 8 12 
1 10 8 13 9 2 12 14 3 5 4 6 7 16 0 15 
5 15 3 14 13 9 10 2 16 0 1 4 6 7 8 11 
11 6 0 4 9 5 8 7 12 10 1 2 14 15 3 16 
5 4 6 12 1 9 15 2 16 7 0 11 10 3 13 8 
1 0 11 16 3 7 13 5 10 6 8 4 12 14 9 2 
5 4 11 3 14 9 8 2 7 1 13 0 10 6 12 15 
