3 10 2 13 11 9 6 7 16 8 5 1 4 15 14 12 
9 7 2 15 12 13 3 14 6 5 16 10 11 0 8 4 
7 9 8 15 3 13 5 10 4 0 11 16 12 6 1 14 
9 6 8 12 10 5 14 15 2 0 1 16 4 13 7 11 
13 10 6 9 15 0 1 14 11 8 3 16 12 5 2 7 
7 13 4 12 6 3 15 11 2 16 1 8 10 0 14 9 
5 16 13 0 9 3 8 1 4 7 15 10 12 11 2 14 
2 1 5 10 9 12 16 3 11 6 13 0 14 8 4 15 
0 14 9 7 13 1 15 3 2 11 12 5 16 4 10 6 
16 6 13 0 7 14 3 5 11 8 2 15 10 4 1 12 
7 13 3 8 1 6 0 2 16 9 12 11 15 5 4 14 
7 5 16 15 3 8 6 2 12 0 10 9 4 13 1 14 
7 14 16 9 11 3 15 0 5 13 4 2 1 6 10 8 
14 3 6 2 7 5 0 10 4 1 11 8 15 9 16 12 
2 4 13 9 0 12 3 5 8 6 1 15 10 7 16 11 
0 2 3 16 5 1 10 11 8 4 9 7 14 13 12 6 
7 6 3 8 11 13 5 14 10 15 0 12 1 9 2 4 
