9 13 12 16 3 8 6 1 5 4 14 7 11 10 2 15 
12 9 0 16 10 11 13 8 3 7 14 15 6 4 5 2 
8 1 16 5 7 13 6 15 9 10 4 14 11 12 3 0 
7 12 5 14 2 16 4 10 15 1 9 13 6 8 11 0 
0 8 12 10 6 1 11 5 9 7 15 13 2 14 16 3 
6 16 2 8 4 3 11 13 12 10 14 1 0 7 9 15 
1 5 9 10 2 8 13 11 12 4 3 16 7 15 14 0 
15 1 5 4 8 2 3 13 0 16 6 11 12 10 9 14 
15 4 11 6 9 7 2 13 10 12 1 5 0 14 3 16 
0 5 10 11 16 3 15 2 13 12 14 1 6 4 7 8 
6 15 16 3 13 9 5 12 2 4 14 7 0 8 11 1 
2 8 12 9 14 15 7 16 13 5 1 4 10 0 3 6 
1 15 0 11 9 4 16 6 3 10 2 8 13 7 14 5 
14 4 3 9 6 0 5 2 12 7 16 8 10 15 1 11 
12 6 2 15 9 1 4 13 0 11 8 5 10 7 16 3 
13 14 3 5 16 0 11 2 4 7 9 12 10 8 6 1 
3 11 1 10 4 8 14 15 0 2 6 9 13 7 12 5 
