6 8 12 15 9 2 10 13 4 1 7 11 14 5 3 16 
9 15 5 7 10 11 13 16 0 2 12 8 4 14 3 6 
6 1 10 8 9 14 15 13 16 4 7 0 11 3 5 12 
4 5 13 12 10 16 7 14 11 0 2 6 8 9 1 15 
14 15 12 7 11 8 0 1 9 10 3 16 6 13 2 5 
14 8 4 2 0 10 11 7 16 9 12 6 15 3 1 13 
9 8 16 2 5 15 11 0 4 10 14 1 12 13 7 3 
10 12 2 5 9 8 16 11 15 3 4 1 14 6 0 13 
12 10 2 15 16 5 14 1 3 6 11 7 4 9 0 13 
4 14 2 11 5 8 3 16 1 6 13 7 12 15 0 10 
6 11 15 2 13 5 14 8 4 3 7 12 1 16 0 9 
7 8 0 9 2 3 1 14 12 16 15 6 5 13 10 4 
7 0 15 14 4 5 16 2 1 10 6 9 8 13 11 3 
14 6 9 5 1 0 11 12 3 15 10 8 7 4 2 16 
11 16 15 13 3 7 2 9 8 1 12 5 10 0 6 4 
10 6 0 3 14 8 7 2 9 4 5 11 1 12 16 13 
6 8 7 4 9 3 2 15 11 14 10 12 1 5 13 0 
