11 13 14 1 9 2 16 3 5 10 7 4 6 12 15 8 
9 3 13 0 2 7 5 6 10 14 11 4 8 16 12 15 
9 14 12 6 10 15 8 16 4 3 0 13 1 11 5 7 
4 7 6 14 5 12 11 1 10 9 2 16 8 15 0 13 
5 2 10 9 14 13 11 7 3 1 15 6 8 0 12 16 
12 10 2 8 16 9 0 13 4 1 7 11 3 6 14 15 
14 8 15 2 16 13 12 10 4 7 0 9 3 11 1 5 
15 16 13 0 3 11 1 4 8 12 14 6 10 9 5 2 
4 10 9 5 0 2 1 7 15 11 3 16 6 13 14 12 
11 1 5 8 12 10 2 7 4 0 3 16 13 15 14 6 
2 14 6 7 9 3 13 0 11 15 8 16 5 1 12 4 
15 1 4 3 13 5 7 8 10 9 16 0 6 12 14 2 
0 16 2 15 1 3 5 4 8 14 13 9 7 6 10 11 
0 10 16 3 6 11 14 8 12 1 15 2 7 9 5 4 
6 0 8 1 16 12 9 10 3 13 15 4 11 7 2 5 
11 1 4 8 14 2 10 12 5 9 3 16 6 7 0 13 
2 5 9 10 12 14 15 6 1 11 4 8 3 7 13 0 
