2 4 3 6 13 9 14 1 16 15 7 12 10 8 5 11 
12 6 13 0 4 15 9 10 3 5 7 11 2 14 8 16 
5 6 15 10 13 7 16 12 8 14 4 11 9 0 1 3 
4 2 8 6 10 5 14 12 9 0 1 7 16 13 11 15 
2 1 5 3 10 0 9 6 15 11 13 12 7 14 8 16 
1 6 2 0 11 7 3 16 14 10 9 13 8 15 4 12 
12 10 0 8 7 11 4 5 3 9 2 13 16 15 1 14 
12 5 9 13 10 2 3 1 6 0 11 16 14 4 15 8 
12 11 16 7 1 9 0 13 5 14 4 15 3 10 2 6 
8 1 5 15 16 14 7 10 4 12 6 2 3 11 13 0 
0 7 5 1 2 14 12 13 16 15 11 8 4 9 3 6 
10 6 9 0 4 14 15 2 8 16 13 12 7 5 3 1 
4 1 0 5 7 13 3 16 15 11 6 8 9 2 14 10 
3 6 10 0 5 16 7 15 9 12 11 2 8 4 14 1 
8 0 2 3 10 4 1 9 11 16 12 6 15 5 13 7 
8 3 5 2 1 4 0 16 11 12 7 6 13 10 9 14 
6 9 10 3 14 2 15 0 8 7 12 11 13 5 4 1 
