15 7 14 3 10 1 11 8 12 4 9 6 16 5 2 13 
7 13 9 5 8 14 12 16 3 15 6 0 4 10 11 2 
15 0 12 16 5 8 11 6 7 9 14 10 3 13 1 4 
6 16 0 2 8 14 9 4 15 13 10 11 7 12 5 1 
1 13 5 6 7 10 8 16 14 11 15 9 2 0 12 3 
4 11 7 0 12 9 1 14 6 10 3 16 13 8 15 2 
8 7 15 12 16 4 9 0 13 2 1 10 14 5 3 11 
2 5 8 4 10 12 15 0 11 6 9 1 14 13 16 3 
10 14 5 12 4 7 6 15 2 11 1 0 9 13 16 3 
7 6 1 14 4 3 12 5 10 16 2 0 8 13 15 11 
9 1 13 8 16 0 11 14 12 7 2 3 5 4 6 15 
9 5 2 15 1 14 13 0 8 10 3 6 4 7 16 12 
14 6 13 4 10 2 11 7 15 9 3 16 0 5 8 1 
3 7 0 8 16 1 11 4 14 6 15 2 5 10 9 12 
15 16 1 5 2 3 8 4 10 0 9 6 12 13 11 7 
11 3 12 6 9 2 1 7 14 8 16 5 10 4 13 0 
6 12 13 2 3 8 9 11 1 15 4 10 14 5 0 7 
