6 3 4 2 9 13 14 1 7 16 15 12 5 10 8 11 
0 6 8 12 10 4 9 15 11 5 3 7 16 2 14 13 
10 15 6 5 13 12 16 7 8 4 9 3 0 11 14 1 
8 2 4 6 12 14 10 5 0 1 9 7 11 15 13 16 
2 1 5 3 9 6 0 10 12 11 13 15 16 14 8 7 
2 6 1 0 7 11 16 3 9 10 13 14 8 4 15 12 
0 8 10 12 4 7 5 11 2 13 9 3 16 15 14 1 
10 5 12 9 13 3 2 1 11 16 6 0 8 4 15 14 
11 16 7 12 1 9 13 0 15 5 4 14 2 10 3 6 
1 15 8 5 16 10 14 7 12 4 2 6 11 3 0 13 
7 5 0 1 14 2 13 12 11 8 15 16 6 9 4 3 
9 6 10 0 14 4 15 2 13 8 12 16 5 1 3 7 
1 0 5 4 13 7 3 16 15 6 8 11 9 14 2 10 
0 6 16 3 7 5 2 15 12 10 11 9 8 4 14 1 
2 0 3 8 9 10 1 4 16 12 6 11 15 13 7 5 
3 2 8 5 1 0 4 16 11 12 7 6 14 10 13 9 
11 6 10 3 0 14 2 15 9 8 12 7 13 5 4 1 
