12 13 5 8 11 15 1 7 10 6 16 14 2 9 4 3 
7 14 6 10 11 12 5 4 2 16 0 13 8 9 3 15 
0 6 4 3 16 7 13 12 5 8 14 10 1 15 11 9 
5 0 7 2 15 14 16 11 13 8 6 9 1 12 10 4 
13 8 7 12 0 11 15 5 10 9 16 1 14 3 6 2 
4 15 1 13 8 14 11 10 6 12 3 0 9 16 2 7 
11 0 9 1 16 2 4 5 3 10 15 12 8 14 7 13 
4 0 15 2 6 8 3 16 11 12 10 5 13 9 14 1 
13 11 3 14 12 15 9 0 10 7 16 4 1 6 2 5 
14 4 6 12 1 3 13 11 8 0 5 15 7 2 10 16 
6 12 2 11 4 7 9 8 1 5 3 16 14 15 0 13 
16 0 15 12 8 9 2 1 4 13 14 3 5 7 10 6 
1 14 15 2 5 16 0 4 3 11 6 8 10 7 9 13 
14 0 16 3 2 12 4 10 6 15 9 5 7 11 1 8 
4 8 10 0 1 11 16 7 12 5 9 3 6 13 15 2 
14 2 8 13 6 12 11 16 7 3 0 9 4 1 5 10 
9 0 8 10 11 2 13 5 15 3 1 6 12 4 14 7 
