5 10 2 15 8 4 13 16 11 3 9 7 6 12 14 1 
16 13 14 2 11 5 0 12 6 7 15 8 10 3 9 4 
5 9 14 1 6 3 12 4 8 10 11 16 15 7 0 13 
5 9 13 10 15 11 14 4 12 7 2 16 6 1 0 8 
5 13 11 14 1 0 15 2 6 9 16 10 12 3 7 8 
10 8 2 12 0 11 16 3 7 9 14 1 15 13 6 4 
7 11 1 8 4 5 2 0 3 14 15 13 9 10 16 12 
2 1 10 3 6 9 5 0 4 14 11 12 13 15 8 16 
15 14 12 10 2 3 13 6 9 4 7 0 5 1 11 16 
6 11 2 14 16 15 0 12 13 10 4 1 8 5 3 7 
11 3 15 1 6 5 12 13 16 14 4 7 2 8 9 0 
4 0 10 7 9 16 15 6 2 12 13 1 5 14 8 3 
13 1 7 10 11 4 2 15 8 0 9 14 5 6 16 3 
4 12 8 5 10 6 7 11 9 3 2 15 0 16 1 14 
15 12 5 7 4 1 16 3 6 10 13 0 8 11 2 9 
16 7 5 2 14 10 3 0 4 8 1 6 13 12 11 9 
1 12 9 4 15 8 10 5 7 6 2 14 3 11 13 0 
