11 8 3 5 7 13 16 1 4 2 10 12 9 6 14 15 
16 12 13 5 0 15 6 9 10 14 4 2 7 8 3 11 
16 5 10 0 1 6 13 4 12 11 3 8 15 14 9 7 
7 9 11 8 4 13 6 15 10 16 14 1 12 0 2 5 
10 16 14 7 3 15 0 13 11 6 9 5 12 8 2 1 
6 15 7 14 2 10 4 0 9 11 3 12 1 8 16 13 
8 15 3 16 5 11 13 0 4 7 12 1 14 2 10 9 
0 2 6 10 16 8 14 1 5 3 12 11 4 13 9 15 
12 9 3 16 10 0 2 6 15 4 14 7 13 5 1 11 
7 14 5 10 8 11 1 2 15 0 16 3 4 13 6 12 
4 0 2 6 12 8 13 5 9 11 15 3 7 16 1 14 
7 10 6 8 14 4 9 15 3 5 0 13 2 12 16 1 
9 3 6 4 2 5 0 10 15 11 7 14 8 16 13 1 
6 9 10 14 0 7 5 11 15 1 3 16 8 12 4 2 
16 1 13 0 15 6 4 7 10 8 2 3 9 11 5 12 
9 13 4 14 2 6 8 0 5 12 11 3 10 7 1 16 
15 10 14 1 6 4 2 13 11 3 12 5 7 8 9 0 
