3 2 4 6 9 13 1 14 16 7 12 15 8 11 5 10 
12 0 8 3 5 10 15 4 7 9 11 6 13 16 14 2 
5 10 15 6 7 13 12 16 8 9 4 3 0 11 14 1 
6 8 4 2 11 10 5 12 9 15 7 1 16 14 0 13 
2 1 3 5 10 0 9 6 13 7 12 11 16 8 15 14 
2 0 6 1 11 7 3 16 10 14 13 9 4 12 15 8 
10 8 0 12 4 7 11 5 9 13 3 2 16 15 1 14 
10 9 12 5 13 3 1 2 0 16 11 6 8 15 4 14 
16 7 11 12 9 15 13 0 4 5 14 1 6 3 2 10 
8 1 5 15 7 14 16 10 12 4 6 2 11 3 0 13 
7 0 5 1 2 12 13 14 15 11 16 8 3 9 4 6 
6 0 9 10 14 4 2 15 13 16 8 12 1 7 3 5 
4 0 5 1 13 7 16 3 15 6 11 8 9 14 2 10 
0 6 3 16 5 7 2 15 9 12 11 10 4 8 14 1 
0 3 8 2 9 1 4 10 11 6 12 16 15 5 13 7 
3 2 5 8 16 0 1 4 14 13 7 12 6 11 9 10 
10 3 11 6 14 13 0 2 12 8 7 9 15 1 5 4 
