4 14 9 13 5 11 1 3 8 2 10 7 16 15 6 12 
10 16 13 12 3 4 15 8 7 0 11 6 14 5 2 9 
7 10 6 14 9 16 1 5 11 3 13 0 12 8 4 15 
10 5 9 12 15 1 14 0 16 13 8 7 2 6 4 11 
13 5 2 15 3 12 8 14 9 6 10 16 1 7 0 11 
14 10 6 11 12 9 8 0 15 13 7 1 4 2 16 3 
12 1 15 5 2 7 3 0 11 4 16 9 14 13 8 10 
12 8 5 16 15 3 0 13 14 2 6 9 1 11 4 10 
10 0 5 2 9 12 15 3 11 4 1 14 7 16 13 6 
10 8 16 3 6 1 15 7 14 5 13 0 11 2 12 4 
4 12 7 6 13 11 15 5 14 0 3 16 2 1 8 9 
14 0 6 4 12 9 7 5 10 3 8 13 16 1 2 15 
13 4 1 10 14 16 15 2 7 6 11 5 0 3 8 9 
6 15 10 4 0 16 14 1 8 12 11 2 9 7 3 5 
3 2 4 0 8 13 5 6 16 12 10 1 7 15 11 9 
3 2 12 7 16 4 0 10 11 6 8 1 14 9 5 13 
9 0 14 4 1 8 11 15 2 10 5 7 13 12 3 6 
