6 13 2 11 10 16 7 1 4 14 15 12 8 9 3 5 
9 2 16 13 11 15 8 10 4 14 5 3 12 7 6 0 
14 3 6 0 1 4 15 13 9 5 11 7 10 12 8 16 
7 1 6 2 9 10 13 0 5 14 15 16 12 8 4 11 
1 9 15 6 11 7 3 16 8 12 2 13 5 10 14 0 
15 12 1 10 3 7 6 13 0 16 2 11 14 9 4 8 
0 9 16 12 11 1 5 4 3 13 10 14 8 7 2 15 
9 10 12 3 13 16 11 14 0 15 4 6 1 2 5 8 
4 10 2 6 12 13 5 11 7 15 16 3 0 9 1 14 
16 8 6 14 10 0 2 7 1 13 5 12 4 15 11 3 
2 11 1 14 7 4 12 5 15 8 0 13 6 9 3 16 
8 12 5 3 13 14 6 10 0 9 2 15 4 7 16 1 
5 16 2 15 1 11 3 0 7 14 13 8 4 10 9 6 
6 4 16 5 10 7 11 15 14 9 2 12 8 0 1 3 
4 2 3 13 11 12 6 15 1 16 10 8 0 9 5 7 
9 11 6 8 16 4 0 13 7 12 14 1 5 3 2 10 
15 10 11 14 13 4 7 9 12 2 1 3 0 5 8 6 
