3 6 15 11 9 4 7 8 12 16 1 14 5 13 2 10 
7 10 13 0 14 16 15 4 8 6 3 11 2 5 9 12 
12 11 0 13 15 3 7 5 14 9 10 16 6 4 8 1 
2 0 7 6 4 16 11 12 10 14 5 15 13 8 9 1 
3 6 1 5 16 9 13 11 7 10 15 12 2 14 8 0 
8 16 13 2 4 15 1 0 6 9 10 11 7 14 3 12 
8 14 4 3 1 10 11 0 5 12 16 13 9 7 15 2 
1 16 10 2 12 8 5 15 6 11 0 14 3 9 4 13 
4 0 5 16 9 2 7 11 14 6 13 15 10 3 1 12 
15 3 13 1 16 12 0 8 11 7 2 5 10 4 6 14 
0 4 7 1 5 8 16 6 13 11 15 2 14 12 3 9 
0 3 9 12 13 6 5 4 16 1 15 2 14 8 7 10 
7 10 16 3 6 9 1 2 15 4 13 0 14 8 5 11 
9 5 0 14 11 15 1 10 4 8 2 12 6 7 3 16 
11 5 12 1 10 2 4 3 6 7 8 13 16 0 15 9 
6 4 12 7 10 5 9 8 0 11 3 16 13 2 1 14 
6 12 2 15 11 13 14 7 10 4 1 9 0 5 8 3 
