6 8 16 9 10 4 11 15 3 5 14 1 2 13 7 12 
12 14 13 6 16 4 10 11 0 5 7 3 15 2 9 8 
4 10 9 11 12 6 16 7 8 1 13 0 14 15 5 3 
7 12 4 11 13 15 1 6 0 8 14 16 5 2 9 10 
12 13 7 6 11 16 0 10 5 8 1 14 3 9 2 15 
16 15 4 14 12 2 13 0 9 8 10 3 11 7 6 1 
13 2 5 1 12 16 14 15 4 10 3 11 8 7 0 9 
0 8 2 5 6 11 12 16 9 3 13 1 4 15 14 10 
7 10 0 13 2 12 16 6 14 9 3 11 1 4 15 5 
10 13 1 14 5 0 4 11 6 3 15 8 16 7 12 2 
7 8 9 12 11 6 0 4 3 13 15 5 16 2 14 1 
16 10 6 12 2 4 7 0 5 3 8 9 13 15 14 1 
5 11 14 7 13 8 1 2 4 6 15 3 9 16 10 0 
16 3 2 8 10 11 14 1 6 9 5 15 0 7 12 4 
16 0 10 11 2 12 1 13 6 15 8 7 9 4 3 5 
10 0 4 9 8 12 7 2 1 13 11 3 6 14 16 5 
6 14 10 15 11 2 3 13 1 5 12 8 0 9 4 7 
