12 11 13 3 16 9 6 15 2 4 1 7 5 14 8 10 
14 3 6 9 2 4 0 10 7 16 11 5 12 15 8 13 
4 6 14 1 13 12 5 16 7 3 0 9 15 10 8 11 
6 5 15 2 16 8 14 10 7 9 1 13 4 12 11 0 
5 3 10 1 14 9 11 2 8 6 12 7 16 15 13 0 
0 10 7 6 12 8 1 2 9 11 16 4 13 15 14 3 
16 9 8 11 7 12 5 4 14 3 15 0 1 13 2 10 
5 10 9 12 13 6 8 4 0 16 1 14 3 11 15 2 
9 10 13 0 6 11 5 14 12 2 3 16 7 4 1 15 
1 10 11 15 13 7 14 2 4 16 12 6 5 8 0 3 
8 7 16 3 4 9 5 15 2 12 14 0 6 11 1 13 
5 14 13 6 10 3 4 2 12 9 7 15 1 0 16 8 
10 13 3 16 2 6 8 11 4 9 1 14 15 5 0 7 
16 5 2 9 15 4 14 8 1 11 0 12 10 6 7 3 
13 7 8 9 3 1 11 12 5 0 6 2 10 4 16 15 
10 9 12 6 3 1 5 8 11 4 0 13 2 7 14 16 
10 7 11 14 12 1 6 15 2 9 0 8 3 4 5 13 
