11 2 14 1 5 9 8 13 10 16 15 7 6 12 4 3 
11 12 4 8 9 14 5 13 3 7 15 6 0 16 10 2 
9 0 11 15 13 14 16 3 1 10 8 7 4 6 12 5 
6 9 16 15 10 7 13 0 4 5 1 14 12 2 11 8 
3 6 11 0 9 16 15 2 8 13 14 1 12 10 5 7 
14 4 7 11 12 3 6 13 9 1 0 15 10 2 8 16 
2 11 13 10 9 14 3 7 12 5 8 0 4 1 15 16 
16 12 6 1 14 0 2 15 3 9 5 11 8 4 13 10 
4 13 2 15 3 12 10 0 16 11 5 6 9 7 1 14 
7 16 4 2 6 5 0 13 11 10 12 1 15 8 14 3 
9 1 12 0 5 2 7 8 16 6 15 14 13 11 4 3 
14 16 8 13 3 2 1 9 4 0 6 7 12 15 10 5 
11 13 6 7 9 4 8 2 10 14 5 15 1 0 16 3 
15 6 5 11 7 0 16 12 8 2 14 1 10 9 3 4 
4 8 16 9 3 5 12 2 11 7 13 0 10 15 6 1 
10 4 14 0 8 3 6 11 13 1 5 2 7 9 16 12 
1 3 7 11 14 6 10 9 4 5 2 0 12 13 15 8 
