13 10 15 3 12 1 9 6 5 7 8 16 4 2 11 14 
4 0 9 5 3 6 11 15 14 10 2 8 12 7 13 16 
11 15 1 8 13 12 16 7 0 6 9 4 5 10 14 3 
14 8 2 10 0 5 12 16 9 4 11 1 15 7 13 6 
10 9 3 13 0 16 7 2 14 11 5 8 15 1 12 6 
13 11 16 14 10 4 6 9 7 15 8 3 1 12 2 0 
10 8 14 15 0 5 16 3 1 2 9 11 7 4 12 13 
1 0 3 15 16 2 5 8 13 10 12 14 4 6 9 11 
1 11 2 15 5 9 0 4 13 16 14 10 6 7 12 3 
11 6 14 1 12 2 0 4 16 7 15 13 3 10 5 8 
0 12 6 3 7 9 16 4 13 14 2 15 8 11 1 5 
5 0 9 10 12 8 2 16 4 7 3 13 15 6 14 1 
6 0 16 3 8 11 2 1 7 13 15 4 14 10 5 9 
3 5 0 7 2 11 8 4 10 12 15 9 6 16 14 1 
16 5 13 2 8 1 15 11 12 10 9 7 3 6 0 4 
13 9 7 4 6 3 12 0 8 16 1 2 11 10 5 14 
5 4 9 10 3 6 0 12 2 1 11 8 13 15 7 14 
