15 5 8 3 12 2 10 11 7 6 14 1 13 9 16 4 
10 7 16 3 11 9 14 2 6 15 13 0 12 5 8 4 
3 4 12 6 11 13 10 15 1 0 7 5 14 8 16 9 
10 1 4 12 8 7 13 16 0 2 5 11 15 6 9 14 
1 16 11 6 2 7 0 12 8 3 13 14 10 5 15 9 
10 8 12 15 14 0 2 6 11 1 16 3 7 13 4 9 
12 16 2 15 10 11 14 13 4 7 8 3 9 1 0 5 
10 8 11 6 15 4 14 1 2 0 16 3 13 5 9 12 
16 10 5 2 4 14 3 11 12 6 9 7 15 1 13 0 
4 2 13 6 14 5 10 3 12 1 7 16 11 15 8 0 
6 16 5 4 12 15 11 9 0 14 7 8 13 1 2 3 
13 14 6 12 1 2 8 9 15 3 7 5 4 10 0 16 
9 10 0 4 6 3 15 2 13 14 16 5 8 1 11 7 
2 5 1 8 9 3 10 6 4 11 15 7 14 16 0 12 
11 3 9 0 4 15 16 1 12 8 5 6 7 2 13 10 
12 3 13 0 11 7 6 5 2 16 9 8 4 10 14 1 
5 11 13 4 3 1 12 9 8 0 6 10 14 7 2 15 
