10 5 13 12 4 6 1 8 16 15 14 7 11 2 9 3 
10 6 0 13 5 11 4 12 7 14 2 16 9 8 15 3 
16 4 13 0 6 12 7 3 1 15 10 8 11 5 9 14 
5 7 16 9 14 4 8 12 13 2 1 11 10 0 6 15 
16 12 7 13 11 5 1 10 9 0 8 15 2 14 3 6 
13 7 11 15 3 8 4 14 12 10 1 6 9 16 2 0 
1 11 13 0 4 5 16 2 14 3 10 12 7 8 9 15 
12 15 0 1 5 8 2 6 13 4 3 11 9 16 14 10 
11 0 1 14 15 9 12 10 7 4 16 3 5 13 2 6 
10 7 6 8 12 13 1 14 11 0 5 15 2 4 3 16 
16 6 12 11 9 5 13 4 2 7 1 14 15 3 0 8 
4 14 10 0 7 12 16 6 3 2 8 5 1 13 15 9 
1 6 2 15 4 16 7 8 10 0 3 11 14 5 9 13 
3 12 0 9 11 5 1 2 6 15 16 4 7 8 14 10 
8 7 11 15 9 13 1 12 6 5 3 0 16 4 10 2 
8 13 2 3 12 9 1 14 11 4 0 6 10 5 7 16 
1 6 8 0 7 13 2 14 9 15 3 10 11 4 5 12 
