16 2 13 14 15 3 8 11 12 10 4 7 9 1 5 6 
13 4 2 5 8 16 15 7 11 0 6 10 3 12 14 9 
3 8 15 6 9 12 14 10 7 4 0 13 11 5 16 1 
13 12 1 9 11 5 15 2 8 7 16 14 6 0 10 4 
6 11 1 14 9 8 5 10 0 7 15 2 13 12 3 16 
0 8 14 2 13 3 9 15 11 7 6 12 4 1 10 16 
12 15 1 11 3 9 0 2 4 5 7 16 14 10 13 8 
10 8 5 3 6 13 14 12 9 1 16 4 2 15 0 11 
6 13 12 5 1 15 16 3 0 7 10 2 11 9 4 14 
10 5 16 3 7 1 6 15 8 14 0 13 12 2 11 4 
4 5 1 13 6 14 15 16 3 11 0 7 8 12 9 2 
12 13 10 3 7 5 9 14 16 6 8 0 1 4 2 15 
1 13 15 4 11 9 16 10 7 6 2 8 5 14 0 3 
12 9 8 4 6 14 5 16 10 7 2 15 3 11 0 1 
3 4 1 8 2 12 16 5 9 10 13 6 0 7 11 15 
6 7 16 3 0 2 4 9 10 11 1 14 8 13 12 5 
4 15 14 3 9 11 1 8 7 2 6 13 5 10 12 0 
