3 15 11 7 9 8 12 4 1 16 6 10 2 14 13 5 
8 15 3 16 10 12 5 11 13 9 14 4 0 6 7 2 
0 5 15 4 3 14 8 6 11 9 13 10 12 7 16 1 
12 6 13 0 15 5 16 7 4 8 2 10 9 11 1 14 
9 14 13 0 1 6 16 7 11 12 15 2 5 8 10 3 
6 3 0 13 12 1 2 15 8 9 7 14 10 11 4 16 
9 15 11 4 13 5 10 1 12 3 2 14 8 16 7 0 
9 11 6 5 2 12 3 16 14 15 13 0 4 10 1 8 
9 12 3 1 15 10 0 13 4 16 2 11 5 6 14 7 
4 5 1 3 15 7 12 10 16 2 14 0 6 13 11 8 
7 3 9 5 13 12 14 16 11 1 15 6 2 8 0 4 
9 5 12 0 16 2 14 1 13 4 3 6 15 8 10 7 
13 4 9 7 2 14 6 10 3 5 0 11 8 15 1 16 
10 3 11 0 7 12 5 8 2 6 1 14 9 15 4 16 
8 1 13 5 12 9 2 15 7 10 16 3 6 11 0 4 
8 12 5 4 13 7 11 1 0 6 16 3 10 14 9 2 
8 13 11 7 9 0 4 1 12 6 2 5 10 14 3 15 
