10 13 5 7 8 1 3 15 6 2 4 16 11 9 14 12 
6 13 4 16 5 12 9 14 10 2 7 3 15 11 8 0 
8 9 15 12 7 13 10 6 1 5 16 4 0 11 3 14 
14 8 15 0 6 9 13 2 10 5 7 1 4 16 11 12 
6 0 14 11 1 15 9 8 2 12 13 16 10 5 3 7 
0 8 14 11 6 3 2 15 9 12 7 10 13 4 16 1 
10 9 16 3 15 1 8 11 12 4 13 2 5 14 7 0 
10 15 11 5 13 1 2 12 6 3 9 8 4 14 0 16 
16 10 4 13 6 2 7 3 14 9 11 5 12 0 1 15 
3 7 6 8 5 14 2 4 13 12 16 1 11 0 15 10 
8 4 1 2 13 6 3 16 14 5 7 12 9 0 11 15 
0 6 12 9 13 7 4 10 2 1 16 3 15 8 5 14 
0 7 3 5 13 4 10 16 11 9 8 14 6 1 15 2 
12 14 11 9 16 1 15 8 6 4 2 10 7 3 5 0 
13 12 5 7 4 0 3 16 9 1 15 11 6 2 10 8 
12 8 4 5 6 2 16 1 3 7 13 10 11 9 0 14 
15 12 10 7 5 13 11 4 9 0 1 2 14 3 6 8 
