8 6 15 16 1 11 9 4 14 2 12 5 10 13 3 7 
2 8 5 7 9 4 12 11 14 13 10 16 3 6 15 0 
4 9 8 10 15 7 0 16 12 13 1 14 3 6 11 5 
5 9 12 7 14 10 4 0 8 11 13 6 16 1 15 2 
11 14 15 8 1 2 0 13 9 6 3 12 7 5 10 16 
9 3 13 0 16 11 8 4 12 6 2 15 7 10 14 1 
5 1 13 15 10 9 3 16 11 4 2 14 7 0 12 8 
14 0 16 6 4 3 8 10 12 15 5 1 9 11 2 13 
1 5 15 10 7 11 6 14 4 2 3 12 16 9 13 0 
14 5 3 15 13 10 8 6 7 11 1 0 12 16 2 4 
14 2 9 0 6 8 16 12 1 7 15 11 4 3 13 5 
6 9 4 5 15 14 8 3 7 12 13 16 2 0 10 1 
13 7 15 4 9 8 14 1 2 6 0 10 5 11 3 16 
14 16 9 5 15 12 10 11 8 0 1 4 6 7 2 3 
1 2 8 16 9 5 15 4 6 12 13 10 7 11 3 0 
0 12 11 10 4 1 16 3 6 14 9 7 5 13 8 2 
14 15 4 13 0 8 12 3 5 11 6 10 1 9 2 7 
