2 4 3 6 13 9 1 14 15 12 7 16 5 10 11 8 
6 12 8 0 10 4 9 15 11 3 7 5 16 2 14 13 
15 10 6 5 12 13 16 7 3 9 4 8 11 0 1 14 
4 8 6 2 11 12 5 10 1 15 7 9 14 16 0 13 
1 5 3 2 6 0 10 9 13 7 11 12 15 8 14 16 
0 1 2 6 7 11 3 16 9 10 13 14 15 4 12 8 
10 8 0 12 7 5 11 4 2 9 3 13 16 15 14 1 
12 5 10 9 13 1 3 2 11 6 0 16 15 8 14 4 
16 7 12 11 15 9 13 0 5 4 1 14 10 3 6 2 
5 1 15 8 7 16 10 14 2 6 4 12 11 3 0 13 
5 7 1 0 13 12 14 2 11 8 15 16 4 6 9 3 
10 6 0 9 14 4 2 15 8 12 16 13 7 3 5 1 
5 0 4 1 7 13 16 3 6 15 8 11 10 9 14 2 
6 0 16 3 7 5 15 2 12 10 9 11 8 4 1 14 
0 3 2 8 1 4 10 9 12 16 11 6 15 7 5 13 
5 8 3 2 16 4 0 1 7 6 14 12 9 13 11 10 
10 6 3 11 0 14 2 15 9 7 8 12 4 5 13 1 
