8 15 5 3 2 11 12 10 6 7 14 1 13 16 4 9 
10 7 16 3 2 9 14 11 15 6 0 13 8 4 5 12 
12 6 4 3 11 13 15 10 5 0 7 1 14 16 8 9 
12 10 1 4 16 13 7 8 5 2 11 0 6 9 15 14 
16 6 1 11 0 7 12 2 8 13 3 14 10 9 5 15 
8 15 12 10 2 6 14 0 11 1 3 16 13 4 7 9 
12 16 2 15 11 13 14 10 7 3 4 8 1 0 5 9 
10 8 11 6 4 15 14 1 0 2 16 3 12 5 13 9 
16 2 10 5 3 4 11 14 7 12 6 9 1 15 13 0 
6 13 4 2 14 10 5 3 1 12 7 16 8 15 11 0 
16 6 4 5 11 9 12 15 14 8 0 7 13 3 1 2 
13 6 12 1 2 4 9 8 5 7 15 3 16 0 14 10 
9 0 10 4 6 3 15 2 5 16 13 14 1 8 11 7 
1 5 8 2 6 3 10 9 11 7 4 15 16 0 12 14 
0 11 9 3 4 1 16 15 8 5 6 12 10 13 2 7 
12 3 0 13 5 6 11 7 9 16 8 2 4 10 14 1 
4 11 13 5 12 3 1 9 6 0 10 8 7 14 15 2 
