6 12 15 8 9 2 13 10 7 11 1 4 5 14 16 3 
7 5 9 15 13 11 10 16 0 8 12 2 6 14 4 3 
6 10 1 8 14 15 13 9 7 16 4 0 3 5 12 11 
5 12 4 13 2 10 14 7 16 0 6 11 8 15 1 9 
7 15 12 14 0 11 1 8 10 9 3 16 2 13 6 5 
2 14 8 4 7 0 11 10 12 9 6 16 13 15 1 3 
2 9 16 8 15 11 5 0 4 10 14 1 13 3 12 7 
12 2 5 10 9 16 8 11 1 4 15 3 14 6 0 13 
10 12 15 2 5 16 14 1 6 11 7 3 9 4 0 13 
11 2 14 4 8 5 3 16 1 13 6 7 10 15 12 0 
6 11 15 2 5 13 8 14 7 3 4 12 16 9 0 1 
0 7 9 8 3 2 1 14 12 6 16 15 5 4 13 10 
14 15 7 0 2 4 5 16 10 9 6 1 11 13 3 8 
9 6 5 14 0 11 12 1 15 3 8 10 4 7 16 2 
16 13 15 11 3 7 2 9 1 8 12 5 10 0 4 6 
10 0 6 3 14 7 8 2 11 5 9 4 1 12 13 16 
6 4 7 8 9 3 15 2 10 11 12 14 5 1 13 0 
