9 12 1 14 8 13 6 10 15 16 11 7 2 4 5 3 
9 6 16 7 4 2 10 8 5 15 11 14 3 12 0 13 
4 12 0 8 3 9 1 13 14 15 11 5 6 10 16 7 
6 7 12 5 4 11 1 14 13 15 16 9 10 8 0 2 
10 5 12 7 11 9 0 13 16 3 2 15 6 8 14 1 
12 9 8 4 0 6 3 15 2 16 14 10 1 13 7 11 
10 1 16 3 0 15 8 11 7 9 5 4 14 2 12 13 
2 6 16 12 0 5 14 1 15 10 4 13 3 9 11 8 
4 1 5 16 11 0 6 9 3 10 15 12 2 7 14 13 
13 2 5 6 10 1 3 0 11 12 4 16 8 15 7 14 
4 6 15 1 11 5 12 13 0 14 3 16 7 9 8 2 
2 5 16 0 1 15 13 8 14 10 9 7 4 12 6 3 
8 11 13 16 9 2 1 14 6 5 10 3 7 0 15 4 
2 4 12 16 15 10 9 5 3 14 6 11 7 1 0 8 
5 8 3 16 11 10 6 2 4 7 13 0 12 9 1 15 
8 16 5 9 10 0 12 2 3 11 14 7 4 6 13 1 
14 10 0 6 12 4 15 2 1 8 11 5 9 7 3 13 
