2 4 12 14 1 15 10 8 6 7 3 16 11 13 5 9 
11 15 8 12 7 9 4 14 6 2 16 3 5 10 0 13 
9 1 8 12 11 14 0 4 6 13 16 3 7 15 10 5 
6 15 13 16 10 7 1 2 14 8 12 4 9 0 11 5 
14 9 11 5 10 15 8 3 0 7 2 16 13 12 1 6 
7 0 14 9 2 3 4 11 6 12 13 15 10 16 1 8 
8 16 15 7 10 9 12 14 11 4 0 3 13 5 1 2 
12 6 4 13 10 1 0 9 8 11 14 5 3 16 15 2 
9 6 12 13 5 10 14 1 3 4 11 0 7 16 2 15 
5 4 15 2 7 11 3 16 14 8 12 13 6 10 0 1 
9 0 6 2 7 14 5 11 4 8 12 1 15 13 3 16 
6 4 1 14 3 2 7 12 5 15 8 16 9 10 0 13 
13 15 16 5 2 3 1 6 4 11 7 10 14 9 0 8 
3 5 15 2 14 11 4 0 16 9 10 8 1 12 6 7 
8 12 13 0 11 4 3 7 9 5 10 16 6 1 2 15 
14 12 4 13 9 8 0 10 11 6 3 16 7 2 5 1 
6 14 4 0 10 7 1 9 12 3 2 8 15 5 11 13 
