9 14 12 15 8 6 10 13 11 7 1 16 3 2 4 5 
9 6 7 16 4 10 8 11 14 5 15 2 12 3 13 0 
0 12 4 8 3 1 9 13 14 15 5 11 7 10 16 6 
12 5 6 7 11 4 14 1 9 13 15 16 0 2 10 8 
12 7 10 5 9 11 0 13 16 3 15 2 8 6 14 1 
8 12 4 9 0 6 15 3 2 10 16 14 13 11 7 1 
10 1 16 3 8 0 11 15 9 4 7 5 14 2 13 12 
6 12 16 2 0 5 1 14 10 4 15 13 8 11 3 9 
16 4 5 1 6 0 9 11 15 3 12 10 2 14 13 7 
5 13 6 2 3 10 0 1 16 4 12 11 7 15 8 14 
1 4 6 15 5 11 12 13 0 14 3 16 7 9 8 2 
0 2 16 5 8 15 1 13 10 14 9 7 3 6 4 12 
16 11 8 13 2 9 14 1 3 5 10 6 7 4 0 15 
15 4 16 3 10 9 5 2 6 14 12 11 7 0 1 8 
5 8 3 16 11 10 2 6 7 4 13 0 1 15 9 12 
9 8 16 5 12 2 0 10 14 11 3 7 4 6 1 13 
0 14 6 10 1 12 4 2 8 15 11 5 9 3 7 13 
