13 5 12 8 7 11 15 1 14 16 6 10 2 4 3 9 
6 7 10 14 5 11 12 4 2 16 13 0 9 3 8 15 
4 6 13 0 7 12 3 16 15 5 8 10 11 9 14 1 
7 2 5 0 15 14 8 4 11 13 9 6 10 16 1 12 
13 12 7 8 15 11 5 1 10 16 9 0 6 2 14 3 
4 13 1 15 10 8 11 14 6 3 0 12 16 2 9 7 
1 0 11 9 16 2 4 5 10 15 12 14 7 3 8 13 
0 4 15 2 6 8 3 16 5 10 12 11 9 13 1 14 
9 14 11 13 0 15 12 3 10 16 4 7 6 5 2 1 
14 10 4 6 11 3 1 13 8 5 15 0 16 7 2 12 
2 6 12 11 4 7 9 13 1 5 3 16 14 8 15 0 
15 12 10 0 1 9 2 8 13 14 5 3 7 4 16 6 
1 6 15 2 4 0 5 16 8 3 13 11 7 10 9 14 
0 14 16 3 2 4 10 12 6 9 15 5 11 1 7 8 
4 16 8 10 11 1 12 7 3 6 0 5 13 9 2 15 
2 3 8 13 9 16 14 12 0 11 7 6 4 1 5 10 
10 8 0 9 2 5 13 11 3 15 6 1 12 4 14 7 
