13 3 5 9 6 16 14 8 10 12 11 7 1 4 2 15 
0 12 16 11 14 6 4 13 8 7 3 15 5 9 2 10 
6 14 4 13 11 3 9 8 12 16 10 0 5 1 15 7 
10 9 1 14 5 4 15 13 2 7 16 11 6 12 0 8 
16 13 15 7 2 0 8 5 6 12 14 1 11 9 10 3 
6 1 7 15 2 12 11 10 9 4 13 3 8 14 0 16 
13 4 16 14 10 7 2 15 0 12 5 1 3 11 8 9 
16 4 1 6 2 5 0 13 8 3 15 9 12 14 10 11 
15 5 3 0 1 7 9 11 10 12 14 16 4 13 2 6 
0 11 7 15 1 16 12 10 4 3 2 8 6 14 5 13 
15 6 13 4 5 12 9 11 3 8 0 2 16 7 14 1 
1 10 4 7 9 13 3 16 5 0 14 12 6 8 15 2 
4 15 6 1 2 10 7 14 16 8 0 13 9 3 5 11 
0 11 1 14 16 4 5 15 7 3 8 12 6 9 2 10 
15 1 4 9 7 2 10 8 6 5 0 13 12 11 3 16 
1 9 2 12 3 7 4 0 10 11 8 16 13 14 5 6 
12 3 15 2 7 1 4 11 5 6 8 9 10 14 0 13 
