6 13 14 1 9 15 16 3 4 7 5 12 8 2 10 11 
6 12 0 11 4 8 10 2 15 3 13 7 9 16 14 5 
5 1 10 16 6 7 13 15 4 8 14 9 3 11 0 12 
7 1 5 11 12 16 4 10 9 6 15 13 2 8 0 14 
10 0 15 12 5 1 11 6 9 8 7 14 2 13 3 16 
13 9 6 12 11 7 4 3 1 14 8 10 16 0 15 2 
5 10 1 15 2 11 13 8 9 3 12 4 0 14 7 16 
9 16 10 5 13 3 12 2 11 0 6 1 14 15 8 4 
4 11 5 12 13 9 15 2 10 3 1 6 16 14 7 0 
6 11 5 3 10 16 2 15 12 13 14 1 0 7 8 4 
8 5 15 3 6 14 0 13 2 11 7 16 9 1 12 4 
5 9 2 10 14 4 7 15 13 8 16 12 0 1 3 6 
15 9 0 5 4 16 1 6 10 3 2 8 14 13 7 11 
14 3 4 9 0 6 2 15 12 7 16 8 11 10 1 5 
16 2 12 0 10 1 4 13 6 11 8 5 7 3 15 9 
3 6 5 13 1 11 0 16 12 7 8 9 4 10 14 2 
1 10 3 11 14 9 2 15 0 8 6 7 13 5 12 4 
