8 15 16 9 3 10 1 14 2 4 13 6 5 11 7 12 
10 2 7 4 6 5 0 13 9 8 11 16 12 15 14 3 
10 13 8 15 4 3 9 14 7 6 16 12 0 11 5 1 
8 6 5 1 4 2 10 0 15 11 13 12 16 9 7 14 
14 12 13 0 7 9 10 6 11 15 5 1 8 2 16 3 
13 2 9 7 6 0 16 3 4 15 1 14 11 10 8 12 
12 3 2 9 15 10 11 13 14 8 4 5 7 1 16 0 
14 15 16 8 5 0 2 12 13 11 1 10 4 6 9 3 
2 1 16 3 4 11 7 12 15 5 13 0 6 10 14 9 
11 7 3 0 5 10 15 2 14 8 6 12 1 16 13 4 
16 4 11 2 3 5 9 1 0 8 15 14 6 12 13 7 
9 14 5 2 4 1 3 12 6 0 15 16 7 13 10 8 
4 3 15 2 6 7 5 1 9 8 10 0 13 14 16 11 
7 1 2 0 14 10 12 5 15 9 4 8 6 11 3 16 
6 3 5 7 13 9 12 1 11 10 8 0 4 16 15 2 
8 4 0 1 10 9 16 12 11 14 6 2 7 5 3 13 
11 5 2 4 12 9 0 15 10 1 3 6 13 8 14 7 
