13 14 6 16 1 15 3 9 4 5 7 12 8 2 10 11 
8 6 12 0 11 2 10 16 3 5 15 7 14 4 9 13 
8 5 16 1 13 15 6 7 10 9 14 4 3 0 12 11 
5 1 14 7 10 4 12 16 6 13 9 15 2 0 11 8 
12 8 0 10 11 1 6 5 9 15 7 14 2 13 3 16 
8 16 9 6 13 11 4 3 10 12 14 1 7 0 2 15 
5 9 1 10 11 13 2 8 12 4 3 16 0 14 15 7 
10 5 1 8 13 3 12 2 16 0 11 6 14 9 4 15 
12 3 4 11 7 2 13 9 10 1 5 6 14 16 15 0 
5 10 11 6 3 16 2 15 13 12 1 14 0 4 8 7 
0 12 15 6 9 13 5 3 2 7 11 16 8 4 1 14 
2 9 5 1 14 4 15 7 16 8 13 12 6 0 10 3 
15 1 11 0 4 16 6 9 8 2 10 3 5 13 14 7 
3 4 14 9 0 6 15 2 16 12 7 8 11 5 1 10 
12 0 15 2 4 1 9 13 11 8 6 5 7 10 3 16 
5 13 3 14 16 11 2 0 7 9 4 12 6 8 1 10 
1 3 11 10 8 14 15 2 6 0 9 7 5 4 13 12 
