8 10 9 14 12 13 6 11 5 16 2 15 7 3 4 1 
6 12 15 4 10 5 13 0 11 14 9 7 8 2 3 16 
16 5 4 12 9 0 10 15 7 6 13 3 11 8 1 14 
6 16 10 11 1 15 13 8 12 2 4 9 0 7 5 14 
10 16 15 7 9 1 2 11 14 12 5 6 8 3 0 13 
13 15 12 1 14 10 3 4 7 2 8 11 16 6 9 0 
4 5 9 11 8 10 2 15 0 12 1 3 16 14 7 13 
11 12 3 16 4 5 1 10 8 6 13 9 0 14 15 2 
7 10 2 12 4 13 15 14 9 1 16 3 5 0 6 11 
11 0 8 15 12 7 10 13 5 4 16 3 2 14 1 6 
8 9 14 12 4 1 16 0 5 13 2 7 11 3 15 6 
6 4 8 10 13 9 2 5 1 7 0 12 15 14 16 3 
11 1 10 13 15 5 3 8 2 4 6 7 16 14 9 0 
10 16 7 11 1 5 6 8 15 3 9 4 12 2 0 14 
6 3 10 0 5 15 11 12 9 4 8 7 13 1 16 2 
7 13 9 3 10 5 1 14 11 2 4 0 12 8 16 6 
3 10 12 2 5 8 7 0 1 6 15 9 14 11 13 4 
