3 1 12 15 5 16 14 6 9 13 4 8 10 11 7 2 
8 4 5 13 3 16 15 2 6 9 12 0 11 14 10 7 
5 11 0 13 6 3 1 14 15 4 10 9 16 12 7 8 
4 16 1 14 13 2 6 10 12 8 15 11 9 0 7 5 
11 0 3 5 13 1 15 7 12 14 9 2 10 16 8 6 
0 4 2 7 9 6 11 12 16 13 1 10 8 14 3 15 
16 12 13 8 14 15 0 7 10 2 5 1 9 11 3 4 
0 16 1 14 11 9 2 13 10 4 3 12 5 15 8 6 
4 6 2 0 10 5 16 11 14 15 9 7 1 13 12 3 
0 2 3 16 12 14 13 4 6 11 15 5 8 1 10 7 
2 14 12 11 6 7 3 13 1 8 9 0 16 4 5 15 
9 10 16 3 14 13 15 2 0 4 6 1 7 8 12 5 
9 1 16 11 14 10 8 0 5 4 2 15 13 3 7 6 
6 11 1 15 5 14 9 10 16 4 12 7 3 8 0 2 
7 6 16 9 11 4 8 3 5 12 1 2 10 15 0 13 
8 2 9 1 11 16 13 0 7 3 5 14 12 10 6 4 
2 14 6 8 13 9 3 5 15 10 12 0 11 7 1 4 
