10 12 11 7 2 9 5 3 13 8 16 1 14 6 4 15 
11 5 15 6 10 2 7 8 16 0 14 9 12 13 4 3 
10 4 14 1 12 5 6 8 7 9 13 0 11 15 16 3 
10 11 13 15 4 5 14 1 7 8 9 6 12 2 0 16 
3 10 2 15 9 14 11 12 0 8 1 6 5 16 13 7 
11 1 6 0 15 7 9 12 2 10 4 8 13 14 3 16 
16 9 8 12 7 1 13 4 10 11 3 0 14 5 15 2 
11 8 1 14 12 5 0 13 4 15 9 10 2 6 16 3 
3 4 13 0 16 10 12 6 15 9 1 14 7 5 2 11 
0 2 11 4 12 13 14 6 3 15 7 8 10 5 1 16 
16 8 4 11 5 0 6 15 12 7 14 3 1 13 2 9 
4 6 16 3 13 9 5 10 1 12 2 15 14 0 7 8 
10 11 6 14 15 8 0 13 16 2 9 4 7 1 5 3 
3 11 12 1 16 10 0 15 9 4 8 5 14 7 2 6 
3 10 12 8 11 0 5 9 4 2 6 13 7 15 16 1 
9 10 13 6 8 3 14 5 0 2 12 1 7 16 11 4 
10 0 7 14 4 12 5 15 13 8 11 2 3 6 1 9 
