4 2 12 14 1 15 10 8 6 7 3 16 11 13 5 9 
15 12 11 8 4 14 7 9 2 6 3 16 10 5 0 13 
1 8 9 12 14 0 11 4 6 13 3 16 15 7 5 10 
13 6 15 16 10 1 2 7 8 12 4 14 9 11 5 0 
9 11 14 5 10 8 15 3 0 7 2 16 1 12 6 13 
14 9 7 0 2 3 4 11 6 13 12 15 16 10 1 8 
16 15 7 8 9 12 14 10 0 11 4 3 1 13 2 5 
6 4 12 13 1 0 10 9 8 5 14 11 16 3 15 2 
9 6 12 13 5 10 14 1 3 4 11 0 16 7 15 2 
5 4 15 2 7 11 3 16 8 12 14 13 6 10 0 1 
2 0 6 9 5 11 7 14 1 12 4 8 13 15 16 3 
6 4 1 14 2 3 7 12 15 8 16 5 9 10 13 0 
16 5 15 13 2 1 3 6 7 10 4 11 0 8 9 14 
5 3 15 2 11 14 4 0 9 10 8 16 1 7 6 12 
8 12 0 13 11 4 3 7 5 10 16 9 6 1 15 2 
4 12 13 14 0 9 8 10 11 6 16 3 2 7 5 1 
0 4 10 14 9 6 7 1 3 12 2 8 15 5 11 13 
