15 12 7 3 4 11 14 1 16 8 9 5 10 6 2 13 
0 14 15 2 3 12 5 11 13 6 4 10 8 16 9 7 
9 6 16 5 7 14 10 8 4 11 3 12 15 1 0 13 
14 0 15 2 4 16 13 12 7 5 1 11 10 8 9 6 
2 16 9 10 8 13 1 6 5 11 3 0 12 15 14 7 
10 3 13 6 4 15 16 1 2 0 12 11 9 14 8 7 
8 0 1 14 15 4 16 3 13 10 5 11 12 9 2 7 
14 0 2 11 1 13 10 12 6 16 9 8 3 4 15 5 
6 5 16 12 1 7 10 15 0 2 14 9 4 11 13 3 
15 0 1 14 5 3 11 4 16 8 13 12 6 10 2 7 
6 1 11 4 9 7 12 2 15 14 3 5 0 13 8 16 
16 6 5 9 13 12 3 10 8 2 14 0 1 7 15 4 
4 0 3 15 5 7 6 13 16 10 9 8 11 2 1 14 
2 9 14 0 15 4 6 3 8 7 1 10 5 11 12 16 
12 5 7 16 3 10 1 4 11 0 15 2 8 6 9 13 
5 11 3 12 7 16 9 6 14 2 4 0 13 1 10 8 
3 6 1 13 14 8 9 10 7 2 12 5 0 4 11 15 
