11 10 16 3 12 4 1 2 6 14 8 7 15 9 5 13 
7 11 13 3 2 6 9 0 15 8 16 4 12 10 14 5 
7 14 10 15 8 12 6 3 1 16 13 0 5 9 11 4 
4 7 0 13 10 8 6 5 9 16 2 14 11 15 1 12 
13 12 15 3 9 1 10 16 6 8 11 2 5 7 14 0 
12 2 16 13 7 4 3 9 15 6 14 1 10 8 0 11 
2 11 8 14 1 5 4 13 10 3 9 0 15 16 12 7 
12 11 10 13 5 2 0 8 9 3 14 1 6 4 15 16 
5 3 15 2 9 11 4 6 7 12 0 16 13 10 1 14 
15 7 11 6 12 8 0 13 1 4 2 10 14 5 3 16 
13 7 14 4 9 12 5 8 1 15 0 11 6 2 3 16 
6 13 10 5 14 3 4 15 0 8 16 1 12 2 7 9 
10 7 15 2 6 14 13 0 4 8 3 1 9 16 11 5 
16 6 10 9 14 12 4 11 8 1 7 3 0 5 2 15 
7 11 1 2 10 0 16 4 9 13 8 15 12 3 5 6 
12 6 4 0 13 3 2 10 9 1 7 5 14 8 16 11 
3 11 2 13 9 14 0 12 6 1 7 5 8 4 10 15 
