12 7 14 1 4 3 9 15 6 10 8 2 13 5 11 16 
4 15 7 9 10 0 12 2 6 13 16 8 3 5 14 11 
9 10 12 6 15 4 7 0 11 8 14 1 5 13 3 16 
1 9 2 15 12 4 11 16 13 6 14 8 0 5 10 7 
5 10 6 0 8 1 15 7 14 12 16 3 13 11 2 9 
11 12 15 14 13 6 8 10 4 1 2 0 9 7 16 3 
5 10 13 9 3 14 15 4 12 2 16 1 8 0 7 11 
16 0 6 5 8 10 12 14 1 13 4 9 11 3 15 2 
10 5 3 16 13 15 1 4 6 2 9 0 12 11 14 7 
10 2 0 6 4 5 16 3 7 8 14 1 13 11 12 15 
15 9 7 3 11 12 1 14 0 8 6 2 16 5 4 13 
15 3 14 1 10 12 13 9 0 8 6 7 5 2 4 16 
16 1 4 5 10 3 6 13 2 0 8 7 14 11 9 15 
16 4 5 6 9 0 1 10 8 14 11 2 7 3 15 12 
8 10 7 0 5 9 6 16 11 13 3 15 1 2 4 12 
0 6 8 4 16 7 1 14 3 2 12 9 5 11 10 13 
0 1 15 7 6 5 14 8 9 13 4 10 11 12 3 2 
