8 6 2 15 13 9 10 5 4 7 1 11 12 14 3 16 
7 9 16 3 12 13 11 8 10 2 0 6 14 4 5 15 
10 13 4 1 6 14 9 8 7 5 15 12 11 0 16 3 
7 8 5 12 16 4 2 10 14 9 6 11 1 15 0 13 
15 7 16 12 1 11 0 8 14 3 2 10 5 6 13 9 
2 4 13 0 14 11 7 10 16 12 6 1 15 3 9 8 
2 12 14 1 11 5 15 0 10 16 4 9 8 3 13 7 
10 12 5 2 16 13 11 8 1 15 4 0 14 9 3 6 
7 10 15 14 5 2 16 1 3 6 11 13 4 12 0 9 
8 16 14 5 4 6 12 11 10 15 3 1 2 7 13 0 
7 2 14 11 13 12 4 15 8 9 3 0 5 16 1 6 
12 2 1 9 4 8 0 10 14 15 6 16 7 13 5 3 
0 7 15 10 2 13 6 3 5 4 1 14 9 11 8 16 
16 15 6 0 11 12 1 14 5 3 8 10 9 2 7 4 
1 13 7 15 2 11 3 16 10 12 8 9 5 6 4 0 
4 8 6 7 12 3 14 0 2 9 11 5 1 16 10 13 
6 10 12 13 11 5 3 15 2 14 8 4 9 7 1 0 
