2 6 14 1 16 3 9 15 5 4 7 12 10 13 11 8 
12 6 11 0 10 4 8 2 7 13 9 3 5 14 16 15 
16 5 10 1 6 7 13 15 14 9 8 4 12 3 0 11 
8 6 5 11 10 12 4 16 1 7 9 15 14 2 13 0 
10 15 0 12 1 11 9 6 7 13 5 14 8 2 16 3 
2 12 9 6 4 11 7 3 10 13 14 8 16 0 15 1 
5 10 1 15 8 11 2 7 12 3 4 9 14 16 0 13 
5 16 10 9 2 12 13 3 11 6 1 0 8 15 4 14 
4 5 11 12 9 13 15 2 1 7 3 10 0 14 16 6 
3 6 11 5 16 10 2 15 12 14 4 13 7 8 1 0 
15 3 8 5 6 14 13 0 16 12 7 11 1 9 4 2 
5 2 9 10 15 7 4 14 8 13 3 16 0 6 12 1 
7 5 0 15 16 4 1 6 3 2 10 8 11 14 9 13 
3 9 4 14 6 0 2 15 8 12 7 16 10 5 11 1 
8 12 16 0 10 1 4 13 5 2 6 11 9 15 7 3 
5 6 13 3 11 16 0 1 9 7 12 8 4 2 14 10 
10 1 11 3 9 14 15 2 0 8 7 6 5 4 13 12 
