11 7 9 6 3 12 2 5 15 10 16 13 8 4 14 1 
2 10 16 3 15 0 14 9 4 12 7 8 6 11 13 5 
8 13 10 6 5 15 9 11 12 0 16 3 4 7 1 14 
11 0 15 14 12 9 1 16 13 10 7 6 5 2 8 4 
8 15 5 14 13 10 9 6 2 7 1 3 16 0 11 12 
14 4 9 15 2 1 16 12 6 8 11 0 7 13 3 10 
3 2 10 7 14 11 15 4 9 8 1 5 16 12 13 0 
0 15 3 16 13 12 4 1 14 10 2 8 11 6 9 5 
0 3 15 9 6 5 11 13 2 1 10 16 4 12 14 7 
13 15 11 14 10 7 16 6 2 5 1 8 12 3 4 0 
11 3 13 6 12 0 8 2 1 9 5 7 16 15 14 4 
14 8 4 15 12 0 3 16 2 9 10 5 7 6 1 13 
11 0 6 8 14 4 5 15 2 9 1 13 10 7 3 16 
12 11 6 3 1 9 2 7 10 4 8 14 15 16 0 5 
1 9 2 10 16 5 11 15 13 4 3 7 8 0 6 12 
6 9 7 16 0 10 4 8 5 3 2 1 14 13 12 11 
9 4 15 3 7 5 1 2 10 8 14 6 12 11 0 13 
