16 14 6 13 9 1 15 3 5 12 4 7 11 8 10 2 
12 0 8 6 10 2 16 11 3 15 7 5 14 4 9 13 
8 16 5 1 7 15 13 6 10 4 14 9 11 3 0 12 
5 7 1 14 16 12 4 10 13 15 6 9 0 11 8 2 
10 0 8 12 6 11 5 1 14 7 15 9 13 2 16 3 
9 8 6 16 4 13 11 3 10 12 1 14 7 0 15 2 
10 1 5 9 11 2 8 13 12 4 16 3 14 15 0 7 
5 10 8 1 3 2 13 12 0 16 6 11 4 9 14 15 
3 12 4 11 13 2 9 7 1 10 6 5 15 0 16 14 
10 0 11 5 3 16 15 2 12 13 1 14 6 4 7 8 
12 15 6 0 9 13 5 3 16 2 11 7 4 8 14 1 
8 1 9 2 15 14 7 4 5 12 16 13 3 0 6 10 
15 1 0 11 6 16 4 9 8 10 2 3 7 14 5 13 
3 14 9 4 6 0 15 2 7 16 8 12 5 11 10 1 
0 12 2 15 1 9 13 4 8 11 6 5 10 7 3 16 
3 13 14 5 11 2 0 16 9 4 7 12 8 1 6 10 
3 11 10 1 8 14 15 2 7 9 6 0 4 5 13 12 
