10 15 3 13 9 6 12 1 5 16 7 8 11 14 4 2 
9 4 0 5 11 6 3 15 8 14 10 2 7 13 12 16 
1 15 11 8 12 13 7 16 9 6 0 4 3 14 5 10 
14 10 2 8 0 12 5 16 11 1 9 4 7 6 15 13 
9 13 10 3 2 0 16 7 5 14 11 8 6 12 1 15 
14 11 16 13 4 9 6 10 7 15 3 8 0 1 12 2 
14 10 15 8 5 0 3 16 9 1 2 11 7 4 12 13 
3 0 15 1 5 2 8 16 13 10 12 14 4 6 9 11 
11 1 15 2 5 9 0 4 14 10 13 16 12 7 3 6 
11 6 1 14 12 2 0 4 7 16 15 13 10 5 8 3 
16 3 0 12 6 7 9 4 14 13 2 15 5 8 11 1 
10 0 9 5 12 8 16 2 4 7 3 13 15 6 14 1 
6 0 16 3 11 2 8 1 4 13 7 15 9 5 10 14 
7 5 3 0 4 2 11 8 10 15 12 9 16 6 14 1 
2 5 13 16 15 8 1 11 12 9 10 7 3 4 0 6 
13 7 9 4 3 6 12 0 2 1 8 16 14 10 11 5 
5 10 4 9 0 6 3 12 2 11 1 8 13 7 14 15 
