2 4 3 6 9 13 1 14 12 7 15 16 10 8 11 5 
8 3 12 0 4 15 10 5 11 7 6 9 14 2 13 16 
6 15 5 10 13 7 12 16 8 4 3 9 11 0 1 14 
4 16 8 6 5 12 10 11 15 1 9 7 2 14 13 0 
3 2 1 5 9 10 6 14 13 11 7 12 15 0 8 16 
0 1 6 2 11 7 3 16 10 13 9 14 12 15 4 8 
12 10 0 8 5 7 4 11 2 13 3 9 15 16 1 14 
10 9 1 5 13 2 12 3 6 16 0 11 4 8 14 15 
16 7 11 12 9 15 13 0 4 5 14 1 2 3 10 6 
5 8 1 15 14 16 10 7 2 4 12 6 3 11 0 13 
3 5 0 1 8 13 14 2 16 11 12 15 7 9 4 6 
0 6 10 9 4 14 15 2 12 16 13 8 1 7 3 5 
5 0 4 1 7 13 16 3 8 6 11 15 9 14 10 2 
7 6 16 3 5 0 15 2 11 10 12 9 4 8 14 1 
0 3 8 2 4 10 9 1 12 16 11 6 15 13 5 7 
5 3 2 8 4 0 1 16 12 7 13 14 11 9 6 10 
3 11 1 10 14 8 0 2 7 9 12 13 5 4 6 15 
