11 8 12 10 2 5 1 16 3 13 6 4 14 7 9 15 
16 8 6 12 13 4 9 10 11 7 0 2 3 5 15 14 
8 12 1 3 15 0 14 4 13 5 11 9 6 10 16 7 
16 9 5 10 11 4 14 13 6 0 15 2 12 7 1 8 
6 12 2 15 5 7 8 13 16 9 1 11 0 3 10 14 
3 4 7 2 6 9 14 1 10 11 8 15 12 16 13 0 
1 11 16 3 8 2 9 13 14 7 12 10 5 15 4 0 
4 6 16 8 12 3 9 0 2 5 11 14 15 13 1 10 
10 16 14 2 13 15 3 12 1 7 9 0 6 11 5 4 
5 7 6 0 11 15 3 16 12 4 1 14 2 10 13 8 
6 11 0 13 14 5 16 12 15 8 4 9 1 2 3 7 
6 13 1 14 9 16 15 2 8 0 3 5 7 12 4 10 
8 5 15 1 14 16 0 13 9 3 4 2 7 10 6 11 
15 7 16 4 9 5 6 12 3 8 14 11 1 0 10 2 
0 16 8 4 1 7 11 15 13 2 5 12 3 6 10 9 
13 7 3 16 1 5 10 4 12 9 0 11 14 6 2 8 
7 9 14 8 2 11 4 12 6 15 13 1 10 0 5 3 
