13 2 11 6 1 7 4 10 16 15 14 12 5 3 9 8 
13 9 16 2 10 8 15 11 5 3 4 14 0 12 7 6 
3 0 6 14 13 1 15 4 11 7 5 9 8 16 12 10 
6 2 1 7 10 12 0 13 5 14 16 15 11 4 9 8 
1 9 15 6 11 7 16 3 2 8 13 12 5 0 10 14 
1 10 12 15 6 3 7 13 2 0 11 16 14 8 4 9 
16 0 12 9 5 11 4 1 3 10 13 14 8 7 15 2 
3 9 12 10 14 11 13 16 6 4 0 15 1 2 8 5 
2 10 4 6 11 5 13 12 15 7 16 3 0 9 14 1 
8 16 14 6 7 0 2 10 13 5 12 1 11 4 15 3 
11 2 1 14 4 5 12 7 8 15 0 13 6 9 3 16 
9 8 3 12 10 5 6 13 0 14 15 2 4 16 7 1 
16 5 15 2 0 1 3 11 8 7 14 13 9 6 4 10 
6 16 5 4 9 15 10 7 2 14 11 12 0 3 1 8 
4 2 3 13 15 6 12 11 16 8 1 10 0 7 5 9 
8 9 6 11 16 4 0 13 12 7 14 1 2 10 3 5 
14 10 11 7 15 6 9 13 1 3 12 2 0 8 4 5 
