4 8 13 7 15 3 10 9 1 16 6 2 11 5 14 12 
0 9 7 12 8 5 6 3 11 15 16 4 10 2 13 14 
15 12 3 16 9 5 13 4 7 11 14 6 10 1 8 0 
7 16 1 14 5 8 11 4 15 10 6 0 13 12 9 2 
8 6 9 15 2 16 11 10 7 1 0 5 12 14 13 3 
4 10 3 1 15 13 7 8 16 0 2 9 6 11 12 14 
7 4 10 2 11 3 5 15 0 8 16 12 9 13 14 1 
6 15 1 13 5 9 14 8 2 10 12 11 0 4 16 3 
7 10 15 14 3 2 0 1 5 16 13 12 9 4 6 11 
8 0 14 5 7 12 15 2 11 3 13 1 4 16 10 6 
2 6 0 5 14 9 3 4 15 8 1 12 13 11 16 7 
12 10 0 13 6 7 16 9 5 4 15 2 8 3 14 1 
8 11 3 9 14 16 2 15 7 10 5 1 6 4 13 0 
14 4 15 0 10 8 11 2 16 1 5 9 7 3 12 6 
5 10 16 13 8 1 12 6 7 3 4 2 15 0 9 11 
4 8 14 16 1 2 9 13 5 12 6 10 3 7 11 0 
15 12 1 4 11 9 0 13 7 5 8 10 6 2 3 14 
