4 6 16 15 8 9 11 1 2 14 5 12 7 13 3 10 
5 8 7 2 11 9 12 4 14 16 10 13 3 0 6 15 
8 4 9 10 16 7 15 0 13 12 14 1 3 5 11 6 
5 12 7 9 14 4 0 10 6 13 11 8 16 1 2 15 
15 14 8 11 1 2 0 13 9 12 3 6 7 16 10 5 
3 9 0 13 4 8 11 16 12 6 2 15 7 10 1 14 
13 5 15 1 9 10 3 16 14 11 2 4 12 7 8 0 
0 16 14 6 4 8 3 10 5 12 15 1 9 2 13 11 
1 5 10 15 6 11 14 7 2 12 3 4 9 16 13 0 
15 3 14 5 13 10 6 8 0 11 7 1 4 12 2 16 
0 14 2 9 12 6 8 16 7 15 11 1 5 4 3 13 
4 5 9 6 3 14 8 15 16 13 7 12 0 2 1 10 
7 4 13 15 8 9 14 1 10 2 6 0 11 5 3 16 
9 16 5 14 10 12 11 15 4 0 1 8 2 6 7 3 
8 1 2 16 5 0 15 9 12 10 6 13 7 3 11 4 
12 11 10 0 1 4 3 16 7 6 9 14 2 5 13 8 
13 4 15 14 12 0 3 8 6 11 5 10 1 2 9 7 
