12 11 1 14 5 8 13 9 15 10 7 16 2 3 4 6 
12 8 4 11 5 9 13 14 7 6 3 15 10 0 16 2 
11 15 9 0 13 14 16 3 7 10 8 1 12 5 6 4 
9 16 6 15 10 7 0 13 5 4 14 1 8 12 11 2 
6 0 5 3 7 16 2 15 8 13 1 14 11 9 10 12 
7 14 4 11 12 3 6 13 1 0 15 9 16 10 2 8 
2 10 11 13 3 7 14 9 0 12 5 8 16 15 4 1 
12 16 6 1 0 14 15 2 5 3 9 11 4 13 10 8 
15 9 13 4 12 0 10 3 6 5 11 16 7 2 1 14 
16 1 7 4 11 6 13 0 10 2 12 5 8 3 15 14 
0 9 12 1 5 8 7 2 13 6 15 14 4 11 3 16 
13 8 14 16 1 9 3 2 0 7 6 4 10 5 12 15 
6 13 7 8 11 9 15 2 14 5 4 10 1 0 16 3 
11 15 8 5 0 7 12 16 6 2 14 1 9 3 10 4 
16 9 4 8 3 12 2 5 11 7 0 13 10 6 1 15 
10 14 0 4 11 3 8 6 2 1 13 5 7 12 9 16 
11 1 3 7 10 9 6 14 2 5 0 4 12 15 13 8 
