11 10 7 1 9 15 14 3 12 5 13 6 8 16 2 4 
0 2 7 16 5 6 4 8 14 9 11 3 15 13 10 12 
7 12 8 14 16 10 5 13 4 15 6 11 0 3 1 9 
16 5 4 12 2 1 0 10 14 9 6 15 7 11 13 8 
11 3 7 0 8 6 14 15 2 13 10 5 9 12 1 16 
12 2 10 9 8 13 15 14 3 11 6 4 0 1 7 16 
0 8 7 11 3 13 10 5 1 2 9 16 4 12 14 15 
11 3 6 4 12 9 15 14 5 8 10 13 1 0 16 2 
6 9 7 3 4 2 5 10 16 13 1 15 0 14 11 12 
0 10 5 12 2 16 1 14 4 15 6 11 8 3 13 7 
16 5 2 15 6 4 11 7 9 1 0 13 3 14 12 8 
8 1 13 10 12 14 2 9 5 4 3 6 16 15 0 7 
3 14 15 5 10 2 9 13 0 16 1 4 8 7 11 6 
6 4 11 0 8 9 5 7 2 12 1 10 15 14 3 16 
6 5 12 4 3 9 2 15 11 7 0 16 10 13 8 1 
1 16 0 11 13 3 7 5 6 8 4 10 2 14 12 9 
11 4 5 3 8 14 2 9 7 1 13 0 15 6 10 12 
