10 13 12 5 1 6 8 4 14 16 7 15 9 2 3 11 
7 14 10 6 4 12 11 5 2 16 0 13 15 8 9 3 
12 4 16 13 3 7 6 0 15 8 1 10 5 9 11 14 
7 5 9 0 15 14 8 4 13 2 6 11 16 10 12 1 
8 12 7 13 10 11 5 1 0 16 9 15 14 3 2 6 
15 1 13 11 14 8 10 4 12 3 6 7 16 9 2 0 
1 9 11 0 5 2 4 16 12 3 14 10 15 8 7 13 
12 0 2 15 16 6 1 8 3 5 4 11 13 14 9 10 
0 11 1 14 12 9 3 15 16 7 4 10 5 13 2 6 
6 11 7 10 12 13 14 1 0 8 15 5 4 2 3 16 
11 16 12 6 9 5 4 13 7 2 14 1 15 8 0 3 
4 0 10 14 8 6 7 12 2 5 16 3 13 15 1 9 
1 6 15 2 8 4 7 16 10 11 0 3 5 13 9 14 
12 0 16 3 1 2 10 11 9 6 15 5 4 7 14 8 
8 15 11 13 16 9 7 1 6 5 3 0 10 12 4 2 
2 8 13 3 12 9 1 14 4 6 0 11 10 5 16 7 
0 1 8 6 2 14 13 11 15 3 10 9 12 7 4 5 
