12 10 13 5 4 1 8 6 16 7 15 14 3 11 9 2 
0 7 10 6 5 11 12 4 14 2 16 13 9 3 8 15 
13 16 4 12 3 7 0 6 8 1 15 10 11 14 9 5 
5 0 7 9 8 14 12 4 11 2 13 1 6 10 16 15 
8 13 12 7 10 11 5 1 0 16 9 15 3 2 6 14 
13 15 11 7 14 8 3 4 1 10 12 6 16 0 9 2 
11 1 0 13 16 5 4 2 12 3 10 14 15 7 9 8 
12 0 15 2 8 16 6 1 4 3 13 11 9 5 14 10 
11 0 14 1 3 9 12 15 10 16 4 7 2 6 13 5 
11 7 10 6 13 12 14 1 15 8 0 5 4 2 3 16 
6 12 16 11 9 4 5 13 7 2 1 14 15 3 8 0 
10 0 14 4 7 16 6 12 5 3 8 2 9 15 1 13 
1 6 15 2 7 8 4 16 3 10 11 0 5 14 13 9 
0 12 16 3 2 5 1 11 4 9 15 6 14 10 7 8 
13 15 11 8 7 9 12 1 5 3 0 6 10 4 2 16 
3 8 13 2 9 12 1 14 4 0 11 6 7 10 5 16 
0 6 1 8 7 2 14 13 15 9 10 3 12 11 5 4 
