12 6 8 15 13 10 2 9 11 4 7 1 5 14 3 16 
15 9 5 7 16 10 11 13 8 12 2 0 3 6 14 4 
6 10 1 8 9 15 13 14 7 4 16 0 12 11 3 5 
12 2 13 4 5 14 10 7 16 6 11 0 15 1 9 8 
7 14 15 12 1 8 0 11 9 10 3 16 5 2 13 6 
4 14 8 2 0 10 7 11 12 9 16 6 13 1 15 3 
2 16 8 9 11 0 15 5 4 10 1 14 3 7 13 12 
12 10 2 5 11 8 16 9 15 3 1 4 14 6 0 13 
10 12 15 2 5 16 14 1 6 3 11 7 4 9 0 13 
4 11 14 2 5 8 3 16 13 7 1 6 12 15 0 10 
11 6 2 15 14 13 5 8 3 4 12 7 0 9 16 1 
9 4 7 8 3 14 0 2 12 6 15 16 10 13 1 5 
7 15 0 14 16 4 2 5 10 6 9 1 11 13 3 8 
0 5 6 9 12 14 1 11 15 8 3 10 7 2 16 4 
11 15 13 16 7 2 9 3 5 8 12 1 10 0 6 4 
7 10 3 6 8 0 14 2 9 11 4 5 12 1 16 13 
8 6 4 7 9 3 2 15 14 12 10 11 1 5 0 13 
