13 5 3 14 8 7 9 12 16 2 11 4 1 6 15 10 
5 10 7 12 9 8 15 2 14 6 13 0 4 11 16 3 
10 5 1 14 9 4 12 16 8 15 11 13 0 6 7 3 
2 11 1 14 15 9 16 8 4 6 13 0 5 10 7 12 
16 1 2 15 3 11 0 10 8 9 6 13 14 7 5 12 
9 14 6 12 0 1 8 2 13 3 11 4 16 15 10 7 
1 12 9 4 0 3 11 2 10 13 14 5 16 8 15 7 
15 14 0 11 1 2 8 16 10 6 5 12 13 3 4 9 
12 0 7 5 9 16 2 15 11 13 3 4 10 6 1 14 
5 11 14 1 4 3 10 13 16 6 2 15 8 12 7 0 
8 16 14 1 12 5 6 7 3 0 15 2 9 13 11 4 
14 0 12 2 16 9 4 15 13 6 1 8 5 7 3 10 
4 2 3 13 14 5 11 16 10 1 8 6 15 9 7 0 
1 16 2 8 12 9 15 4 11 14 6 3 0 10 5 7 
1 10 16 2 4 15 11 12 3 13 8 5 0 7 9 6 
9 10 14 4 7 0 12 6 13 11 5 3 2 8 1 16 
0 7 9 1 6 12 2 13 4 3 8 15 11 5 10 14 
