5 12 3 15 1 9 8 16 4 7 14 6 11 10 13 2 
11 9 16 0 13 7 12 8 15 3 10 14 5 2 6 4 
8 1 13 0 12 4 7 6 10 15 3 14 9 16 5 11 
7 5 14 8 9 4 12 16 13 1 2 11 15 0 10 6 
7 13 12 16 10 5 11 1 0 15 8 9 6 2 14 3 
16 6 2 8 15 3 7 14 10 12 13 1 9 0 11 4 
9 11 14 1 5 13 10 2 0 12 16 3 4 8 15 7 
0 6 1 14 5 8 15 2 16 12 4 13 11 10 3 9 
12 15 11 6 1 0 10 7 9 4 16 3 13 14 2 5 
7 10 11 8 12 15 16 3 0 2 14 5 4 1 6 13 
9 16 2 14 13 12 5 3 4 7 6 1 0 8 15 11 
12 8 9 2 16 7 14 0 3 5 4 1 15 6 13 10 
7 15 3 1 14 4 16 8 2 11 6 0 9 5 10 13 
7 9 16 3 5 2 6 8 12 4 11 0 15 10 1 14 
15 8 6 3 13 12 9 1 5 7 0 11 2 16 4 10 
13 3 5 14 16 1 2 0 7 4 9 12 8 10 6 11 
6 11 9 0 10 14 13 2 8 1 3 15 7 4 12 5 
