11 7 4 6 3 15 9 14 13 8 10 5 12 16 1 2 
8 5 7 2 0 6 4 16 3 14 11 9 10 15 13 12 
8 12 14 7 13 10 16 5 6 4 11 15 3 0 1 9 
16 12 9 5 1 0 7 2 6 14 15 4 13 10 8 11 
11 3 0 7 6 14 15 8 13 10 2 1 5 16 9 12 
1 9 2 10 7 8 0 13 3 4 6 11 15 16 12 14 
7 8 11 0 10 13 5 3 16 1 2 9 14 15 12 4 
4 11 3 6 9 8 1 14 12 5 13 10 0 16 2 15 
3 9 6 7 2 10 4 5 16 1 13 15 12 14 0 11 
10 12 0 5 2 16 1 14 4 11 15 6 13 3 7 8 
5 16 15 2 4 6 11 7 9 0 1 14 13 8 3 12 
1 10 8 13 9 12 2 14 3 6 4 5 16 0 15 7 
15 14 3 9 2 5 13 10 4 0 1 16 11 6 7 8 
4 6 11 0 5 16 8 7 10 12 1 2 14 9 3 15 
5 3 4 6 9 12 2 15 16 7 11 10 1 8 13 0 
0 1 16 11 7 13 5 3 8 10 6 4 12 9 14 2 
11 5 6 3 2 8 14 10 7 1 13 0 15 12 4 9 
