10 11 16 3 1 4 12 2 7 8 14 6 15 13 5 9 
3 13 7 11 9 0 2 6 15 16 8 4 10 14 5 12 
7 14 15 10 3 12 6 8 16 1 13 0 9 5 4 11 
7 4 0 13 8 5 6 10 9 2 16 14 11 12 1 15 
13 15 12 3 1 16 9 10 2 8 11 6 7 0 14 5 
12 13 2 16 4 9 7 3 15 6 1 14 0 11 8 10 
8 2 11 14 13 1 5 4 9 10 0 3 15 12 16 7 
13 12 10 11 8 0 5 2 3 9 1 14 6 16 15 4 
3 5 15 2 6 11 4 9 16 7 12 0 13 10 14 1 
6 15 7 11 12 8 0 13 10 1 2 4 5 14 3 16 
13 4 14 7 9 12 8 5 15 0 1 11 2 6 3 16 
10 13 6 5 15 4 3 14 16 1 8 0 2 12 7 9 
2 13 10 7 14 0 6 15 3 8 1 4 9 11 5 16 
6 16 9 10 12 11 4 14 8 3 7 1 0 5 2 15 
1 2 11 7 0 16 4 5 8 13 9 15 6 12 10 3 
4 6 0 12 10 2 3 14 9 7 1 5 11 13 8 16 
3 11 2 13 14 12 9 0 5 6 1 7 10 15 8 4 
