5 3 15 4 8 2 14 16 13 11 9 12 10 6 7 1 
4 12 2 5 8 7 3 14 11 9 6 0 10 16 13 15 
16 15 6 4 3 0 12 10 5 11 1 14 13 8 7 9 
15 11 8 4 16 6 9 10 7 13 12 5 0 2 14 1 
16 1 2 7 14 9 15 12 3 6 0 13 5 11 10 8 
10 6 2 12 1 3 4 7 15 9 16 11 8 14 0 13 
0 8 3 16 12 1 9 2 13 4 7 10 14 5 15 11 
13 14 16 12 4 11 0 3 9 10 15 2 8 1 6 5 
1 6 4 13 15 0 9 5 11 16 12 7 14 2 3 10 
7 5 0 2 12 14 8 16 10 3 4 13 11 15 6 1 
7 15 9 1 2 8 0 13 3 4 12 14 6 16 11 5 
5 0 12 4 1 13 16 3 6 9 14 7 10 8 2 15 
1 11 13 15 0 16 10 14 3 9 2 5 8 7 4 6 
11 9 12 0 2 6 3 4 10 1 16 7 14 5 8 15 
5 2 16 3 11 7 13 15 10 9 4 8 12 0 1 6 
10 4 9 5 0 7 3 16 14 2 11 13 6 1 8 12 
6 5 10 0 2 13 9 4 15 7 12 11 3 8 1 14 
