4 11 14 7 12 15 16 3 9 5 13 1 6 8 2 10 
9 0 16 3 15 7 13 8 12 2 10 4 14 6 11 5 
8 11 12 0 15 10 14 6 7 13 3 1 5 9 4 16 
2 7 5 12 11 4 1 6 14 9 16 15 8 10 13 0 
2 7 16 5 6 3 9 12 11 13 8 1 14 15 10 0 
4 1 0 3 15 9 12 8 6 2 13 16 10 11 14 7 
14 16 0 13 1 11 2 15 7 3 5 12 10 8 4 9 
13 15 5 6 12 9 10 4 16 1 8 0 2 11 14 3 
11 6 16 7 3 15 10 5 9 4 1 14 12 2 0 13 
4 15 12 11 6 14 0 13 5 1 10 3 8 16 7 2 
4 0 2 15 13 5 9 11 7 14 8 3 6 12 16 1 
8 9 3 2 10 13 1 14 12 6 7 0 4 5 16 15 
7 6 15 0 9 2 3 1 11 13 10 16 8 5 14 4 
9 11 12 8 7 2 4 0 5 6 1 14 15 10 16 3 
4 13 5 3 7 11 2 15 0 6 8 9 10 1 16 12 
8 2 6 5 4 14 3 16 1 0 11 12 13 9 7 10 
1 13 15 7 0 11 5 10 6 8 3 4 14 12 9 2 
