10 8 9 14 6 13 11 12 5 16 2 15 3 4 1 7 
12 6 15 4 10 5 0 13 9 11 7 14 8 2 3 16 
5 12 16 4 9 15 10 0 13 7 3 6 8 11 14 1 
16 11 6 10 13 15 1 8 4 12 9 2 0 14 7 5 
15 7 16 10 2 11 9 1 14 12 5 6 8 3 13 0 
12 15 1 13 4 3 14 10 8 2 7 11 16 9 0 6 
9 11 4 5 10 8 2 15 12 0 1 3 13 14 7 16 
11 12 16 3 4 5 1 10 8 9 13 6 14 0 15 2 
12 10 7 2 14 15 4 13 9 1 16 3 11 6 0 5 
11 15 8 0 13 7 12 10 4 5 3 16 2 6 1 14 
8 9 12 14 16 0 4 1 3 13 5 2 7 11 6 15 
10 6 8 4 9 2 13 5 0 1 7 12 15 14 16 3 
1 11 10 13 5 3 8 15 2 6 4 7 9 16 14 0 
11 16 7 10 1 8 6 5 3 15 4 9 14 0 12 2 
0 3 6 10 15 5 11 12 7 4 9 8 2 13 1 16 
13 3 7 9 10 5 1 14 11 2 0 4 12 16 8 6 
3 10 12 2 7 0 5 8 15 6 9 1 11 14 4 13 
