5 10 15 16 13 2 14 7 12 1 4 9 8 6 11 3 
5 7 15 9 16 11 13 0 14 6 3 4 8 10 12 2 
10 7 6 0 12 5 14 1 9 8 13 11 15 4 3 16 
15 6 14 9 11 7 16 5 10 13 4 1 0 8 12 2 
8 10 7 13 1 6 2 16 9 0 5 3 15 11 12 14 
2 6 1 16 4 8 7 15 10 3 12 11 9 14 13 0 
8 9 12 15 1 16 13 5 11 0 7 3 14 4 2 10 
6 5 14 0 4 9 11 2 10 15 1 8 12 13 16 3 
12 13 5 4 6 1 11 10 9 7 16 3 14 0 15 2 
3 13 14 10 7 6 12 15 2 8 16 0 5 1 11 4 
1 8 3 0 9 5 4 2 6 11 15 13 16 12 14 7 
4 15 0 16 8 9 6 13 3 14 10 5 2 1 12 7 
14 16 8 11 0 10 9 5 3 1 15 2 7 6 4 13 
5 6 0 12 3 1 7 9 11 10 2 15 16 14 8 4 
12 9 16 10 3 6 8 4 2 5 7 11 15 1 0 13 
10 6 16 9 4 11 12 0 8 7 14 1 2 5 3 13 
15 8 6 5 3 12 13 2 9 11 14 1 0 7 10 4 
