6 4 11 7 14 15 3 9 5 13 8 10 12 1 2 16 
2 7 0 5 8 4 16 6 9 14 11 3 13 12 15 10 
7 8 12 14 13 10 5 16 6 11 15 4 3 9 0 1 
5 12 9 16 7 0 2 1 15 4 14 6 13 11 10 8 
11 3 7 0 15 14 6 8 13 2 1 10 5 9 12 16 
10 9 2 1 7 8 0 13 6 4 11 3 16 15 14 12 
11 7 0 8 5 10 3 13 2 1 9 16 14 12 15 4 
3 4 11 6 8 9 14 1 10 13 5 12 0 16 2 15 
9 7 3 6 4 2 5 10 15 16 1 13 11 0 12 14 
10 5 0 12 16 2 1 14 4 11 15 6 8 7 13 3 
5 16 15 2 6 4 7 11 0 9 14 1 12 3 8 13 
13 1 8 10 12 2 9 14 5 3 4 6 16 15 7 0 
3 9 15 14 10 2 5 13 4 1 0 16 7 6 11 8 
6 0 4 11 16 5 7 8 12 2 10 1 3 9 14 15 
6 4 3 5 12 9 2 15 10 16 11 7 1 8 0 13 
16 0 1 11 7 5 3 13 10 4 6 8 9 2 12 14 
5 11 3 6 14 10 8 2 7 1 13 0 15 9 4 12 
