11 1 13 3 15 8 6 7 12 16 2 9 10 14 5 4 
6 11 4 9 0 14 15 2 10 8 16 13 12 3 5 7 
15 6 13 16 5 8 1 14 9 12 0 11 4 3 7 10 
8 7 16 6 9 15 13 5 1 10 2 12 14 4 0 11 
12 15 11 14 3 8 10 9 6 1 16 5 2 7 0 13 
3 12 13 4 0 11 8 16 7 9 2 15 10 6 1 14 
12 5 10 8 3 1 0 15 2 11 16 9 14 4 13 7 
13 8 14 5 3 12 9 0 6 15 4 16 1 10 2 11 
4 10 9 15 2 14 3 16 6 0 12 1 5 11 7 13 
8 7 4 1 15 5 0 3 13 6 2 10 12 11 16 14 
16 4 12 13 14 2 8 3 7 1 15 11 6 0 5 9 
15 16 1 10 2 0 8 4 14 9 7 5 12 3 6 13 
7 11 2 6 3 4 8 15 14 13 10 9 16 1 0 5 
7 0 16 3 11 5 15 2 6 8 9 14 12 10 1 4 
13 1 15 12 10 0 3 6 9 16 7 8 4 5 11 2 
1 4 9 2 14 6 16 3 5 11 7 10 8 12 0 13 
3 9 1 14 4 7 13 0 5 2 6 12 15 11 10 8 
