13 9 2 14 6 8 5 16 12 4 3 1 11 15 7 10 
14 7 0 8 16 3 9 6 11 2 4 5 15 13 10 12 
15 0 8 4 9 13 10 3 11 14 16 12 7 5 6 1 
2 11 1 14 9 12 10 7 4 6 16 13 8 5 0 15 
15 13 6 3 11 2 9 7 16 10 1 8 12 5 14 0 
2 6 10 4 1 3 0 11 8 12 9 13 16 15 14 7 
5 4 14 9 1 16 0 12 13 7 2 15 3 8 10 11 
13 0 16 3 11 15 9 1 10 2 12 8 4 14 5 6 
6 13 5 11 0 14 9 10 12 15 4 7 2 1 3 16 
15 11 0 4 6 16 12 2 10 13 1 14 7 8 3 5 
12 7 9 5 4 16 15 2 6 0 11 3 13 8 1 14 
15 13 16 5 2 1 9 8 12 6 14 0 10 4 7 3 
6 7 1 0 5 9 11 13 14 10 2 15 4 8 3 16 
7 16 11 14 1 15 3 12 9 0 8 4 6 2 10 5 
10 16 0 5 7 3 8 2 12 4 11 13 15 1 6 9 
7 4 13 1 0 14 6 8 2 3 12 5 11 9 16 10 
7 2 13 0 11 8 12 6 9 14 15 3 1 5 4 10 
