7 10 11 1 15 9 3 14 12 5 6 13 4 2 16 8 
0 7 2 16 8 5 4 6 9 3 14 11 15 10 13 12 
12 7 8 14 13 10 5 16 15 6 11 4 9 3 1 0 
16 5 12 4 0 2 1 10 14 9 6 15 7 8 11 13 
11 7 0 3 8 14 6 15 5 13 2 10 9 1 16 12 
2 12 10 9 13 15 8 14 11 6 3 4 7 16 0 1 
11 8 0 7 13 10 5 3 16 1 2 9 4 12 15 14 
3 6 4 11 9 15 12 14 8 10 5 13 16 0 1 2 
3 6 9 7 10 5 2 4 1 16 13 15 14 12 0 11 
0 5 10 12 16 2 14 1 15 4 11 6 7 13 3 8 
5 16 2 15 11 4 6 7 12 1 9 0 13 8 3 14 
1 13 10 8 12 2 9 14 3 4 6 5 0 16 7 15 
15 3 5 14 10 13 2 9 0 16 1 4 8 11 7 6 
6 4 0 11 7 9 8 5 10 1 12 2 14 15 16 3 
12 5 6 4 9 3 2 15 7 0 11 16 10 1 8 13 
11 16 0 1 5 7 3 13 10 8 6 4 14 12 2 9 
11 3 4 5 14 8 2 9 1 7 0 13 12 6 10 15 
