12 11 1 14 5 9 8 13 16 7 15 10 4 2 3 6 
4 11 8 12 5 13 14 9 7 6 15 3 0 16 10 2 
9 11 0 15 13 14 3 16 1 8 10 7 4 12 6 5 
14 6 16 15 10 7 0 13 4 1 9 5 2 8 12 11 
0 3 6 5 7 16 2 15 13 8 1 14 12 9 10 11 
11 14 7 4 3 13 6 12 9 1 0 15 2 16 8 10 
2 13 10 11 3 7 9 14 16 5 0 8 12 4 1 15 
12 16 6 1 0 14 15 2 5 9 3 11 4 8 10 13 
9 15 13 4 0 12 10 3 16 5 11 6 2 7 14 1 
16 4 7 1 11 6 13 0 2 10 5 12 8 3 15 14 
12 0 1 9 8 5 7 2 14 13 6 15 11 4 16 3 
8 13 16 14 1 3 9 2 0 7 4 6 10 5 12 15 
13 8 7 6 9 11 2 15 5 14 10 4 1 0 16 3 
11 15 5 8 12 16 0 7 2 6 14 1 9 3 4 10 
9 4 8 16 3 5 2 12 7 11 0 13 1 15 6 10 
0 4 10 14 6 11 8 3 5 1 13 2 12 7 9 16 
1 3 11 7 9 10 14 6 2 4 0 5 15 12 13 8 
