12 5 15 10 4 8 14 1 6 13 7 16 2 11 9 3 
15 16 0 13 11 4 8 12 7 10 14 9 2 6 3 5 
1 8 0 13 3 7 6 12 4 15 14 10 5 11 16 9 
7 5 16 14 8 12 4 9 1 13 2 11 10 6 15 0 
7 16 13 12 10 1 11 5 8 15 0 9 2 14 3 6 
4 6 8 13 3 14 7 15 12 10 1 2 9 16 0 11 
9 1 0 11 2 10 5 4 12 14 16 3 8 13 7 15 
0 12 1 14 2 5 6 8 13 15 3 4 10 16 9 11 
11 1 0 6 7 12 15 10 4 9 3 16 5 13 2 14 
10 7 8 2 15 12 3 16 11 14 0 13 5 1 6 4 
9 14 6 16 3 5 13 12 7 1 4 2 11 15 8 0 
8 9 12 2 1 16 0 7 3 14 5 4 6 13 10 15 
6 1 15 2 4 8 7 16 11 0 3 14 9 5 13 10 
9 1 16 3 6 5 15 2 4 12 0 11 14 8 10 7 
11 8 15 3 13 12 9 1 6 0 5 7 16 2 4 10 
9 13 14 3 2 1 0 16 5 4 12 7 8 11 6 10 
9 11 6 7 10 14 2 13 15 1 8 3 12 0 4 5 
