13 11 1 14 2 9 3 16 7 4 5 10 15 6 8 12 
9 3 13 0 7 5 2 6 4 14 11 10 16 12 8 15 
12 14 6 9 8 16 10 15 4 0 13 3 11 1 7 5 
14 6 7 4 5 11 12 1 10 2 9 16 8 15 13 0 
14 2 10 9 13 7 11 5 15 6 1 3 12 0 16 8 
10 12 8 2 16 9 13 0 7 11 1 4 15 3 6 14 
14 8 15 2 13 16 10 12 4 9 0 7 1 3 5 11 
15 16 0 13 4 1 11 3 8 14 12 6 9 5 2 10 
4 10 9 5 1 7 2 0 11 15 16 3 6 13 12 14 
5 8 1 11 7 2 10 12 4 0 16 3 14 13 6 15 
6 2 7 14 3 9 0 13 8 15 16 11 4 1 12 5 
1 15 4 3 5 7 13 8 9 16 10 0 6 14 12 2 
15 16 0 13 3 4 5 1 9 8 14 2 7 11 10 6 
9 0 3 16 14 8 11 6 1 12 15 2 7 5 4 10 
1 8 0 6 12 9 10 3 13 4 16 15 11 7 5 2 
8 11 1 4 12 2 14 10 9 5 3 16 6 7 13 0 
10 5 9 2 15 14 6 12 4 11 1 8 7 3 0 13 
