8 4 7 11 16 13 1 6 3 12 10 14 9 5 15 2 
8 6 15 9 4 13 3 12 7 14 2 0 11 5 10 16 
7 14 5 6 13 4 15 10 3 11 1 9 0 12 8 16 
9 0 10 1 11 5 7 4 6 2 8 16 12 14 13 15 
11 1 8 12 3 7 15 0 14 16 2 6 13 10 9 5 
0 13 2 15 8 7 16 3 4 6 1 9 12 11 14 10 
13 11 16 3 4 9 5 2 0 12 1 7 14 15 8 10 
8 0 9 6 11 10 4 2 12 13 3 16 15 5 1 14 
1 13 5 2 9 15 16 3 12 6 7 14 0 11 4 10 
12 15 1 7 8 10 3 2 14 4 5 16 11 6 13 0 
3 8 5 14 13 4 9 7 15 16 0 1 11 6 12 2 
3 2 1 10 9 14 0 13 12 5 16 7 15 8 4 6 
3 1 6 5 15 10 7 9 2 4 16 14 8 11 13 0 
9 16 11 15 5 8 2 1 3 14 0 4 10 6 7 12 
1 10 16 0 13 8 2 7 4 5 12 15 11 6 9 3 
2 5 12 11 8 13 14 1 9 7 10 16 4 3 6 0 
0 3 2 15 13 10 6 5 12 9 4 8 11 7 1 14 
