14 13 3 2 9 12 7 6 16 4 15 8 10 5 1 11 
8 4 16 3 5 6 15 7 0 14 11 9 12 10 13 2 
16 14 6 10 5 9 4 13 3 15 1 12 0 8 11 7 
15 7 11 4 6 2 12 5 16 1 0 13 10 14 8 9 
6 15 1 9 7 2 10 14 0 16 5 12 8 3 13 11 
8 1 6 2 16 7 9 10 15 11 0 13 12 14 3 4 
12 14 15 5 9 7 11 13 10 16 1 4 3 2 8 0 
16 14 0 15 11 9 3 10 5 2 1 4 12 13 6 8 
1 6 13 10 2 7 0 5 3 15 14 9 16 4 11 12 
6 11 8 5 7 2 3 16 0 12 14 1 4 13 10 15 
16 11 1 12 2 9 4 8 6 15 3 0 7 5 14 13 
13 14 5 16 8 2 15 1 9 0 4 6 12 10 7 3 
9 8 16 5 10 11 15 2 7 1 13 3 4 0 14 6 
7 4 1 14 3 11 5 6 16 9 15 2 10 0 12 8 
1 0 9 7 15 8 5 10 11 12 4 2 13 6 16 3 
2 12 9 13 0 10 5 3 11 8 14 1 4 16 7 6 
3 9 5 1 10 4 0 13 8 7 15 12 11 6 2 14 
