1 4 15 2 14 3 6 9 16 12 13 7 11 5 10 8 
8 3 12 0 5 2 4 10 9 6 16 7 13 15 11 14 
10 15 1 14 13 7 16 3 5 8 9 4 6 11 0 12 
6 11 8 5 16 4 12 10 15 1 9 7 14 2 0 13 
10 12 0 7 15 1 9 11 5 6 13 14 8 2 3 16 
2 12 6 9 11 7 16 3 10 14 0 13 4 8 15 1 
10 5 1 0 3 7 11 14 9 2 12 4 13 16 15 8 
10 1 5 9 3 13 2 12 11 6 16 0 15 14 4 8 
12 7 11 16 10 15 13 9 14 5 4 2 6 1 3 0 
8 5 6 3 10 2 12 16 13 4 15 11 7 0 14 1 
12 15 8 3 0 2 1 14 11 5 16 7 13 6 4 9 
10 6 5 9 14 4 15 2 8 13 12 16 3 7 1 0 
0 5 10 7 4 13 3 16 11 6 15 8 9 2 14 1 
4 3 10 14 5 0 2 15 9 7 12 6 16 11 1 8 
2 0 8 11 4 1 10 13 5 6 16 12 7 3 15 9 
2 3 14 6 0 1 11 16 12 8 13 7 4 10 9 5 
3 1 2 11 9 10 15 8 12 7 13 0 4 14 5 6 
