2 13 3 4 6 9 14 1 7 12 16 15 11 5 8 10 
0 12 8 3 2 5 4 10 11 6 7 9 15 14 13 16 
10 6 5 15 13 7 16 12 3 8 4 9 0 11 14 1 
5 4 8 6 10 11 12 16 9 15 7 1 14 2 13 0 
1 0 5 3 6 10 9 14 11 13 12 7 16 8 2 15 
12 0 6 2 11 7 16 3 10 14 9 13 1 15 4 8 
0 12 5 10 4 14 7 11 1 9 3 2 15 16 8 13 
9 10 5 1 3 2 13 12 16 11 6 0 4 15 14 8 
16 12 11 7 10 15 13 9 14 5 2 4 3 6 0 1 
8 5 1 15 7 16 10 14 12 2 4 6 3 11 0 13 
8 3 0 5 13 2 1 14 15 12 16 11 6 9 7 4 
5 6 10 9 14 4 15 2 12 13 8 16 3 1 7 0 
0 5 4 1 7 13 3 16 11 8 6 15 10 14 2 9 
6 7 3 16 0 5 2 15 12 4 9 10 8 11 14 1 
8 11 2 0 13 10 3 1 5 12 6 16 15 9 7 4 
6 2 14 3 0 1 16 12 4 7 13 8 9 10 5 11 
1 11 3 10 8 14 0 2 12 9 7 13 5 6 4 15 
