13 4 1 2 3 9 6 14 12 15 16 7 11 8 5 10 
12 8 3 0 10 4 5 2 7 6 11 9 14 13 16 15 
15 6 5 10 12 16 13 7 8 3 9 4 11 0 14 1 
5 4 8 6 10 12 11 16 9 1 15 7 14 2 13 0 
7 0 1 3 13 9 10 6 5 12 11 14 16 8 2 15 
0 6 12 2 11 7 16 3 13 9 14 10 4 8 15 1 
5 0 10 1 3 11 14 7 9 4 12 2 13 15 8 16 
9 1 5 10 3 13 2 12 6 16 11 0 15 4 14 8 
16 7 11 12 10 15 13 9 2 5 4 14 0 1 3 6 
5 15 1 8 10 7 14 16 4 2 12 6 3 11 13 0 
5 3 8 0 13 2 14 1 11 16 15 7 6 12 4 9 
10 9 5 6 14 4 2 15 13 16 8 12 3 1 0 7 
0 7 5 1 4 13 3 16 6 8 15 11 9 14 10 2 
4 7 3 16 5 0 2 15 6 9 12 10 8 11 14 1 
0 2 8 11 1 13 3 10 16 6 12 5 4 15 9 7 
2 6 3 14 12 0 1 16 8 7 4 13 10 9 5 11 
1 3 10 11 0 14 8 2 9 12 13 7 4 6 5 15 
