7 6 11 9 2 12 3 14 1 16 10 15 8 5 4 13 
12 10 16 2 4 8 13 14 9 5 3 7 6 0 11 15 
6 8 10 13 11 9 5 15 12 0 3 16 4 7 14 1 
15 0 14 11 16 9 1 12 10 7 6 13 2 4 5 8 
8 15 14 1 9 10 13 6 2 7 5 3 12 16 11 0 
15 9 4 14 16 2 12 1 6 0 11 8 7 13 10 3 
5 2 1 7 11 4 15 14 8 13 10 3 9 16 0 12 
0 15 16 3 4 13 12 14 10 1 8 2 9 6 5 11 
9 15 0 3 5 6 11 13 16 7 10 1 2 4 14 12 
11 13 14 15 10 7 6 16 1 2 8 5 3 0 4 12 
3 2 14 11 12 8 0 13 9 7 5 1 6 16 15 4 
4 14 8 15 0 12 16 3 10 2 5 9 13 7 6 1 
6 0 11 8 5 4 15 14 13 1 2 9 7 10 16 3 
11 12 6 3 9 1 7 2 8 10 14 4 16 15 5 0 
2 10 1 9 16 15 5 11 13 7 4 3 0 6 12 8 
16 9 7 6 8 4 10 0 2 3 1 5 14 12 11 13 
15 4 3 9 5 2 1 7 6 14 10 8 12 11 13 0 
