7 3 11 9 10 4 16 1 2 5 13 8 6 14 12 15 
10 15 4 7 9 2 12 3 13 11 6 8 5 14 16 0 
9 12 1 14 10 0 3 7 15 6 4 16 5 8 13 11 
6 14 15 7 12 9 0 13 4 11 1 16 2 5 10 8 
15 7 1 9 12 5 14 11 10 8 6 16 3 2 13 0 
9 0 12 10 15 1 3 4 2 7 8 16 14 13 11 6 
3 12 9 2 13 8 5 7 11 10 16 0 15 4 1 14 
4 1 16 11 5 8 6 9 10 14 15 2 12 3 13 0 
5 14 9 12 15 1 6 10 11 16 7 4 2 3 0 13 
15 3 0 10 7 4 1 16 8 11 5 13 2 14 12 6 
3 12 0 13 7 1 2 9 11 16 8 5 14 4 6 15 
3 9 0 13 12 16 5 14 2 8 6 10 4 1 7 15 
16 0 1 10 14 6 15 3 5 9 13 4 8 7 2 11 
5 0 12 15 11 4 16 10 9 8 7 2 3 6 14 1 
4 6 2 1 8 3 13 9 10 0 12 15 11 7 5 16 
1 4 6 9 13 12 16 3 5 10 0 2 7 8 14 11 
8 12 3 15 1 7 9 5 0 6 11 4 10 2 13 14 
