6 7 16 3 5 15 9 13 14 2 4 11 8 10 1 12 
3 6 9 13 11 14 5 4 0 8 15 2 16 7 10 12 
15 10 14 1 5 12 3 11 4 7 13 0 16 8 6 9 
7 1 13 9 11 0 4 10 12 8 2 14 15 6 5 16 
10 14 11 7 2 9 3 16 12 1 13 0 8 6 15 5 
4 6 7 2 3 1 11 12 0 15 9 10 16 13 8 14 
10 8 13 4 16 5 1 14 11 9 15 7 2 3 0 12 
13 6 2 11 10 3 9 14 12 4 8 15 16 1 5 0 
3 4 1 15 6 12 9 2 10 14 11 16 5 7 13 0 
14 12 15 13 0 4 16 3 11 1 6 8 2 7 5 10 
11 15 12 16 5 4 2 3 6 14 13 0 9 8 1 7 
4 16 6 1 13 10 12 5 2 9 0 14 15 7 3 8 
0 11 16 9 6 4 15 10 7 13 1 2 5 8 3 14 
11 12 6 0 10 8 2 16 7 3 14 15 5 9 4 1 
3 10 0 1 7 6 12 5 13 16 2 15 8 4 11 9 
13 3 8 11 5 10 2 9 12 7 16 4 0 6 1 14 
0 7 8 5 13 10 6 3 1 11 2 15 12 4 9 14 
