13 7 9 8 3 5 12 4 16 6 2 15 10 11 14 1 
4 14 13 2 10 9 16 6 15 8 0 5 3 11 12 7 
10 12 8 4 11 13 5 9 14 15 6 3 1 0 7 16 
11 1 4 15 8 14 0 13 2 7 16 10 9 5 12 6 
1 3 8 9 11 15 5 6 0 10 12 16 13 2 14 7 
6 3 13 10 12 8 15 2 9 0 4 16 11 7 14 1 
4 16 13 15 1 5 7 2 0 10 3 11 14 9 8 12 
4 11 12 2 10 14 15 9 8 5 3 16 1 6 0 13 
16 15 1 14 10 11 5 0 6 3 7 4 2 9 12 13 
13 5 10 4 6 8 11 14 12 15 7 0 1 2 3 16 
11 5 2 15 1 8 7 13 14 4 0 3 12 16 6 9 
12 15 13 3 5 6 7 14 4 9 10 1 16 2 0 8 
0 1 6 3 2 10 14 9 13 15 11 4 8 7 5 16 
4 0 6 7 12 16 11 14 2 1 5 9 8 3 15 10 
13 11 16 3 9 7 15 0 10 1 12 5 8 4 6 2 
16 4 14 5 13 1 12 6 10 11 7 8 3 2 9 0 
7 9 15 3 0 14 5 12 1 4 11 8 13 2 6 10 
