12 13 16 10 9 1 3 8 4 14 5 7 6 11 15 2 
12 9 0 16 13 7 8 10 11 15 3 14 2 6 5 4 
1 5 12 8 15 6 7 13 4 10 9 14 0 11 16 3 
12 5 7 14 2 4 16 10 9 1 13 15 0 8 11 6 
0 15 8 12 11 1 6 5 16 13 9 7 14 2 3 10 
2 8 16 6 3 4 11 13 10 12 14 1 15 7 0 9 
9 10 1 5 11 8 2 13 12 4 3 16 14 15 0 7 
15 1 5 16 3 14 13 2 0 4 12 6 10 8 9 11 
11 12 1 6 9 7 2 15 4 0 13 10 5 14 16 3 
11 10 0 13 3 16 15 2 7 5 14 12 6 4 1 8 
6 16 2 15 12 9 3 5 1 13 7 4 11 14 8 0 
8 9 2 12 7 14 0 16 13 4 5 1 15 6 3 10 
15 1 3 0 9 4 16 6 8 11 2 10 5 14 13 7 
3 9 4 14 8 6 5 2 12 16 0 7 15 1 10 11 
7 6 15 2 16 1 9 13 5 8 0 11 4 10 3 12 
13 3 14 5 2 11 0 16 9 4 7 12 1 6 8 10 
9 11 1 10 8 4 15 14 0 6 3 2 12 7 13 5 
