8 5 2 15 7 14 9 16 13 4 12 10 11 6 1 3 
3 6 2 15 0 11 9 12 8 4 10 13 7 5 14 16 
16 10 5 6 0 12 15 11 8 4 13 9 3 7 1 14 
0 15 14 1 8 4 13 10 12 5 11 6 9 16 2 7 
2 3 6 1 5 9 15 14 0 11 7 8 16 12 13 10 
10 1 3 15 7 2 8 6 13 4 12 9 0 11 16 14 
11 12 13 0 7 3 1 14 9 8 4 2 5 16 15 10 
8 2 9 3 11 15 0 6 1 13 4 12 14 5 10 16 
4 1 3 11 13 15 10 14 12 9 7 0 5 16 6 2 
13 16 10 2 6 12 15 8 5 14 11 4 3 0 7 1 
12 4 8 6 15 11 5 14 2 16 0 9 3 1 7 13 
3 0 1 14 8 2 13 10 15 6 12 4 7 16 5 9 
1 3 9 0 13 5 6 2 8 7 16 4 10 15 11 14 
1 11 2 3 0 12 15 14 7 10 16 8 5 4 6 9 
6 15 11 5 8 12 0 7 4 3 13 10 9 2 1 16 
16 14 5 2 11 0 1 3 10 7 6 4 8 9 12 13 
4 13 3 12 9 1 5 6 8 0 15 2 14 7 10 11 
