10 14 11 5 7 15 8 13 9 2 6 16 12 1 3 4 
11 15 3 16 13 7 12 10 2 4 8 14 9 6 0 5 
13 9 14 1 11 8 5 6 0 4 3 16 7 15 12 10 
6 12 13 0 14 11 16 4 5 9 2 15 7 8 10 1 
3 7 15 0 8 2 11 9 16 12 13 14 1 10 5 6 
10 8 4 12 13 11 6 15 1 9 16 7 2 14 0 3 
2 12 14 1 9 11 4 7 15 0 16 10 5 13 8 3 
10 0 1 14 2 6 13 3 8 5 11 16 15 4 9 12 
12 7 9 3 4 14 15 6 1 0 5 16 10 13 2 11 
11 2 12 0 1 8 3 6 10 14 5 15 7 13 16 4 
2 5 16 12 11 1 4 3 7 6 9 14 15 8 0 13 
8 3 14 12 10 6 0 4 9 5 1 13 16 7 15 2 
14 7 3 5 1 6 15 2 8 16 10 9 4 11 13 0 
11 1 15 12 7 4 5 2 10 6 3 16 0 8 14 9 
0 7 11 1 2 9 4 10 3 15 5 13 16 12 8 6 
8 0 2 7 3 10 11 9 13 16 14 1 12 6 5 4 
10 3 2 13 14 7 6 11 1 8 4 15 9 5 12 0 
