4 15 11 13 12 7 14 8 5 6 16 3 9 2 10 1 
3 7 13 0 11 14 6 9 16 12 5 15 8 4 10 2 
9 12 7 14 3 6 1 0 5 8 4 16 13 10 11 15 
8 7 13 2 11 16 12 0 1 5 10 6 14 4 9 15 
9 7 16 8 12 13 3 15 5 10 14 0 2 1 11 6 
6 2 0 4 11 13 9 12 16 8 14 10 7 15 1 3 
7 12 13 8 0 16 1 14 4 3 15 11 2 9 10 5 
16 13 11 2 9 3 1 14 4 12 5 8 10 6 15 0 
6 11 14 12 15 1 4 0 10 13 16 3 5 9 2 7 
10 12 0 4 8 2 11 3 15 5 13 14 7 6 1 16 
3 2 12 1 16 7 0 11 6 5 14 13 4 8 9 15 
6 5 7 3 4 13 14 16 9 10 1 8 12 0 2 15 
10 15 0 13 11 8 6 9 5 1 3 16 4 7 14 2 
9 8 0 3 4 15 10 7 6 16 2 12 5 11 1 14 
5 15 7 6 4 1 11 8 3 0 10 12 2 9 16 13 
4 9 16 1 14 0 2 12 8 13 5 6 11 7 10 3 
13 4 6 12 15 8 14 1 10 11 7 0 3 9 5 2 
