5 12 13 8 11 1 7 15 16 10 14 6 9 2 4 3 
6 10 7 14 12 11 4 5 16 2 13 0 3 15 9 8 
0 13 12 16 4 3 6 7 15 10 8 1 5 14 11 9 
0 2 5 7 15 14 8 4 11 6 13 9 10 16 1 12 
7 13 8 12 15 1 10 11 5 0 16 9 14 6 2 3 
13 4 15 1 11 8 10 14 7 12 3 6 16 2 9 0 
11 9 0 1 5 4 2 16 14 15 12 10 8 3 7 13 
0 12 2 15 6 8 16 3 1 4 5 11 13 10 14 9 
0 11 1 14 12 15 9 3 16 7 4 10 2 6 13 5 
10 6 7 11 12 3 1 14 5 8 0 15 4 2 13 16 
16 6 12 11 13 9 4 5 2 7 14 1 3 8 0 15 
10 4 0 14 6 9 2 8 5 12 3 16 13 1 7 15 
1 6 15 2 16 0 4 5 8 11 3 13 9 10 14 7 
0 14 16 3 2 4 12 10 5 6 15 9 8 7 1 11 
15 8 11 13 7 16 1 9 5 0 3 6 10 4 2 12 
8 13 3 2 9 12 1 14 11 4 0 6 7 5 10 16 
0 6 1 8 13 2 5 11 15 10 3 9 4 7 14 12 
