6 13 14 1 9 15 3 16 4 12 7 5 11 2 8 10 
6 0 12 11 10 8 2 4 13 7 3 15 9 5 14 16 
1 8 5 16 6 15 13 7 4 10 14 9 11 3 12 0 
5 1 7 11 12 4 10 16 9 13 6 15 14 2 8 0 
10 0 15 12 6 5 11 1 14 7 9 8 13 2 16 3 
12 9 13 6 4 16 3 11 8 10 1 14 7 0 2 15 
1 10 5 15 11 8 13 2 4 9 3 12 0 14 7 16 
10 5 9 16 13 2 12 3 11 6 1 0 8 4 15 14 
5 11 4 12 13 9 15 2 6 1 3 10 14 16 7 0 
3 6 5 11 10 16 15 2 13 12 14 1 8 7 0 4 
8 15 3 5 14 6 13 0 7 16 2 11 1 12 9 4 
9 1 5 2 4 15 7 14 16 12 8 13 10 0 6 3 
5 0 15 9 4 16 6 1 3 10 2 8 14 7 11 13 
14 9 4 3 6 0 15 2 8 12 7 16 1 11 5 10 
12 0 16 2 4 1 13 10 8 11 5 6 3 15 7 9 
14 3 5 13 11 16 0 1 8 7 12 9 2 4 10 6 
11 1 10 3 14 9 2 15 0 7 8 6 12 4 13 5 
