2 9 7 4 11 1 8 5 10 15 3 16 14 12 13 6 
4 10 2 13 0 3 6 9 16 12 7 15 8 11 5 14 
7 4 9 6 12 13 1 14 11 0 3 8 15 16 10 5 
1 11 12 9 7 10 5 2 16 15 8 4 14 6 0 13 
7 1 11 8 5 2 9 6 15 14 13 0 12 10 3 16 
7 10 3 0 16 9 11 15 2 13 12 4 6 8 1 14 
12 0 1 3 10 16 13 14 8 9 5 11 7 4 15 2 
2 3 14 0 11 5 8 9 13 4 10 1 6 16 15 12 
4 3 5 6 1 11 7 15 2 9 10 16 12 14 0 13 
7 8 14 10 0 16 2 15 12 5 13 4 11 1 6 3 
9 11 2 4 16 6 0 12 15 7 13 14 8 5 3 1 
13 15 10 6 2 4 3 7 0 9 1 8 16 14 12 5 
7 3 1 0 14 6 13 11 10 15 8 16 2 5 4 9 
2 12 7 10 1 5 8 3 15 4 16 11 6 14 9 0 
7 10 8 1 2 16 4 13 6 5 11 15 0 12 9 3 
8 5 6 3 4 10 7 9 11 16 12 1 14 2 0 13 
4 0 10 2 1 15 11 9 8 3 7 5 13 6 14 12 
