11 4 10 7 14 15 9 3 6 8 13 5 2 16 1 12 
16 7 0 2 6 8 4 5 3 14 9 11 12 13 10 15 
8 7 12 14 10 5 13 16 15 6 11 4 1 3 9 0 
9 12 5 16 1 7 0 2 4 15 14 6 8 13 10 11 
7 0 11 3 15 14 6 8 2 1 10 5 13 16 9 12 
2 10 9 1 0 13 8 7 3 4 6 11 16 15 14 12 
7 0 8 11 5 10 13 3 2 16 9 1 14 4 12 15 
11 3 6 4 9 8 14 1 5 12 13 10 0 16 2 15 
7 9 6 3 4 2 10 5 15 13 16 1 0 14 11 12 
0 10 5 12 2 16 1 14 4 6 11 15 13 8 3 7 
16 5 15 2 11 7 4 6 1 12 0 9 13 3 14 8 
13 10 8 1 9 2 12 14 5 4 6 3 0 7 16 15 
14 3 9 15 2 10 13 5 1 0 4 16 7 8 6 11 
6 11 0 4 16 5 8 7 1 2 12 10 15 3 9 14 
3 4 5 6 9 12 2 15 16 10 11 7 8 1 0 13 
1 0 11 16 5 3 7 13 4 8 6 10 9 2 14 12 
6 11 3 5 2 14 8 4 1 7 0 13 9 15 12 10 
