10 15 16 3 14 2 13 4 6 12 8 9 7 11 1 5 
6 11 16 14 10 15 13 7 5 8 2 0 12 9 3 4 
11 9 12 0 6 13 15 10 7 3 5 14 16 1 8 4 
15 1 5 12 14 4 10 11 8 9 0 13 16 2 7 6 
7 15 3 16 0 1 10 6 5 12 11 2 8 14 9 13 
7 6 9 11 15 12 4 1 10 16 14 2 3 8 13 0 
11 3 1 13 8 2 0 10 14 12 16 15 4 7 9 5 
6 8 13 16 11 9 1 14 3 12 15 2 5 4 0 10 
12 1 13 0 4 10 11 16 5 14 3 6 7 9 2 15 
5 7 1 14 2 6 11 4 12 13 10 3 16 15 8 0 
12 14 3 6 9 15 11 13 4 7 1 2 0 16 5 8 
10 7 14 12 0 4 2 15 6 5 8 3 9 1 16 13 
13 5 4 2 11 8 15 14 6 0 7 10 9 1 3 16 
3 0 4 10 7 11 1 14 8 15 9 6 5 2 12 16 
5 6 13 12 11 0 2 15 10 8 1 7 9 4 3 16 
7 3 2 8 11 12 0 16 6 4 1 14 5 9 13 10 
11 5 9 10 6 14 2 15 4 13 7 12 0 8 1 3 
