6 7 3 16 5 15 13 9 11 4 14 2 1 10 8 12 
9 3 13 6 5 14 4 11 0 8 15 2 12 7 10 16 
10 15 14 1 11 5 3 12 7 4 13 0 9 6 8 16 
1 13 9 7 4 0 10 11 2 12 14 8 6 15 5 16 
10 14 7 11 9 2 16 3 1 12 13 0 15 8 5 6 
7 2 4 6 1 12 11 3 9 15 0 10 14 16 8 13 
13 10 4 8 5 16 1 14 7 9 11 15 0 2 12 3 
11 6 2 13 9 10 3 14 8 4 12 15 1 5 0 16 
15 3 4 1 2 12 9 6 13 16 10 11 7 5 0 14 
15 13 12 14 0 4 16 3 11 1 8 6 10 7 2 5 
12 16 15 11 3 5 2 4 6 14 13 0 1 9 7 8 
16 4 1 6 10 5 13 12 2 0 9 14 7 8 3 15 
11 0 16 9 6 4 15 10 7 1 2 13 5 8 3 14 
6 0 12 11 16 10 2 8 14 3 7 15 5 4 1 9 
10 0 1 3 5 7 12 6 13 16 15 2 4 11 9 8 
3 8 13 11 5 2 9 10 7 4 12 16 0 6 1 14 
7 5 0 8 13 10 6 3 1 11 2 15 4 9 14 12 
