13 12 16 10 1 8 11 9 4 7 5 14 3 6 2 15 
16 10 0 9 7 12 13 8 11 3 14 15 6 5 4 2 
12 8 1 5 13 7 15 6 3 10 4 14 16 11 9 0 
11 7 14 1 12 9 4 16 10 13 2 15 8 5 6 0 
7 8 16 12 11 10 5 1 9 15 0 13 6 14 3 2 
16 2 8 6 15 11 3 4 10 12 1 13 14 0 7 9 
13 1 9 10 5 11 2 8 12 4 16 3 0 14 7 15 
6 5 1 15 14 2 8 13 16 0 4 12 11 9 3 10 
12 15 6 11 0 10 7 1 9 13 4 16 14 2 5 3 
11 13 7 10 5 15 16 3 0 12 2 14 1 6 8 4 
13 16 2 15 12 3 9 5 6 4 1 7 14 0 11 8 
12 8 2 9 14 0 7 16 5 13 4 1 6 15 10 3 
15 3 1 10 4 6 9 16 8 11 2 0 13 5 7 14 
14 4 3 9 5 8 6 2 7 12 0 16 11 10 15 1 
6 7 2 15 10 9 13 1 11 5 8 0 12 4 3 16 
14 5 3 13 2 0 11 16 12 9 4 7 8 6 10 1 
9 10 11 6 13 2 8 14 3 0 1 15 5 7 12 4 
