10 11 3 16 2 1 4 12 7 8 6 14 15 5 9 13 
0 7 3 11 13 2 9 6 16 8 15 4 10 14 5 12 
10 15 14 7 3 6 12 8 16 1 0 13 5 4 9 11 
4 7 0 13 6 8 10 5 2 16 14 9 12 1 15 11 
3 12 15 13 10 6 9 1 14 8 2 11 5 0 16 7 
16 12 13 2 3 9 4 7 6 15 1 14 0 11 10 8 
14 11 2 8 4 13 5 1 10 9 0 3 12 15 16 7 
11 10 13 12 8 0 5 2 9 3 1 14 15 16 6 4 
3 5 15 2 6 9 4 11 7 16 12 0 10 13 14 1 
6 0 11 15 13 8 12 7 2 4 10 1 14 5 16 3 
4 13 7 14 12 5 9 8 11 1 15 0 6 2 3 16 
13 5 6 10 14 3 4 15 1 8 0 16 12 7 2 9 
7 10 15 2 6 14 13 0 1 4 8 3 5 11 16 9 
16 10 9 6 14 4 11 12 8 3 1 7 5 0 2 15 
7 1 11 2 0 4 16 10 9 13 8 15 5 6 12 3 
6 12 0 4 3 2 13 10 1 9 5 7 14 8 16 11 
2 3 11 13 0 12 14 9 7 1 5 6 15 4 10 8 
