8 4 5 6 9 12 1 3 11 13 2 15 14 16 10 7 
13 14 10 4 7 15 16 3 2 0 8 6 11 5 9 12 
6 15 7 9 13 5 1 10 8 4 3 16 0 14 12 11 
9 4 16 5 12 11 2 15 7 8 13 10 6 0 1 14 
11 8 14 1 6 2 13 5 12 9 3 0 16 15 10 7 
10 0 3 8 9 13 7 4 6 16 15 2 12 11 1 14 
3 11 0 12 9 5 4 1 13 10 7 14 8 16 2 15 
12 11 15 2 14 13 10 9 1 5 0 3 8 4 6 16 
12 2 0 16 6 13 5 9 10 3 14 1 11 4 15 7 
15 3 0 6 4 7 16 1 5 2 11 13 12 14 10 8 
5 8 6 4 12 16 0 11 7 9 14 1 13 3 15 2 
10 14 15 12 9 6 7 5 3 2 0 13 16 4 8 1 
7 2 11 0 14 8 5 13 6 10 3 9 4 15 16 1 
15 10 1 3 16 0 14 7 6 2 9 12 11 4 8 5 
1 3 9 13 8 2 16 7 4 0 6 15 11 12 5 10 
12 10 14 2 11 8 3 0 16 13 4 6 1 5 9 7 
7 4 0 11 3 10 12 13 5 6 9 1 8 14 2 15 
