5 10 15 12 9 8 16 1 7 14 6 4 2 13 3 11 
9 16 11 0 13 8 7 12 15 14 3 10 2 6 4 5 
0 8 12 1 4 7 6 13 14 3 10 15 9 5 16 11 
7 8 4 14 9 12 5 16 13 1 15 2 0 11 6 10 
7 13 12 16 11 10 1 5 15 8 9 0 14 6 2 3 
2 16 8 6 7 14 3 15 10 13 1 12 4 9 0 11 
11 9 1 14 13 10 5 2 12 0 3 16 4 8 15 7 
6 0 14 1 8 5 2 15 16 12 4 13 10 3 11 9 
12 15 6 11 7 1 0 10 9 4 16 3 2 5 14 13 
7 8 10 11 12 15 16 3 2 5 0 14 13 6 1 4 
16 9 14 2 3 5 12 13 7 4 6 1 8 11 15 0 
8 12 9 2 16 14 0 7 5 3 4 1 10 13 6 15 
3 15 1 14 8 4 16 7 0 11 6 2 9 13 10 5 
3 7 14 9 2 6 8 5 11 12 0 4 10 15 16 1 
6 3 8 15 13 12 9 1 5 0 11 7 4 2 10 16 
13 5 14 3 16 0 2 11 7 4 12 9 1 6 8 10 
6 11 0 9 2 14 10 13 1 15 3 8 7 5 12 4 
