12 1 5 8 4 10 16 3 11 14 2 15 13 7 9 6 
10 8 13 2 6 11 0 5 7 15 14 12 4 9 16 3 
0 16 1 14 4 3 13 12 9 6 5 15 7 8 11 10 
4 7 0 2 11 15 10 8 13 6 16 14 5 9 12 1 
0 3 6 7 1 11 15 2 13 8 12 16 14 10 5 9 
12 2 3 16 7 15 4 14 10 1 6 0 13 9 11 8 
3 5 13 1 11 15 9 16 7 4 8 10 0 2 12 14 
14 10 13 9 1 12 4 6 11 16 0 8 3 5 15 2 
4 12 15 6 2 9 10 16 5 7 13 0 3 11 1 14 
3 0 8 14 16 15 1 7 6 11 2 13 10 5 4 12 
7 11 3 9 5 14 2 16 6 12 15 13 1 4 0 8 
2 1 10 7 8 14 6 16 5 0 9 3 13 15 4 12 
0 11 10 5 1 13 7 16 6 8 3 15 14 2 9 4 
14 6 10 2 1 9 4 0 3 12 11 7 5 8 15 16 
3 11 1 15 16 0 10 12 2 5 4 13 9 7 8 6 
11 7 13 0 3 10 1 14 12 2 8 9 5 6 4 16 
10 3 6 12 7 1 8 2 4 9 14 11 15 5 0 13 
