6 3 1 2 9 15 14 13 4 16 7 12 10 11 5 8 
6 12 0 3 10 4 2 8 7 9 16 5 11 13 14 15 
15 10 14 1 13 7 3 16 5 8 4 9 6 0 11 12 
6 5 11 8 12 16 10 4 7 9 15 1 14 2 13 0 
12 0 7 10 9 11 15 1 6 14 13 5 2 8 16 3 
9 6 12 2 7 11 16 3 10 14 13 0 15 4 8 1 
15 1 10 5 3 7 14 11 9 2 4 12 16 8 13 0 
1 5 9 10 12 13 3 2 16 0 11 6 14 15 8 4 
11 4 12 5 9 13 15 2 7 10 3 16 6 0 14 1 
8 6 5 3 12 16 2 10 13 11 15 4 7 0 1 14 
15 12 8 3 2 0 1 14 7 5 16 11 6 4 13 9 
5 9 10 6 14 4 2 15 16 12 13 8 7 3 1 0 
0 10 5 7 16 13 4 11 15 3 8 6 2 9 1 14 
14 4 16 3 5 0 15 2 9 6 7 12 8 1 10 11 
16 12 8 0 4 13 1 10 2 5 11 6 3 9 7 15 
9 14 6 3 16 11 1 0 7 12 13 8 2 4 10 5 
2 3 11 1 10 8 9 15 6 7 0 13 12 14 4 5 
