14 2 13 9 8 16 6 5 4 12 3 1 11 10 7 15 
7 14 8 0 6 9 3 16 4 2 5 11 15 10 13 12 
8 15 4 0 13 3 10 9 16 11 14 12 5 6 1 7 
11 2 1 14 7 12 9 10 6 13 4 16 8 5 15 0 
13 15 6 3 7 9 11 2 10 8 1 16 14 12 5 0 
6 2 10 4 11 0 3 1 8 13 12 9 7 16 15 14 
4 9 14 5 12 0 1 16 13 7 2 15 11 10 3 8 
6 13 0 16 15 1 9 11 12 2 10 8 3 5 14 4 
5 11 0 13 10 6 14 9 7 4 15 12 1 2 16 3 
11 15 0 4 2 12 16 6 10 13 1 14 8 5 3 7 
9 12 7 5 4 16 2 15 11 0 6 3 8 13 14 1 
15 13 16 5 8 1 9 2 6 14 0 12 4 7 3 10 
6 1 7 0 9 11 5 13 10 14 15 2 8 4 16 3 
11 16 7 14 3 1 15 12 0 4 8 9 10 5 2 6 
5 0 16 10 2 8 3 7 13 4 12 11 1 6 9 15 
7 13 4 1 8 14 11 6 2 3 5 12 16 0 9 10 
2 7 0 13 6 11 8 12 9 3 15 14 5 10 1 4 
