7 4 11 8 1 16 6 13 14 3 2 10 15 5 12 9 
15 6 10 8 3 12 13 4 0 14 7 2 11 5 16 9 
6 7 5 14 10 13 4 15 9 3 11 1 12 0 8 16 
0 10 1 9 5 7 4 11 8 16 6 2 14 12 15 13 
11 1 12 8 0 5 15 7 14 2 6 16 13 9 3 10 
13 0 15 2 7 8 3 16 4 6 1 9 14 11 12 10 
13 11 3 16 9 5 4 2 12 0 1 7 8 14 10 15 
6 0 9 8 10 15 2 11 3 5 13 12 4 16 1 14 
5 2 1 13 7 12 16 3 15 14 9 6 11 4 0 10 
2 1 7 12 3 15 10 8 4 5 14 16 6 11 0 13 
8 5 3 14 7 9 4 13 16 15 0 1 2 6 12 11 
7 2 3 1 14 9 0 13 10 16 12 5 4 6 8 15 
3 6 1 5 15 7 9 10 4 16 2 14 11 8 13 0 
15 16 11 9 8 5 2 1 4 0 14 3 12 7 6 10 
16 0 10 5 2 8 7 13 4 12 15 1 6 9 3 11 
12 5 11 2 13 8 14 1 10 16 9 7 0 4 3 6 
0 3 2 15 6 10 13 5 9 12 4 8 11 7 14 1 
