3 14 11 8 16 12 2 10 13 4 5 6 1 7 9 15 
2 8 4 3 15 0 12 11 10 9 16 13 5 7 14 6 
0 8 10 6 7 3 13 9 14 4 16 15 12 1 5 11 
7 10 16 5 8 15 6 1 9 12 4 2 11 14 0 13 
3 12 5 8 0 16 2 15 9 7 1 14 10 11 6 13 
0 8 7 12 10 4 11 15 9 6 16 1 2 13 14 3 
8 3 9 11 1 0 2 16 4 10 12 14 7 15 13 5 
11 6 9 2 10 12 1 13 4 16 8 14 3 5 0 15 
2 11 10 7 15 13 1 14 5 0 9 4 6 12 3 16 
7 2 14 12 16 11 1 13 10 15 4 3 5 8 0 6 
9 13 14 6 11 0 15 2 4 3 12 1 5 8 7 16 
7 8 2 13 9 5 3 16 12 14 10 15 0 1 4 6 
1 7 3 0 14 15 16 6 10 8 4 13 2 11 5 9 
11 12 16 8 2 5 4 1 6 7 3 15 14 10 0 9 
7 6 11 4 12 9 15 5 2 1 10 8 0 13 16 3 
16 7 4 11 3 8 10 1 2 5 6 14 9 12 0 13 
7 4 12 0 2 10 3 6 9 8 15 13 11 5 1 14 
