5 9 3 7 11 2 6 14 4 15 1 13 12 10 16 8 
13 6 3 16 9 0 7 2 15 8 4 14 10 12 11 5 
6 10 16 15 11 12 3 14 4 9 1 13 5 7 0 8 
14 7 13 0 10 2 8 1 6 4 9 12 5 16 11 15 
5 10 0 2 9 6 16 3 13 1 11 12 7 8 14 15 
3 11 7 10 6 1 0 12 13 9 2 15 4 8 14 16 
10 2 4 13 16 5 1 14 9 15 7 11 8 3 0 12 
11 1 8 0 2 3 9 14 15 6 4 12 13 16 10 5 
3 5 15 1 16 2 14 12 11 6 0 13 9 7 4 10 
5 6 4 2 3 12 15 0 8 1 16 7 10 11 14 13 
9 16 0 15 12 11 5 4 6 7 1 14 3 8 2 13 
2 4 3 16 12 0 15 10 1 5 8 9 14 13 7 6 
16 0 9 11 4 7 15 2 3 10 14 1 6 8 5 13 
16 7 11 2 1 3 4 0 15 10 6 8 9 5 12 14 
7 2 12 1 13 15 5 3 16 10 4 0 11 9 6 8 
11 8 4 3 0 2 5 6 7 12 16 13 10 9 14 1 
4 14 5 0 11 1 2 15 3 7 10 6 8 12 9 13 
