5 15 12 10 8 4 14 1 7 6 13 16 9 2 3 11 
16 15 0 13 8 4 12 7 14 9 11 10 2 3 5 6 
1 8 0 13 12 7 4 6 14 3 10 15 5 9 16 11 
5 16 7 14 9 12 4 8 2 11 13 1 6 0 15 10 
13 7 16 12 11 10 5 1 9 15 8 0 14 3 6 2 
4 8 13 6 15 14 7 3 1 10 12 2 9 11 0 16 
1 11 9 2 5 0 4 10 12 14 16 3 7 8 13 15 
12 0 1 14 5 8 2 6 3 15 13 4 10 16 11 9 
0 11 6 1 15 10 7 12 4 9 3 16 5 14 13 2 
10 2 7 8 15 12 16 3 11 5 0 13 6 4 14 1 
6 14 9 16 5 3 12 13 2 1 4 7 11 0 8 15 
2 9 8 12 7 0 1 16 4 5 14 3 13 15 6 10 
1 6 15 2 8 7 4 16 11 3 0 14 5 9 10 13 
4 1 16 3 5 6 15 2 0 12 9 11 8 14 10 7 
8 15 3 11 1 13 9 12 0 5 6 7 16 2 10 4 
14 5 3 13 2 1 16 0 9 7 4 12 10 6 11 8 
11 7 9 6 13 14 10 2 15 8 3 1 12 0 4 5 
