7 12 10 11 9 5 3 2 16 8 1 13 4 14 15 6 
11 5 15 6 7 8 2 10 16 14 0 9 13 4 12 3 
10 4 14 1 5 8 12 6 7 9 13 0 11 15 16 3 
10 15 11 13 4 5 14 1 9 6 7 8 2 16 0 12 
3 10 15 2 14 11 12 9 1 6 0 8 7 5 13 16 
1 11 6 0 12 9 7 15 4 10 2 8 13 14 3 16 
16 9 8 12 4 13 7 1 10 11 3 0 5 14 2 15 
8 11 14 1 5 12 13 0 4 15 9 10 2 6 16 3 
3 4 0 13 10 12 16 6 9 15 1 14 5 7 2 11 
4 11 2 0 14 6 12 13 8 7 3 15 16 1 5 10 
16 4 11 8 0 15 6 5 7 12 14 3 9 13 1 2 
3 16 6 4 9 10 5 13 12 1 2 15 7 14 0 8 
10 11 6 14 8 15 13 0 2 4 9 16 7 3 5 1 
1 11 12 3 16 15 0 10 9 4 8 5 2 14 6 7 
12 8 3 10 5 0 11 9 6 2 13 4 7 16 15 1 
9 10 6 13 14 8 5 3 0 12 1 2 4 16 11 7 
10 7 14 0 12 4 15 5 8 11 13 2 6 1 3 9 
