6 2 9 10 13 5 1 7 14 11 4 16 3 12 8 15 
2 4 16 11 6 0 9 10 3 15 7 13 12 8 14 5 
6 14 9 4 12 8 1 7 10 13 16 3 5 0 11 15 
12 11 16 8 2 6 1 4 10 5 13 0 9 14 15 7 
9 8 14 1 10 15 0 13 6 2 3 16 11 12 7 5 
16 10 9 6 12 14 4 7 11 15 3 0 2 1 13 8 
16 1 0 9 8 4 11 2 14 5 10 3 7 15 13 12 
12 13 1 5 2 16 4 11 3 0 15 14 9 6 10 8 
4 11 6 16 2 9 14 1 12 15 13 7 10 5 0 3 
12 10 14 16 1 13 4 3 8 11 6 2 5 15 7 0 
6 8 1 9 13 4 5 11 12 0 7 15 2 14 16 3 
8 7 12 15 6 4 0 13 1 2 10 9 5 14 3 16 
1 0 3 16 10 5 13 7 11 4 15 14 6 9 2 8 
9 1 0 12 11 15 6 8 2 16 14 4 10 7 5 3 
5 3 7 12 10 13 4 16 11 6 9 1 8 0 15 2 
3 13 4 1 14 16 2 12 0 6 9 11 10 8 7 5 
12 4 2 6 1 13 10 3 7 15 14 0 9 5 8 11 
