12 14 2 8 15 7 10 13 9 6 4 11 1 5 16 3 
15 14 6 0 9 5 4 2 3 11 10 8 12 16 7 13 
6 13 5 10 12 7 1 0 11 9 8 15 14 4 3 16 
7 4 1 14 11 12 6 0 10 15 16 9 5 13 2 8 
5 0 11 10 8 1 6 13 16 14 12 9 3 7 15 2 
13 9 12 3 6 10 14 8 11 4 0 16 1 7 15 2 
2 8 1 16 4 15 0 13 10 5 9 14 11 3 7 12 
4 5 0 8 1 6 12 15 11 2 9 3 13 10 16 14 
4 1 10 15 5 2 6 3 9 0 7 14 13 16 11 12 
6 1 0 13 8 10 7 4 11 16 15 2 3 12 5 14 
1 8 4 12 2 14 0 7 9 5 11 13 6 15 16 3 
7 4 3 13 10 2 12 6 8 15 5 14 0 9 16 1 
15 5 16 4 2 6 7 9 10 11 1 14 3 8 13 0 
1 5 7 11 6 3 4 14 15 12 8 9 10 16 0 2 
10 11 1 3 6 16 7 8 0 15 12 5 9 2 13 4 
9 10 3 0 6 11 12 4 2 13 1 14 7 16 5 8 
14 13 15 11 0 1 8 3 2 10 4 12 7 9 6 5 
