15 3 9 12 6 10 13 8 7 1 16 11 2 5 4 14 
9 7 6 16 4 10 8 11 5 14 2 15 3 12 0 13 
4 12 8 14 9 1 13 3 0 5 11 15 10 16 7 6 
6 12 7 5 11 4 13 1 14 15 9 16 10 0 2 8 
5 12 7 10 9 11 0 13 16 3 15 2 8 6 1 14 
9 12 8 4 6 0 15 2 10 13 16 14 1 3 7 11 
1 10 16 15 11 8 0 3 4 9 7 5 13 14 2 12 
12 16 2 8 5 0 1 14 13 4 10 15 3 11 6 9 
4 16 5 1 6 11 0 9 3 15 10 12 7 14 13 2 
2 5 6 13 3 0 10 1 16 11 12 14 4 15 7 8 
4 6 1 15 13 12 5 11 0 14 3 16 9 2 7 8 
2 0 16 7 15 8 1 13 9 14 10 5 3 4 12 6 
16 8 13 11 4 9 1 2 3 6 10 5 0 14 7 15 
15 6 0 16 10 2 3 9 12 14 4 11 7 8 5 1 
5 8 16 3 10 6 2 11 7 4 13 0 9 15 12 1 
8 9 5 16 12 2 7 0 3 14 10 11 6 13 4 1 
14 6 7 10 12 3 2 4 15 8 5 11 9 1 13 0 
