4 3 1 2 9 15 14 13 16 7 12 6 10 11 8 5 
0 6 12 3 4 2 8 10 9 16 5 7 15 14 13 11 
10 15 1 14 7 13 3 16 5 8 4 9 11 6 0 12 
5 11 8 6 16 12 4 10 15 1 9 7 14 2 0 13 
12 0 7 10 15 9 1 11 13 5 14 6 2 8 16 3 
6 12 9 2 7 11 16 3 10 14 13 0 4 8 1 15 
1 10 15 5 3 7 14 11 2 12 4 9 16 8 13 0 
9 5 1 10 3 12 2 13 0 11 16 6 15 8 4 14 
5 4 11 12 9 13 15 2 7 10 16 3 0 6 14 1 
6 5 8 3 16 2 12 10 13 11 15 4 7 0 14 1 
12 8 3 15 2 0 1 14 16 11 5 7 6 9 4 13 
6 9 10 5 14 4 15 2 12 16 13 8 1 0 7 3 
5 7 10 0 13 4 16 11 3 8 15 6 9 2 1 14 
14 4 16 3 0 5 15 2 7 12 9 6 8 10 11 1 
16 12 8 0 1 10 13 4 2 5 11 6 3 9 15 7 
9 14 6 3 11 1 16 0 13 8 12 7 4 10 2 5 
3 2 11 1 15 8 10 9 6 7 13 0 4 12 14 5 
