10 16 7 1 15 6 5 12 2 4 3 11 14 8 13 9 
3 6 12 9 16 7 2 15 10 4 0 11 8 14 5 13 
4 11 6 13 10 0 9 7 15 5 14 1 12 8 16 3 
1 2 5 0 9 14 11 12 10 16 15 13 7 6 8 4 
15 0 5 6 13 3 12 8 9 10 2 16 7 11 1 14 
6 2 14 16 10 9 7 4 11 8 3 15 1 12 0 13 
10 4 1 14 3 9 15 0 11 5 16 8 12 13 2 7 
1 4 15 2 8 6 12 0 14 11 10 3 13 9 16 5 
15 0 7 11 9 3 5 1 4 12 14 16 2 10 6 13 
7 12 1 4 10 14 0 8 13 5 3 2 6 15 16 11 
11 9 15 1 12 16 8 0 6 7 14 5 13 3 4 2 
12 3 0 14 13 7 15 8 6 1 16 9 4 10 5 2 
6 1 0 13 10 3 15 5 16 2 7 9 11 4 14 8 
16 3 1 14 7 4 0 5 6 8 10 2 12 15 11 9 
7 3 6 4 8 9 1 13 16 0 5 11 10 12 15 2 
14 6 13 7 8 9 10 5 0 4 16 3 11 2 12 1 
3 6 10 1 8 4 13 15 11 7 5 12 14 0 9 2 
