8 16 6 15 1 4 9 11 14 2 12 5 10 3 13 7 
5 7 2 8 4 12 11 9 16 14 13 10 6 0 3 15 
10 4 9 8 0 16 7 15 13 12 14 1 3 6 5 11 
7 9 12 5 4 0 10 14 8 6 13 11 16 1 2 15 
11 8 14 15 1 2 13 0 3 6 9 12 16 10 7 5 
9 3 0 13 8 4 16 11 12 6 15 2 7 10 14 1 
5 13 1 15 10 3 16 9 11 2 4 14 7 8 12 0 
0 4 16 6 10 3 14 8 1 15 5 12 13 11 2 9 
1 5 10 15 6 14 11 2 7 3 4 12 9 16 0 13 
15 14 3 5 8 6 10 13 0 11 1 7 4 12 2 16 
6 2 9 0 16 12 8 14 7 15 1 11 4 5 13 3 
4 5 1 6 15 8 3 9 13 7 16 12 14 0 2 10 
7 4 15 13 9 8 14 1 0 10 6 2 11 5 16 3 
14 9 5 16 11 10 15 12 4 1 0 8 2 6 3 7 
1 16 8 2 5 4 15 9 12 6 13 10 3 11 7 0 
12 0 10 11 1 4 16 3 7 9 6 14 13 5 8 2 
4 15 13 14 0 12 8 3 5 11 10 6 2 7 9 1 
