10 12 11 8 1 16 5 2 13 4 3 6 15 7 14 9 
16 6 8 12 10 13 4 9 0 11 7 2 15 5 3 14 
12 3 8 1 0 4 14 7 9 5 11 13 15 10 16 6 
10 16 9 5 13 4 11 14 6 0 15 2 8 1 7 12 
12 6 2 15 5 13 8 7 11 1 9 16 14 0 3 10 
7 4 3 2 6 9 14 1 15 10 8 11 12 16 0 13 
11 1 16 3 9 8 13 2 7 14 10 12 0 15 5 4 
16 4 6 8 3 12 9 0 11 14 2 5 10 13 15 1 
2 10 16 14 3 12 13 7 9 0 15 1 5 6 11 4 
6 5 7 0 11 15 3 16 4 12 14 1 8 2 10 13 
11 6 0 13 14 5 16 12 9 8 4 7 3 1 2 15 
13 6 1 14 9 7 16 2 8 5 3 0 15 12 10 4 
1 15 8 5 16 14 13 0 3 4 9 2 6 10 7 11 
7 16 4 15 9 6 12 5 8 11 14 3 2 0 10 1 
8 0 16 4 1 15 7 11 13 2 12 5 3 9 6 10 
13 7 16 3 1 5 4 10 0 12 11 9 6 14 2 8 
9 14 8 15 12 11 4 2 6 0 13 1 3 10 7 5 
