2 14 13 16 3 11 15 8 4 12 10 7 1 6 9 5 
4 2 5 13 8 16 15 7 11 10 0 6 14 3 12 9 
3 15 6 8 9 14 12 10 4 7 0 13 16 1 11 5 
1 12 13 9 11 5 2 15 14 7 16 8 6 0 4 10 
6 11 1 14 9 5 8 10 0 7 2 15 12 13 16 3 
8 2 0 14 13 9 15 3 16 7 11 12 4 1 6 10 
12 15 11 1 0 2 4 3 9 16 7 5 10 8 14 13 
8 2 3 5 12 13 6 14 1 4 9 16 11 10 0 15 
6 15 5 12 1 13 16 3 7 0 10 2 11 14 9 4 
10 5 16 3 6 7 1 15 14 8 13 0 12 4 2 11 
13 5 4 1 16 14 2 15 0 11 7 3 12 9 6 8 
13 10 3 12 7 5 14 4 16 6 8 0 9 1 2 15 
1 13 4 15 10 16 9 11 6 2 7 8 14 5 0 3 
12 8 9 4 6 5 14 16 7 10 15 2 11 0 1 3 
4 3 8 1 2 16 12 5 10 13 6 9 0 15 11 7 
6 7 3 16 9 0 2 4 11 10 14 1 12 8 5 13 
15 4 14 3 8 1 11 9 13 2 6 7 10 12 5 0 
