14 4 5 12 16 7 13 11 10 3 15 1 6 8 9 2 
16 15 13 12 10 0 3 6 7 9 5 8 14 2 11 4 
7 5 10 14 8 11 0 13 1 16 15 6 12 3 9 4 
16 9 13 0 8 11 10 5 6 7 4 15 2 12 14 1 
13 6 1 15 14 11 10 9 0 3 5 2 16 12 7 8 
6 11 10 7 1 9 16 3 15 0 4 8 2 14 13 12 
7 12 2 0 8 14 16 3 9 5 1 11 15 10 4 13 
5 3 6 13 2 16 9 10 4 8 14 1 11 12 15 0 
2 0 16 12 3 6 15 5 9 11 14 7 4 10 13 1 
10 4 2 3 15 14 5 13 8 1 12 6 11 0 16 7 
8 14 3 16 1 4 0 11 2 5 7 13 9 15 6 12 
7 3 14 1 8 9 15 2 10 16 0 13 6 12 5 4 
9 15 13 14 0 10 8 6 4 7 16 3 1 11 2 5 
15 5 11 8 16 1 4 0 12 3 7 10 14 9 2 6 
8 9 5 4 6 11 3 16 13 7 2 1 12 10 0 15 
6 7 14 0 3 10 8 9 4 13 16 2 1 12 11 5 
6 11 13 4 0 12 8 9 10 5 1 14 7 3 2 15 
