8 12 15 6 10 9 2 13 1 11 4 7 14 5 3 16 
15 9 5 7 11 10 13 16 12 2 8 0 4 3 6 14 
6 8 1 10 14 15 9 13 16 7 4 0 5 3 11 12 
2 4 13 12 5 10 7 14 16 0 11 6 9 1 8 15 
12 15 7 14 0 8 11 1 10 9 16 3 6 13 2 5 
14 4 2 8 0 7 10 11 9 12 6 16 1 13 3 15 
2 9 8 16 5 0 11 15 4 10 14 1 13 12 3 7 
10 5 12 2 9 8 16 11 4 15 3 1 14 6 13 0 
12 10 15 2 16 5 1 14 3 7 11 6 9 4 0 13 
4 14 11 2 8 5 16 3 7 1 13 6 10 12 15 0 
6 11 15 2 13 5 14 8 4 3 7 12 1 0 16 9 
8 9 0 7 3 2 14 1 12 6 16 15 4 5 13 10 
15 14 0 7 2 5 4 16 6 10 9 1 11 8 3 13 
14 9 5 6 0 12 1 11 3 15 8 10 16 4 7 2 
13 11 15 16 7 2 3 9 5 12 8 1 4 6 10 0 
0 3 6 10 7 8 14 2 11 4 9 5 1 12 16 13 
4 6 8 7 3 9 2 15 11 10 14 12 5 1 13 0 
