6 2 14 1 13 3 15 9 12 4 7 16 5 11 8 10 
3 12 6 0 2 4 10 8 9 5 7 16 11 13 14 15 
1 5 15 10 7 13 3 16 14 9 4 8 6 0 12 11 
11 8 5 6 4 12 10 16 7 1 9 15 14 2 0 13 
12 10 7 0 16 15 11 9 13 5 6 14 2 3 8 1 
12 6 2 9 11 7 16 3 14 10 13 0 4 1 15 8 
5 15 10 1 14 7 11 3 2 4 9 12 16 8 0 13 
1 5 10 9 12 3 13 2 11 6 0 16 14 15 8 4 
5 11 4 12 13 9 15 2 7 10 16 3 0 6 14 1 
5 3 8 6 10 16 2 12 11 13 15 4 7 0 14 1 
15 3 5 12 2 0 1 14 7 16 8 11 9 4 13 6 
6 9 10 5 14 4 2 15 8 3 16 13 12 0 1 7 
0 10 5 7 11 16 4 13 8 15 6 3 9 2 14 1 
4 14 3 16 0 5 15 2 6 9 7 12 8 11 1 10 
16 12 8 0 1 4 10 13 11 2 5 6 3 9 7 15 
3 9 14 6 11 16 0 1 8 7 12 13 10 4 5 2 
3 8 11 1 9 10 2 15 6 7 0 13 5 14 12 4 
