13 8 5 12 15 7 11 1 10 14 16 6 4 3 9 2 
10 14 7 6 4 5 11 12 2 16 13 0 9 3 8 15 
4 6 13 0 7 12 16 3 15 8 10 5 9 11 14 1 
2 0 7 5 8 15 14 4 11 9 13 6 12 10 16 1 
8 12 13 7 11 1 15 5 9 10 16 0 3 6 14 2 
13 15 1 4 10 11 14 8 6 3 0 12 2 16 9 7 
1 0 11 9 2 16 4 5 12 14 10 15 13 7 3 8 
0 4 2 15 6 8 16 3 12 5 11 10 13 9 1 14 
9 11 14 13 15 0 12 3 7 10 16 4 1 6 5 2 
4 14 10 6 1 11 3 13 0 8 5 15 16 7 2 12 
6 2 12 11 4 13 9 7 5 1 16 3 8 14 15 0 
0 15 12 10 2 1 9 8 13 5 3 14 6 7 4 16 
14 1 15 2 0 16 4 5 3 11 13 8 6 7 9 10 
14 0 16 3 4 10 2 12 6 9 15 5 1 11 7 8 
8 10 16 4 7 12 1 11 6 0 5 3 9 13 15 2 
2 3 8 13 12 16 9 14 6 11 0 7 1 4 5 10 
9 10 8 0 13 11 2 5 1 15 3 6 12 7 4 14 
