3 7 12 15 11 4 1 14 8 5 9 16 2 10 13 6 
14 0 9 2 5 3 11 12 10 13 6 4 8 15 7 16 
6 16 5 9 7 14 10 8 3 12 11 4 15 1 0 13 
0 14 15 2 4 12 13 16 1 11 5 7 10 9 8 6 
10 16 9 2 13 6 1 8 0 3 5 11 15 14 7 12 
13 3 6 10 4 15 1 16 11 0 2 12 7 9 14 8 
0 8 1 14 15 4 3 16 13 11 10 5 9 2 12 7 
2 14 0 11 10 12 13 1 16 8 6 9 5 4 3 15 
16 5 12 6 15 10 7 1 9 2 14 0 13 3 4 11 
0 15 1 16 4 3 5 11 12 8 13 14 2 10 6 7 
11 4 1 0 2 7 9 12 15 14 5 3 16 8 13 6 
16 5 9 6 12 10 13 3 14 8 0 2 4 7 15 1 
15 3 0 4 13 5 7 6 9 8 16 10 2 11 14 1 
9 14 2 0 4 15 3 6 7 1 8 10 12 11 5 16 
5 12 16 7 1 10 3 4 0 11 2 15 9 6 13 8 
11 5 3 12 7 9 16 6 2 14 4 0 10 13 1 8 
3 6 13 1 10 14 9 8 2 12 7 5 15 0 11 4 
