3 6 4 2 9 13 1 14 15 16 7 12 10 8 11 5 
3 12 8 0 15 4 5 10 6 11 7 9 2 14 13 16 
6 5 10 15 7 12 13 16 4 3 8 9 11 0 14 1 
16 8 6 4 12 10 11 5 9 1 7 15 2 14 13 0 
2 1 5 3 10 6 9 14 11 7 12 13 0 8 15 16 
1 0 6 2 11 7 3 16 10 13 14 9 15 4 12 8 
12 0 8 10 4 5 11 7 9 13 3 2 16 15 1 14 
1 9 5 10 13 3 2 12 6 16 11 0 15 8 14 4 
11 12 7 16 9 15 13 0 4 5 1 14 10 6 2 3 
1 5 15 8 7 14 10 16 2 12 6 4 3 11 13 0 
7 1 5 0 2 13 8 14 15 11 16 12 9 6 3 4 
6 10 0 9 4 14 2 15 16 12 13 8 7 3 5 1 
0 4 1 5 7 13 16 3 6 8 11 15 9 10 14 2 
6 7 3 16 0 5 2 15 11 10 12 9 4 8 1 14 
8 3 0 2 1 4 10 9 11 6 12 16 13 15 5 7 
3 5 2 8 1 16 0 4 7 12 13 14 9 6 10 11 
11 1 10 3 8 0 2 14 7 9 12 13 4 6 5 15 
