5 10 13 12 11 1 9 8 16 7 14 4 3 6 15 2 
16 0 9 10 8 7 12 13 11 3 14 15 4 5 6 2 
8 12 5 1 13 15 6 7 10 14 3 4 11 16 9 0 
7 11 14 1 9 4 16 12 10 13 15 2 0 8 5 6 
7 8 16 12 1 11 10 5 15 9 13 0 2 14 6 3 
2 8 6 16 3 15 11 4 1 12 13 10 14 7 0 9 
10 13 1 14 5 2 11 8 12 4 3 16 0 7 9 15 
1 6 5 15 14 2 0 8 16 4 13 12 3 11 9 10 
6 15 11 12 10 7 0 1 13 16 9 4 14 5 2 3 
13 7 11 10 5 15 16 3 0 12 14 2 8 4 6 1 
16 13 15 2 9 3 5 12 6 1 7 4 14 8 0 11 
8 12 9 2 7 16 0 14 4 5 6 1 15 13 10 3 
3 1 10 15 16 7 6 4 11 8 0 2 9 5 14 13 
14 4 3 9 5 2 6 8 16 7 0 12 15 1 11 10 
7 6 2 15 9 10 13 1 11 5 0 8 4 12 16 3 
14 13 5 3 2 11 16 0 9 4 7 12 6 1 8 10 
9 6 10 11 13 2 14 8 3 0 15 1 7 12 4 5 
