2 9 4 3 6 13 1 14 15 7 12 16 8 10 5 11 
6 12 13 0 4 10 15 9 3 7 11 5 2 14 8 16 
10 6 4 5 13 16 12 7 15 8 11 14 1 3 0 9 
6 2 8 4 10 14 12 5 0 9 1 7 11 16 15 13 
3 5 1 2 10 9 0 6 15 13 11 12 8 7 16 14 
6 1 2 0 7 10 16 11 9 13 14 3 15 4 12 8 
12 1 10 0 7 4 11 5 2 3 13 9 14 16 15 8 
13 5 9 12 3 10 2 15 16 6 11 0 4 8 1 14 
12 10 16 1 11 9 13 0 15 4 5 14 2 3 7 6 
15 8 5 1 10 16 7 14 2 4 6 12 11 3 0 13 
5 7 0 1 2 14 12 13 8 11 15 16 3 6 4 9 
10 6 9 0 4 14 2 15 13 12 8 16 5 1 7 3 
4 0 1 5 7 13 16 3 15 8 11 6 14 2 9 10 
3 10 6 0 5 15 7 16 2 12 9 11 4 8 14 1 
2 0 3 5 10 9 1 4 16 11 6 12 15 13 8 7 
8 2 5 3 0 16 14 1 7 6 12 11 10 4 9 13 
6 10 9 3 15 14 13 0 12 8 7 11 5 2 4 1 
