7 12 1 14 9 15 4 3 8 10 6 2 5 11 16 13 
15 7 4 9 10 0 12 2 8 16 13 6 3 14 11 5 
12 9 10 6 7 15 4 0 11 8 14 1 5 13 16 3 
9 1 2 15 11 4 16 12 13 8 14 6 5 10 7 0 
6 5 10 0 1 15 7 8 12 14 16 3 13 11 2 9 
11 15 14 12 6 8 13 10 1 4 2 0 7 9 16 3 
10 13 5 9 14 15 4 3 1 2 16 12 0 7 11 8 
16 5 6 0 14 8 10 12 13 9 1 4 11 3 15 2 
5 10 16 3 13 1 15 4 9 2 6 0 14 11 12 7 
0 2 6 10 4 5 16 3 7 8 1 14 13 11 12 15 
15 9 7 3 11 12 1 14 0 8 6 2 16 4 13 5 
3 15 14 1 12 10 13 9 8 6 0 7 5 2 4 16 
4 16 1 5 10 3 6 13 8 7 2 0 14 11 9 15 
16 6 5 4 9 0 1 10 11 2 14 8 12 3 7 15 
8 10 7 0 6 5 9 16 13 3 15 11 4 12 2 1 
8 6 4 0 16 7 14 1 2 12 3 9 10 11 13 5 
0 1 15 7 5 8 9 14 4 10 13 6 12 2 11 3 
