10 11 2 16 9 7 5 8 14 13 4 3 6 12 15 1 
14 4 0 9 6 2 5 7 10 11 3 12 13 8 16 15 
9 13 3 7 10 4 12 15 5 0 14 6 11 8 16 1 
12 16 6 0 10 1 4 8 13 7 14 9 11 5 15 2 
12 8 5 11 2 6 14 9 7 10 16 0 1 15 3 13 
8 4 13 0 11 1 15 7 2 9 12 10 6 14 3 16 
2 9 8 7 4 5 15 1 3 0 12 11 14 10 16 13 
4 13 6 11 12 16 1 9 2 3 0 5 14 15 8 10 
15 3 14 0 10 5 9 1 4 7 2 12 11 16 13 6 
6 10 4 7 13 16 15 1 8 0 11 2 5 14 12 3 
7 8 12 3 16 4 13 0 15 6 11 9 5 2 14 1 
6 8 1 10 0 7 15 9 4 2 3 16 13 14 5 12 
2 1 13 0 3 5 9 10 14 7 11 8 16 15 4 6 
7 1 6 0 10 5 15 2 9 3 4 11 16 12 8 14 
1 2 4 0 13 15 12 9 3 8 5 6 10 11 16 7 
7 11 5 0 9 4 14 1 13 2 12 6 8 10 3 16 
4 7 1 12 11 5 13 9 8 14 2 15 0 6 10 3 
