2 13 4 1 14 3 9 6 12 16 7 15 11 5 10 8 
8 12 0 3 10 2 4 5 7 9 11 6 15 16 13 14 
15 10 14 1 3 16 7 13 4 9 5 8 6 12 0 11 
8 6 4 5 16 10 11 12 7 9 1 15 2 14 0 13 
1 0 7 3 10 15 9 11 6 14 13 5 12 8 2 16 
9 6 12 2 7 11 16 3 0 13 10 14 8 1 4 15 
5 0 10 1 7 14 3 11 9 2 12 4 13 8 16 15 
5 1 9 10 13 3 2 12 11 16 6 0 4 15 14 8 
12 16 11 7 9 10 15 13 5 4 14 2 6 1 3 0 
15 8 5 1 16 14 2 10 6 11 4 12 7 3 13 0 
3 15 12 8 13 2 1 14 16 5 7 11 9 4 0 6 
10 9 5 6 4 14 2 15 16 8 13 12 3 0 7 1 
5 1 0 7 13 4 3 16 6 15 11 8 2 10 9 14 
10 4 16 3 0 5 2 15 7 12 6 9 8 11 1 14 
11 2 0 8 3 10 1 13 6 16 5 12 7 15 4 9 
6 14 2 3 11 0 16 1 8 13 12 7 5 10 4 9 
11 3 1 9 8 2 10 14 12 7 0 13 15 4 6 5 
