8 13 5 12 7 11 15 1 14 6 10 16 4 2 3 9 
10 7 14 6 5 4 11 12 2 16 13 0 9 15 3 8 
4 0 6 3 12 7 13 16 8 10 14 5 15 11 9 1 
7 5 2 0 14 11 16 15 6 13 8 9 12 1 4 10 
13 8 7 12 0 15 5 11 16 9 1 10 14 6 2 3 
13 15 4 1 14 10 11 8 6 12 0 3 16 7 2 9 
1 0 9 11 4 5 2 16 14 10 15 12 7 8 3 13 
0 4 2 15 6 8 16 3 12 5 10 11 13 9 1 14 
13 3 14 11 15 0 12 9 7 16 10 4 1 5 6 2 
12 4 14 6 1 3 11 13 0 8 15 5 10 16 2 7 
12 6 2 11 8 4 9 7 1 5 16 3 15 13 0 14 
0 15 12 16 2 8 9 1 14 5 13 3 7 10 4 6 
1 14 2 15 4 0 5 16 8 11 6 3 9 7 10 13 
14 0 3 16 10 2 12 4 5 6 9 15 7 1 11 8 
4 8 10 0 1 7 16 11 5 3 9 12 13 6 15 2 
13 11 2 8 16 12 14 9 0 7 6 3 5 10 1 4 
10 8 9 0 13 2 5 11 15 1 3 6 4 7 12 14 
