7 1 11 15 14 5 2 6 13 16 8 10 12 3 4 9 
11 7 16 0 4 2 10 3 8 13 14 6 5 12 9 15 
4 11 6 1 7 0 8 3 13 9 5 14 16 12 15 10 
13 2 10 1 4 16 11 9 7 12 5 8 6 15 0 14 
15 7 0 10 13 12 1 16 14 2 8 11 9 3 6 5 
2 14 16 3 6 7 4 1 12 8 15 11 10 9 0 13 
9 13 15 2 14 12 0 4 10 11 1 3 5 16 7 8 
12 15 3 14 1 16 5 10 8 6 2 0 9 11 4 13 
6 2 7 12 4 10 14 1 9 15 3 16 11 5 13 0 
10 4 6 8 11 14 3 16 1 12 0 2 13 5 7 15 
4 16 5 8 0 11 2 15 7 9 14 1 12 13 6 3 
8 9 14 1 12 16 6 7 10 5 15 2 3 4 0 13 
2 9 8 11 7 14 10 3 16 6 13 15 0 5 1 4 
1 2 0 16 12 7 10 9 11 6 3 5 15 4 14 8 
5 0 3 16 1 9 6 15 11 12 8 10 13 4 7 2 
1 8 13 3 6 5 10 11 9 14 12 0 4 7 16 2 
14 13 11 7 5 12 2 4 1 15 8 3 6 0 10 9 
