9 13 16 10 1 6 3 8 7 14 4 5 12 11 15 2 
12 0 9 16 10 13 11 8 7 15 14 3 4 6 5 2 
5 1 16 8 15 7 13 6 9 4 14 10 11 12 3 0 
12 5 14 7 16 2 10 4 13 1 15 9 0 6 11 8 
15 12 8 0 11 6 5 1 10 13 9 7 14 2 16 3 
16 2 8 6 13 4 3 11 10 12 1 14 15 9 7 0 
1 10 9 5 13 2 11 8 4 12 16 3 7 0 14 15 
2 5 1 4 8 13 3 15 11 16 0 6 10 14 9 12 
11 6 1 15 13 7 9 2 12 5 4 10 14 0 16 3 
10 11 0 13 16 3 15 2 7 14 12 5 4 1 8 6 
16 6 2 15 12 9 3 5 1 4 13 7 8 11 0 14 
9 12 2 8 16 14 7 0 4 5 13 1 15 3 10 6 
1 3 0 15 4 16 6 9 10 2 11 8 7 13 5 14 
14 9 4 3 5 6 2 0 7 16 12 8 1 10 11 15 
6 7 2 15 9 13 1 16 11 0 8 5 12 3 10 4 
14 3 13 5 0 16 11 2 12 7 9 4 8 6 1 10 
1 11 9 10 4 14 8 15 2 0 6 3 12 5 7 13 
