12 5 13 10 8 1 4 6 7 14 15 16 2 11 9 3 
6 7 14 10 11 5 4 12 16 2 0 13 9 3 8 15 
13 16 12 4 7 6 0 3 15 1 8 10 9 14 11 5 
0 5 7 9 15 8 14 4 13 11 6 2 10 1 12 16 
8 7 12 13 11 1 10 5 9 16 15 0 14 6 3 2 
7 15 13 11 14 8 4 10 3 6 1 12 16 0 2 9 
9 1 11 0 2 4 5 16 3 12 14 10 13 7 8 15 
0 12 2 15 6 1 8 16 11 3 4 5 14 13 10 9 
0 11 14 1 3 15 9 12 16 4 10 7 5 13 6 2 
6 10 11 7 12 13 14 1 0 15 5 8 2 4 16 3 
11 16 12 6 5 4 13 9 7 2 14 1 15 8 0 3 
10 14 0 4 6 16 7 12 5 3 8 2 13 15 9 1 
1 6 2 15 4 16 8 7 11 0 10 3 5 14 13 9 
0 12 3 16 1 2 10 11 5 15 6 9 4 7 8 14 
8 15 11 13 16 1 7 9 3 5 6 0 12 2 4 10 
3 2 8 13 9 12 14 1 6 11 4 0 10 5 16 7 
1 8 0 6 14 7 2 13 10 3 9 15 4 12 11 5 
