8 6 2 15 9 10 5 13 4 7 1 11 14 12 3 16 
3 12 7 9 11 8 13 16 0 10 6 2 4 15 14 5 
1 6 10 8 9 13 15 14 4 12 5 7 0 11 3 16 
12 5 7 8 4 10 2 16 11 6 9 14 15 1 13 0 
7 15 12 16 11 1 0 8 3 10 9 14 2 6 5 13 
2 4 0 13 10 11 7 14 1 6 16 12 9 8 3 15 
2 12 14 1 0 15 5 11 4 10 16 9 7 8 3 13 
2 5 10 12 16 13 11 8 4 15 1 3 6 9 0 14 
14 7 15 10 1 5 2 16 6 0 11 3 13 12 9 4 
5 8 16 14 12 4 6 11 1 3 15 10 2 7 13 0 
14 11 7 2 4 15 13 12 9 8 6 3 0 16 1 5 
9 1 12 2 4 0 8 10 14 6 16 15 7 5 13 3 
7 15 10 0 13 2 3 6 5 4 14 1 16 11 8 9 
0 15 6 16 11 12 1 14 3 5 10 8 2 7 4 9 
7 15 13 1 11 2 16 3 9 0 12 8 5 4 10 6 
6 8 4 7 14 3 0 12 11 5 9 2 1 13 16 10 
12 13 6 10 5 3 2 15 4 14 8 11 7 1 0 9 
