13 15 11 4 14 7 9 8 6 16 5 12 10 2 3 1 
7 3 0 13 11 9 6 14 12 15 5 16 8 4 10 2 
14 7 12 9 6 1 0 3 16 8 4 5 11 10 13 15 
8 2 7 13 12 11 0 16 10 6 1 5 14 15 4 9 
8 9 16 7 3 13 12 15 5 10 14 0 6 1 2 11 
2 6 0 4 11 13 9 12 8 14 16 10 3 7 1 15 
7 12 8 13 0 16 1 14 15 4 3 11 10 5 9 2 
16 13 11 2 3 9 14 1 8 5 6 4 15 10 0 12 
11 14 12 6 4 0 15 1 13 10 3 16 2 7 5 9 
0 4 10 12 2 11 8 3 13 5 15 14 16 7 6 1 
1 12 3 2 11 0 7 16 13 14 6 5 4 8 15 9 
7 6 3 5 12 13 16 4 9 8 1 10 14 0 2 15 
10 11 13 0 15 8 6 9 1 5 3 16 2 7 4 14 
3 0 9 8 4 15 10 7 16 6 2 12 11 5 14 1 
6 15 5 7 11 1 4 8 0 10 12 3 13 16 9 2 
16 4 1 9 14 12 2 0 5 6 8 13 3 10 7 11 
6 12 13 4 8 15 14 1 0 10 11 7 3 9 5 2 
