1 11 10 7 15 3 14 9 13 5 8 6 2 16 4 12 
7 16 2 0 5 4 6 8 11 9 14 3 10 13 15 12 
7 12 14 8 16 5 10 13 15 6 11 4 3 1 9 0 
5 12 4 16 1 0 2 10 14 9 6 15 7 11 8 13 
11 7 3 0 6 14 15 8 13 2 10 5 9 12 1 16 
12 2 9 10 8 14 13 15 11 3 6 4 16 1 0 7 
0 7 11 8 3 5 13 10 16 2 9 1 14 15 12 4 
4 3 11 6 9 15 14 12 5 13 10 8 1 0 2 16 
3 6 7 9 4 10 2 5 1 13 16 15 0 14 12 11 
5 10 0 12 16 2 14 1 4 15 11 6 8 7 13 3 
5 16 2 15 11 6 4 7 0 12 9 1 8 13 3 14 
8 1 13 10 12 14 9 2 3 4 6 5 15 16 0 7 
10 14 15 3 5 2 9 13 0 4 1 16 8 11 7 6 
0 6 4 11 9 8 5 7 10 2 1 12 14 15 16 3 
5 4 3 6 9 12 2 15 7 11 0 16 10 13 1 8 
0 1 16 11 7 3 13 5 4 6 8 10 12 14 2 9 
3 4 11 5 8 9 14 2 1 7 13 0 15 12 6 10 
