14 2 8 12 13 15 7 10 11 6 4 9 1 5 16 3 
15 0 6 14 9 5 2 4 3 8 11 10 7 13 12 16 
6 10 5 13 1 7 12 0 15 9 8 11 4 14 3 16 
7 4 1 14 12 6 11 0 10 9 16 15 13 5 8 2 
0 5 11 10 8 13 1 6 9 14 12 16 3 7 2 15 
13 9 3 12 6 14 8 10 0 16 11 4 7 1 2 15 
1 2 8 16 4 15 0 13 10 14 9 5 11 7 12 3 
5 0 4 8 6 12 15 1 11 9 2 3 14 10 13 16 
1 4 15 10 2 3 5 6 7 14 9 0 16 13 12 11 
1 6 0 13 4 7 8 10 11 16 15 2 12 3 14 5 
4 12 8 1 14 0 7 2 9 13 5 11 6 15 3 16 
13 4 7 3 6 10 2 12 15 14 8 5 9 1 16 0 
15 5 16 4 10 6 9 7 11 2 1 14 8 3 13 0 
1 5 7 11 6 3 14 4 12 9 15 8 16 2 10 0 
11 1 3 10 7 16 6 8 5 0 12 15 4 13 9 2 
3 9 10 0 6 4 11 12 13 2 1 14 7 16 8 5 
14 15 11 13 1 3 8 0 4 12 10 2 6 7 5 9 
