11 13 9 8 3 12 5 4 16 6 15 2 7 10 14 1 
2 13 14 4 10 9 16 6 15 0 5 8 3 11 7 12 
10 12 4 8 13 5 9 11 15 14 3 6 0 7 1 16 
15 11 4 1 14 8 0 13 7 16 10 2 5 6 9 12 
8 9 1 3 6 15 5 11 0 10 12 16 2 7 14 13 
13 6 3 10 12 8 2 15 4 0 16 9 7 11 1 14 
15 13 4 16 2 1 5 7 10 11 3 0 14 8 12 9 
11 2 4 12 14 9 15 10 8 5 3 16 1 6 13 0 
16 15 1 14 11 5 10 0 3 6 7 4 13 9 12 2 
4 13 5 10 11 8 14 6 0 15 7 12 2 1 3 16 
11 5 2 15 7 1 13 8 3 4 0 14 16 12 9 6 
12 3 13 15 6 7 5 14 4 1 10 9 16 8 0 2 
6 1 3 0 14 10 15 2 11 8 9 4 16 5 7 13 
0 4 7 6 12 14 16 11 1 9 2 5 8 15 3 10 
11 13 3 16 9 15 7 0 5 12 10 1 8 4 2 6 
14 4 16 5 13 12 1 6 7 8 11 10 9 2 3 0 
3 9 15 7 12 14 5 0 11 4 1 8 10 2 13 6 
