11 15 9 1 5 4 3 8 7 10 14 16 13 2 6 12 
2 9 11 7 14 5 0 13 6 3 4 8 16 15 10 12 
16 7 12 6 11 0 8 10 5 14 15 13 9 1 3 4 
2 16 9 11 14 12 5 4 10 0 6 15 7 13 1 8 
9 10 14 8 16 5 6 2 7 11 12 15 3 1 0 13 
0 7 14 10 9 16 1 2 12 11 4 8 13 3 15 6 
0 4 8 11 3 1 5 15 13 16 12 7 2 9 14 10 
2 5 9 10 1 6 3 12 0 16 14 8 15 13 4 11 
3 2 9 0 11 14 16 12 5 1 13 6 15 10 4 7 
6 14 2 4 16 12 5 10 8 13 11 7 0 1 15 3 
2 13 14 9 8 12 6 1 7 3 5 11 4 0 16 15 
13 15 1 12 2 7 16 4 0 14 5 10 8 6 3 9 
0 5 3 16 9 13 8 4 10 7 6 11 14 1 15 2 
3 10 2 15 6 14 0 4 8 5 11 16 9 12 1 7 
15 1 5 7 13 2 4 12 8 10 3 16 6 11 9 0 
9 7 6 0 12 13 10 3 16 4 1 14 5 2 8 11 
6 10 0 13 8 7 15 2 11 4 1 14 9 5 3 12 
