12 13 5 10 1 8 4 6 14 15 16 7 11 9 3 2 
7 14 10 6 5 4 11 12 16 2 0 13 3 9 8 15 
13 16 12 4 0 3 7 6 8 10 1 15 14 11 9 5 
7 9 5 0 8 15 14 4 11 13 6 2 10 12 16 1 
7 12 13 8 1 10 11 5 9 15 0 16 3 2 14 6 
7 15 13 11 4 8 14 10 1 3 12 6 2 0 16 9 
1 11 13 0 2 4 16 5 3 14 10 12 8 7 9 15 
12 0 15 2 1 16 8 6 4 3 5 11 13 10 9 14 
0 11 14 1 15 9 12 3 4 10 16 7 5 13 6 2 
10 11 7 6 12 13 1 14 5 8 15 0 4 2 16 3 
12 11 6 16 13 9 4 5 7 2 14 1 15 0 8 3 
0 14 10 4 16 7 12 6 8 2 3 5 9 1 15 13 
1 6 15 2 4 16 8 7 10 3 0 11 5 13 9 14 
0 12 16 3 10 1 11 2 5 15 6 9 4 8 14 7 
11 8 13 15 7 9 1 16 3 6 5 0 12 2 4 10 
3 8 13 2 12 9 14 1 4 0 11 6 10 5 16 7 
8 1 6 0 7 14 2 13 3 9 10 15 11 5 12 4 
