2 14 7 11 6 1 9 3 16 4 12 5 8 10 13 15 
6 4 0 13 5 7 10 8 3 15 12 14 9 2 16 11 
12 7 0 9 8 15 6 5 4 10 16 13 3 11 1 14 
12 5 6 15 7 11 4 0 1 2 10 8 9 16 14 13 
5 2 11 1 12 15 8 9 7 0 3 16 6 10 13 14 
10 8 0 7 6 13 3 12 11 1 9 2 15 16 14 4 
16 9 13 0 12 4 14 5 11 7 10 8 1 3 15 2 
2 14 16 8 15 4 12 6 1 3 5 10 9 11 0 13 
6 16 13 0 7 10 12 15 5 11 3 1 9 2 4 14 
12 5 13 0 11 10 7 15 1 6 3 16 2 14 8 4 
15 8 1 7 13 16 14 9 12 11 4 0 3 2 6 5 
2 4 14 1 10 0 8 7 3 5 15 12 9 6 13 16 
9 14 1 3 10 4 5 2 7 8 11 0 16 15 6 13 
4 7 11 1 3 8 14 9 10 5 16 2 12 6 15 0 
3 10 8 12 1 6 13 15 11 7 9 0 2 16 5 4 
14 6 4 13 1 16 2 0 11 10 7 5 9 12 8 3 
8 9 6 10 7 12 15 3 13 2 14 1 0 5 4 11 
