16 7 14 12 4 11 3 1 15 8 5 9 6 10 13 2 
0 14 2 15 12 5 11 3 10 4 6 13 9 8 7 16 
6 9 16 5 8 10 14 7 12 11 4 3 15 1 13 0 
0 14 2 15 13 12 4 11 7 1 5 16 9 6 10 8 
16 10 9 2 8 6 13 0 3 12 5 11 7 15 14 1 
6 1 10 13 15 4 3 16 0 2 12 11 7 14 8 9 
8 14 0 13 1 3 15 4 5 11 10 16 7 9 12 2 
2 0 9 14 12 1 13 10 5 8 6 16 11 15 4 3 
12 6 16 5 10 1 7 15 9 0 2 14 11 3 4 13 
15 0 1 14 11 3 4 5 8 13 16 6 2 7 12 10 
11 13 1 4 7 9 12 2 5 3 14 15 0 6 8 16 
9 16 6 5 13 10 3 12 8 0 14 2 1 4 15 7 
1 15 3 4 13 7 6 5 16 8 9 10 0 11 2 14 
9 2 0 14 15 6 4 3 8 1 10 7 5 12 11 16 
0 7 5 12 1 3 11 4 16 10 15 2 9 8 13 6 
5 12 11 3 6 9 16 7 4 2 14 0 8 13 10 1 
13 6 3 1 8 14 9 10 5 12 2 7 4 0 15 11 
