2 11 14 1 8 5 13 9 10 15 7 16 12 6 4 3 
11 8 4 12 14 5 9 13 7 15 6 3 2 0 16 10 
11 0 15 9 14 13 3 16 7 1 8 10 4 5 12 6 
16 6 9 15 10 7 0 13 5 4 14 1 8 11 12 2 
0 3 11 6 9 16 2 15 8 13 1 14 12 10 7 5 
11 14 7 4 13 12 6 3 0 9 15 1 16 2 10 8 
11 2 13 10 9 3 14 7 12 8 0 5 15 16 1 4 
1 12 16 6 0 14 15 2 11 9 5 3 4 8 13 10 
13 4 2 15 3 12 0 10 5 6 11 16 9 7 14 1 
2 7 4 16 6 5 0 13 10 1 11 12 8 15 3 14 
9 0 11 12 7 5 8 2 6 14 16 15 1 4 13 3 
8 16 14 13 9 2 3 1 0 6 4 7 12 10 5 15 
7 11 6 13 2 9 4 8 14 3 10 5 16 1 0 15 
5 11 2 15 16 0 7 12 9 8 14 1 6 10 4 3 
8 16 4 9 3 2 5 12 7 11 13 0 15 6 1 10 
4 10 14 0 11 8 3 6 2 1 13 5 12 7 16 9 
11 7 1 3 6 9 14 10 5 0 2 4 15 13 8 12 
