4 11 8 7 1 13 6 16 14 3 2 10 9 15 12 5 
10 15 6 8 3 13 4 12 14 2 0 7 9 11 5 16 
6 7 5 14 13 10 4 15 1 9 11 3 12 0 8 16 
9 1 0 10 5 7 4 11 8 6 2 16 14 13 15 12 
8 11 1 12 0 15 5 7 2 16 6 14 3 13 10 9 
13 0 15 2 8 7 3 16 4 6 9 1 10 12 11 14 
13 11 16 3 4 5 2 9 0 12 1 7 14 8 10 15 
0 9 8 6 11 2 4 10 12 3 5 13 16 15 14 1 
5 1 2 13 7 15 3 16 9 12 6 14 10 0 4 11 
7 1 15 2 8 10 3 12 14 4 16 5 6 11 13 0 
14 3 5 8 7 9 13 4 1 0 16 15 12 2 6 11 
1 7 2 3 14 9 0 13 10 16 5 12 15 6 8 4 
1 6 3 5 7 9 10 15 2 16 14 4 8 11 13 0 
15 11 9 16 1 8 5 2 14 4 3 0 7 6 12 10 
1 10 16 0 2 13 7 8 4 5 15 12 6 11 3 9 
5 2 12 11 8 13 14 1 7 16 10 9 3 6 4 0 
3 0 2 15 13 6 10 5 9 12 4 8 11 7 1 14 
