2 6 3 4 13 9 1 14 16 7 15 12 8 5 11 10 
3 8 12 0 5 10 4 15 9 11 6 7 13 16 2 14 
10 15 6 5 7 16 13 12 9 4 3 8 11 0 1 14 
4 8 6 2 11 10 12 5 9 15 7 1 16 14 13 0 
2 5 3 1 10 9 6 0 11 12 7 13 16 14 15 8 
6 1 0 2 11 7 3 16 9 14 13 10 15 8 4 12 
12 0 10 8 4 11 5 7 13 3 9 2 16 15 14 1 
10 9 12 5 2 13 1 3 16 6 0 11 15 4 8 14 
16 11 7 12 9 15 13 0 5 4 14 1 6 3 2 10 
8 1 5 15 7 14 16 10 6 4 12 2 11 3 0 13 
5 0 7 1 14 13 12 2 11 16 15 8 4 6 3 9 
6 9 10 0 14 4 2 15 8 16 12 13 5 3 7 1 
1 0 4 5 13 7 3 16 6 11 15 8 10 14 2 9 
0 6 3 16 5 7 2 15 12 11 9 10 8 4 1 14 
8 3 0 2 10 1 4 9 12 16 11 6 15 13 5 7 
2 3 5 8 16 1 4 0 12 14 6 7 13 9 11 10 
10 11 3 6 14 0 2 15 9 7 12 8 4 13 1 5 
