2 6 9 10 13 5 1 7 14 11 4 16 12 3 8 15 
5 11 16 2 10 0 6 9 3 7 13 15 4 8 12 14 
6 4 14 9 0 1 8 7 13 10 16 3 15 12 5 11 
16 8 11 12 2 1 4 6 10 5 13 0 14 7 15 9 
1 11 8 9 15 10 0 13 2 6 16 3 5 14 12 7 
10 16 9 6 7 12 4 14 0 11 15 3 8 1 2 13 
0 1 16 9 11 8 4 2 14 3 10 5 15 13 12 7 
13 5 12 1 11 2 16 4 0 3 15 14 8 6 10 9 
16 11 4 6 2 9 14 1 15 7 13 12 10 0 5 3 
14 10 12 16 3 2 1 4 6 13 8 11 0 7 5 15 
8 9 1 6 5 13 11 4 0 15 12 7 14 2 16 3 
12 15 7 8 4 6 13 0 9 10 1 2 5 14 16 3 
1 0 16 3 7 10 5 13 14 4 15 11 9 6 2 8 
0 12 9 1 6 11 15 8 16 14 4 2 3 5 7 10 
12 5 3 7 16 13 4 10 1 6 9 11 0 8 2 15 
13 4 1 3 12 14 2 16 9 11 6 0 8 10 5 7 
2 12 4 6 1 13 10 3 14 15 7 0 5 11 9 8 
