2 1 13 4 9 14 3 6 16 7 15 12 5 11 8 10 
12 8 0 3 10 5 2 4 7 6 11 9 16 13 15 14 
15 6 10 12 5 13 16 7 3 4 8 9 0 11 14 1 
5 6 4 8 12 10 11 16 15 9 1 7 14 2 0 13 
3 0 7 1 9 10 6 13 5 11 14 12 16 8 15 2 
2 6 12 0 7 11 3 16 9 10 13 14 4 8 15 1 
10 1 0 5 3 11 7 14 4 9 12 2 8 16 13 15 
1 5 9 10 2 12 3 13 11 16 6 0 8 15 14 4 
12 16 7 11 15 9 13 10 4 14 2 5 3 1 6 0 
1 15 8 5 2 14 16 10 7 12 4 6 3 11 0 13 
3 12 8 5 2 13 14 1 16 15 7 11 4 0 9 6 
5 9 10 6 14 4 15 2 8 13 16 12 3 7 0 1 
7 0 1 5 4 13 3 16 15 6 8 11 14 9 2 10 
10 4 16 3 5 0 2 15 7 9 6 12 11 8 1 14 
2 8 0 11 13 3 10 1 16 5 6 12 9 15 4 7 
2 6 3 14 16 11 0 1 4 13 8 7 9 12 10 5 
11 3 10 1 0 2 14 8 7 9 13 12 4 6 15 5 
