16 14 12 7 4 3 11 1 9 8 5 10 6 13 2 15 
14 0 15 2 3 5 12 8 6 4 13 10 9 7 11 16 
6 5 9 16 7 13 1 10 3 12 11 4 14 0 15 8 
14 0 15 2 13 4 11 12 1 5 7 16 8 6 10 9 
16 9 10 2 6 8 0 13 3 12 5 11 7 15 1 14 
6 13 1 10 4 15 16 3 12 0 2 11 7 9 14 8 
14 8 0 13 3 4 15 1 5 16 11 10 12 7 9 2 
2 14 9 0 13 1 10 12 16 8 6 5 15 3 4 11 
16 12 6 5 7 1 15 10 14 9 2 0 4 13 11 3 
15 0 14 1 3 11 5 4 16 6 8 13 10 2 7 12 
1 13 4 11 9 7 2 12 14 5 15 3 8 16 0 6 
9 5 0 6 13 4 3 12 2 14 16 8 1 15 7 10 
15 3 4 1 13 6 5 7 8 16 9 10 0 2 11 14 
14 9 2 0 3 4 15 11 6 7 1 10 16 12 8 5 
0 5 7 12 3 4 11 1 10 16 2 15 8 13 9 6 
11 3 12 5 0 16 9 6 7 2 14 4 8 13 10 1 
6 13 1 3 10 9 8 4 5 12 7 2 0 14 11 15 
