12 8 5 13 1 15 7 11 14 16 6 10 3 9 2 4 
6 10 14 7 4 11 5 12 2 16 13 0 8 3 9 15 
16 12 13 0 6 7 4 3 1 15 10 8 9 11 5 14 
2 5 7 0 15 14 8 4 11 6 13 9 10 12 16 1 
7 12 13 8 15 1 11 10 0 9 5 16 3 14 6 2 
15 13 1 4 10 14 11 8 6 7 12 3 16 2 0 9 
1 11 9 0 2 5 4 16 12 14 15 10 7 8 3 13 
0 12 15 2 8 6 3 16 1 11 4 5 13 14 10 9 
11 13 14 1 3 9 15 12 7 4 10 16 6 2 0 5 
6 7 11 10 12 3 14 1 15 8 0 5 4 16 13 2 
6 16 11 2 9 4 5 13 12 7 14 1 8 0 15 3 
14 10 4 0 9 6 2 8 5 12 3 16 7 13 15 1 
1 6 2 15 5 4 16 0 3 11 8 13 7 10 9 14 
14 0 16 3 2 4 12 10 5 15 6 9 8 7 11 1 
8 11 4 10 9 7 16 1 3 6 0 5 15 2 12 13 
3 13 8 2 9 12 1 14 0 6 11 4 5 10 7 16 
9 6 0 8 11 5 2 13 1 3 15 10 7 4 14 12 
