5 6 4 8 1 12 9 3 11 13 15 2 7 16 14 10 
10 13 14 4 15 7 16 3 0 6 8 2 11 9 5 12 
15 7 9 6 3 5 13 10 1 4 8 16 12 11 0 14 
9 5 16 4 12 11 15 2 13 10 8 7 0 6 14 1 
11 8 14 1 5 6 13 2 3 9 12 0 7 16 10 15 
10 0 7 3 9 4 8 13 16 6 2 15 11 12 1 14 
0 11 3 12 5 4 9 1 13 10 7 14 16 8 15 2 
12 11 15 2 9 10 13 14 3 0 1 5 4 8 6 16 
2 16 0 12 5 13 6 9 10 3 1 14 11 7 15 4 
3 0 15 6 1 16 7 4 11 13 2 5 12 10 14 8 
6 5 8 4 16 12 0 11 9 7 14 1 3 13 15 2 
14 12 15 10 9 6 7 5 3 2 0 13 8 4 16 1 
2 7 0 11 5 8 13 14 3 6 10 9 1 4 16 15 
3 15 1 10 14 0 16 7 9 12 6 2 4 11 8 5 
3 15 9 1 7 8 16 2 4 6 13 0 5 12 11 10 
2 12 10 14 11 8 0 3 16 6 13 4 1 7 5 9 
4 11 7 0 12 13 10 3 5 6 1 9 8 14 2 15 
