3 13 11 1 8 7 6 15 9 12 2 16 5 10 14 4 
14 4 11 6 9 0 2 15 16 13 10 8 12 7 5 3 
16 15 6 13 0 5 14 1 12 9 8 11 4 7 3 10 
6 8 7 16 9 13 15 5 1 2 12 10 4 0 14 11 
15 12 14 11 8 3 9 10 6 5 16 1 2 7 0 13 
13 4 3 12 16 11 8 0 7 9 2 15 10 6 14 1 
10 8 12 5 0 15 1 3 4 11 16 9 2 14 7 13 
5 14 13 8 9 12 3 0 4 16 15 6 2 11 10 1 
9 4 15 10 2 14 3 16 6 5 0 12 11 13 1 7 
7 1 8 4 15 3 5 0 13 6 10 2 14 11 12 16 
13 12 4 16 2 8 14 3 11 1 7 15 6 0 9 5 
10 16 15 1 2 0 4 8 14 7 9 5 3 13 12 6 
2 7 11 6 4 3 15 8 10 9 13 14 0 16 5 1 
0 7 16 3 11 5 15 2 14 6 8 9 4 1 12 10 
1 12 15 13 10 0 3 6 7 16 9 11 8 4 2 5 
4 1 2 9 6 14 3 16 10 11 7 5 8 12 13 0 
9 3 1 14 7 4 13 0 5 12 6 2 11 15 8 10 
