8 5 13 12 11 7 1 15 6 14 10 16 3 9 2 4 
14 7 10 6 11 4 12 5 16 2 0 13 3 9 15 8 
16 12 0 13 6 7 3 4 15 1 10 8 5 9 11 14 
7 5 2 0 8 15 14 4 11 6 13 9 1 12 16 10 
7 13 8 12 1 15 10 11 16 9 5 0 14 6 3 2 
15 4 1 13 11 10 14 8 12 7 3 6 2 0 9 16 
9 1 11 0 4 16 2 5 12 15 14 10 7 8 3 13 
12 0 15 2 8 6 3 16 4 1 11 5 9 13 14 10 
13 11 1 14 9 3 12 15 4 7 10 16 6 0 5 2 
10 6 7 11 12 3 14 1 5 8 15 0 16 13 2 4 
12 6 11 16 9 5 13 4 2 7 14 1 3 0 8 15 
4 10 14 0 9 2 6 8 5 12 16 3 7 13 15 1 
6 1 2 15 16 4 5 0 13 11 3 8 7 10 9 14 
14 0 16 3 12 2 10 4 15 9 6 5 8 11 7 1 
10 11 15 4 16 9 1 7 5 3 0 6 13 8 2 12 
13 2 8 3 12 9 14 1 4 6 11 0 16 7 5 10 
6 0 9 8 2 11 5 13 1 10 15 3 14 4 12 7 
