5 13 8 12 15 7 11 1 6 10 14 16 3 9 2 4 
6 14 10 7 4 5 11 12 2 16 13 0 9 3 8 15 
4 6 13 0 7 12 16 3 5 10 15 8 9 11 14 1 
2 5 7 0 16 8 14 15 6 9 11 13 4 1 10 12 
12 8 13 7 5 11 1 15 0 9 10 16 2 6 3 14 
15 4 1 13 8 11 14 10 12 6 3 0 7 16 2 9 
0 9 1 11 4 16 2 5 14 12 10 15 13 7 8 3 
0 4 15 2 8 6 16 3 11 12 5 10 13 9 1 14 
13 9 11 14 3 15 0 12 16 7 10 4 1 6 5 2 
6 14 10 4 13 3 1 11 8 0 5 15 16 7 2 12 
2 6 12 11 13 4 9 7 5 1 16 3 15 0 14 8 
10 0 12 15 2 9 1 8 3 14 13 5 7 6 4 16 
1 14 15 2 16 0 4 5 8 3 11 13 7 9 6 10 
0 14 16 3 2 4 12 10 5 9 6 15 11 8 7 1 
8 16 10 4 12 7 1 11 3 6 0 5 9 13 15 2 
2 3 8 13 12 16 9 14 6 11 0 7 10 4 1 5 
8 9 10 0 11 13 2 5 6 1 15 3 12 7 4 14 
