8 12 13 5 15 11 1 7 10 16 6 14 9 4 3 2 
6 14 7 10 5 11 12 4 16 2 13 0 3 9 15 8 
13 16 12 4 0 3 7 6 15 1 10 8 5 9 11 14 
5 2 0 7 15 14 4 8 11 6 9 13 10 16 12 1 
7 12 13 8 5 10 11 1 9 15 16 0 6 2 3 14 
1 4 15 13 14 10 11 8 6 3 12 7 16 0 2 9 
11 1 0 9 5 4 2 16 12 14 15 10 13 7 8 3 
12 0 15 2 6 8 16 3 11 1 4 5 13 9 10 14 
0 11 1 14 3 12 9 15 16 4 10 7 6 5 13 2 
11 10 6 7 12 13 1 14 8 5 0 15 2 4 3 16 
16 12 6 11 13 9 4 5 7 2 14 1 8 0 15 3 
14 4 0 10 6 7 8 2 5 12 16 3 1 9 15 13 
6 1 15 2 4 7 8 16 3 11 13 0 10 9 5 14 
14 0 3 16 4 10 2 12 5 9 15 6 7 11 1 8 
13 11 8 15 9 1 7 10 5 3 6 0 4 12 16 2 
3 2 13 8 12 9 14 1 6 4 0 11 10 16 5 7 
1 8 6 0 13 11 5 2 10 9 3 15 7 4 12 14 
