14 5 15 2 1 11 12 7 10 16 8 13 3 4 6 9 
3 7 0 10 16 2 11 9 8 6 13 15 14 12 5 4 
8 11 14 6 10 7 15 0 13 4 9 1 5 12 3 16 
2 9 13 1 7 16 11 10 4 8 5 12 14 6 15 0 
7 15 0 9 6 12 1 16 14 8 3 2 5 11 10 13 
12 13 14 6 1 4 7 3 11 16 8 15 0 10 9 2 
13 16 15 2 10 12 0 4 3 11 1 14 7 5 8 9 
11 15 3 4 1 8 5 10 0 16 2 6 13 12 9 14 
2 10 6 1 7 14 4 16 12 9 3 15 11 5 13 0 
2 4 8 6 14 10 3 16 12 1 0 11 5 7 13 15 
13 4 5 16 11 12 15 2 7 9 1 14 0 8 6 3 
1 8 13 0 16 6 7 12 2 5 9 3 10 15 4 14 
0 11 8 9 6 10 13 3 5 7 14 2 16 4 1 15 
16 0 14 1 10 9 12 15 3 11 5 6 4 2 7 8 
9 4 16 0 6 15 1 5 12 11 10 8 2 7 13 3 
3 12 13 0 7 11 4 6 16 8 14 9 1 10 2 5 
14 4 11 13 12 0 7 2 1 15 3 8 6 5 10 9 
