10 11 3 16 4 1 12 2 6 8 7 14 15 9 5 13 
11 13 7 3 0 2 6 9 15 4 8 16 12 10 5 14 
14 10 15 7 6 3 12 8 1 16 13 0 9 5 11 4 
7 4 0 13 6 5 8 10 9 16 14 2 15 1 11 12 
3 12 15 13 16 9 10 1 11 2 8 6 7 14 0 5 
16 2 12 13 3 4 9 7 6 15 14 1 8 10 0 11 
2 11 14 8 4 1 13 5 0 10 9 3 15 7 16 12 
13 12 11 10 2 5 0 8 9 3 14 1 15 16 6 4 
3 5 2 15 9 4 11 6 12 7 16 0 10 13 1 14 
0 6 15 11 7 12 8 13 2 4 10 1 5 14 16 3 
14 13 7 4 9 12 5 8 0 1 15 11 2 6 3 16 
6 13 5 10 4 14 15 3 8 16 1 0 2 12 7 9 
7 10 15 2 6 14 0 13 4 3 1 8 16 5 11 9 
6 9 10 16 11 4 12 14 7 8 3 1 5 0 15 2 
2 1 11 7 0 10 16 4 8 15 9 13 6 5 12 3 
0 12 4 6 3 13 10 2 1 9 7 5 8 14 16 11 
2 11 13 3 14 12 9 0 7 5 1 6 10 8 4 15 
