12 3 11 9 10 13 8 6 7 15 16 1 4 2 5 14 
7 6 3 16 10 8 11 4 14 5 2 15 12 9 0 13 
14 12 6 8 9 13 3 1 11 0 5 15 4 16 10 7 
7 12 6 5 11 1 4 16 14 13 9 15 8 0 10 2 
10 5 7 12 9 11 0 13 16 3 15 2 8 6 14 1 
12 9 8 4 0 6 2 15 16 10 14 13 1 11 7 3 
1 16 10 15 8 3 0 11 7 4 5 9 12 2 13 14 
12 8 2 16 0 5 1 14 15 13 4 10 6 9 3 11 
1 4 9 5 6 11 0 16 15 3 10 12 13 2 7 14 
5 13 2 6 1 3 10 0 14 11 16 12 4 8 15 7 
15 4 6 1 12 11 13 5 14 0 3 16 7 8 9 2 
0 2 16 7 13 8 1 15 14 10 5 9 3 4 12 6 
16 11 13 8 2 9 4 1 3 10 6 5 0 7 14 15 
15 16 6 0 2 10 3 9 14 4 11 12 7 5 8 1 
8 5 3 16 6 10 11 2 7 4 13 0 15 12 1 9 
5 9 16 8 7 2 12 0 14 3 10 11 13 6 1 4 
14 6 13 7 3 12 4 2 15 8 5 11 1 10 0 9 
