3 11 12 9 8 13 10 6 1 7 16 15 4 2 14 5 
7 6 16 3 11 4 10 8 14 5 2 15 9 12 0 13 
8 14 6 12 13 1 3 4 11 15 0 5 10 9 7 16 
12 5 6 7 1 16 11 4 15 9 13 14 8 10 0 2 
10 5 7 12 9 11 0 13 16 3 2 15 6 8 14 1 
9 4 8 12 6 0 15 2 10 14 13 16 11 3 1 7 
15 10 1 16 8 3 0 11 4 9 5 7 14 13 12 2 
2 8 12 16 5 0 14 1 4 15 13 10 3 6 9 11 
4 9 1 5 16 6 11 0 12 15 10 3 2 7 13 14 
6 2 5 13 1 10 0 3 14 12 16 11 8 4 15 7 
6 1 15 4 13 5 11 12 0 14 16 3 9 7 2 8 
0 16 7 2 13 8 15 1 5 9 14 10 3 12 4 6 
16 11 8 13 4 2 1 9 3 6 5 10 0 7 14 15 
15 6 16 0 2 3 10 9 14 4 11 12 5 7 1 8 
8 5 16 3 11 6 10 2 4 7 0 13 1 15 12 9 
5 8 9 16 12 2 7 0 14 3 11 10 4 1 13 6 
6 13 7 14 3 12 2 4 5 8 15 11 9 1 10 0 
