8 1 9 7 11 15 10 4 16 14 6 5 13 3 2 12 
12 14 6 13 5 10 11 2 3 15 8 9 0 4 7 16 
9 10 6 4 12 11 16 7 0 8 14 1 3 15 13 5 
7 12 4 11 1 13 15 16 6 9 0 8 2 5 14 10 
12 11 6 13 8 1 7 0 5 10 16 14 9 3 15 2 
15 4 16 3 6 13 8 12 9 0 1 14 10 11 7 2 
1 2 0 13 5 16 9 7 12 3 15 10 8 11 14 4 
11 8 2 5 0 10 12 16 15 13 9 14 1 3 6 4 
11 3 7 14 15 6 12 0 10 16 13 9 2 5 4 1 
14 13 6 2 5 10 7 1 15 8 12 4 0 11 3 16 
16 7 6 8 4 13 9 11 5 12 14 1 0 3 15 2 
0 12 5 7 16 1 4 2 8 13 9 3 15 14 10 6 
9 6 15 2 4 5 13 0 1 11 10 3 14 7 16 8 
2 5 6 16 11 7 12 14 9 8 10 4 0 1 15 3 
15 5 8 4 2 13 12 1 11 7 6 16 0 10 3 9 
6 10 0 13 9 12 2 7 8 4 3 16 11 5 14 1 
15 5 10 0 8 2 7 13 4 6 1 9 14 12 3 11 
