11 12 1 14 5 8 9 13 16 10 7 15 6 4 2 3 
4 12 8 11 13 14 6 9 3 7 5 15 2 16 10 0 
11 0 15 9 13 14 16 3 1 7 10 8 5 6 12 4 
16 15 14 6 7 10 0 13 5 9 4 1 8 2 12 11 
8 6 0 3 16 7 15 2 13 9 1 14 12 5 10 11 
4 7 14 11 13 6 3 12 9 15 1 0 10 16 8 2 
2 13 11 10 14 3 9 7 16 8 0 5 15 1 4 12 
12 1 6 16 0 14 2 15 9 11 3 5 4 13 8 10 
4 15 13 9 12 3 10 0 16 6 5 11 2 7 1 14 
16 1 4 7 11 6 0 13 2 12 10 5 14 15 3 8 
12 1 0 9 8 7 2 14 6 5 13 15 4 11 3 16 
14 13 8 16 2 3 9 1 0 6 7 4 15 5 12 10 
6 13 8 7 9 11 15 2 4 10 5 14 1 0 16 3 
11 8 5 15 0 12 16 7 2 6 1 14 10 9 4 3 
8 16 9 4 3 5 12 2 11 7 13 0 1 15 6 10 
10 4 0 14 8 3 6 11 1 13 2 5 7 16 9 12 
3 1 7 11 6 14 9 10 2 5 0 4 8 13 12 15 
