13 2 11 6 7 10 4 1 12 15 16 14 5 8 9 3 
2 16 13 9 8 15 11 10 4 14 3 5 0 6 7 12 
0 6 14 3 4 15 13 1 11 5 9 7 12 10 8 16 
6 1 2 7 12 10 0 13 14 16 15 5 4 9 11 8 
1 9 15 6 7 11 16 3 12 2 13 8 14 5 10 0 
1 10 12 15 13 7 6 3 11 2 16 0 4 9 14 8 
0 12 9 16 1 5 11 4 10 14 3 13 8 7 15 2 
3 10 12 9 11 14 16 13 15 4 0 6 2 8 1 5 
4 6 2 10 11 13 12 5 15 7 3 16 0 9 14 1 
6 8 16 14 0 10 7 2 1 5 13 12 11 4 3 15 
11 2 1 14 5 12 7 4 8 15 0 13 6 9 3 16 
9 12 3 8 5 13 10 6 14 0 15 2 16 4 1 7 
5 16 2 15 11 0 3 1 8 13 7 14 4 6 10 9 
16 4 6 5 9 15 10 7 11 14 2 12 3 1 0 8 
2 3 13 4 11 12 6 15 16 1 10 8 0 9 5 7 
6 9 11 8 16 4 13 0 12 7 1 14 5 10 2 3 
11 14 10 7 9 6 15 13 12 3 1 2 8 0 4 5 
