8 1 7 9 15 4 11 10 6 14 16 5 13 2 12 3 
6 14 13 12 10 5 11 2 8 9 3 15 7 4 16 0 
6 4 9 10 7 16 11 12 8 0 14 1 13 15 5 3 
4 12 11 7 16 1 15 13 8 6 0 9 10 5 2 14 
13 12 6 11 8 0 7 1 14 10 16 5 9 3 2 15 
15 4 16 3 6 13 8 12 0 9 14 1 7 11 2 10 
1 2 13 0 7 9 16 5 3 15 10 12 14 11 4 8 
2 5 8 11 16 10 12 0 14 13 9 15 4 3 1 6 
3 14 7 11 12 6 15 0 9 10 13 16 1 4 2 5 
6 14 13 2 1 10 7 5 8 15 4 12 0 11 3 16 
6 16 7 8 13 4 9 11 5 12 1 14 3 0 2 15 
12 0 5 7 16 2 1 4 8 3 13 9 6 14 15 10 
6 7 15 2 4 5 0 13 10 11 1 3 16 9 14 8 
5 16 2 6 7 11 14 1 4 10 8 9 12 15 0 3 
5 4 15 8 13 2 12 1 16 7 11 6 0 10 3 9 
6 10 13 0 7 9 2 12 8 4 3 16 5 11 1 14 
5 10 0 15 7 8 2 13 4 1 6 9 11 14 12 3 
