6 13 14 1 15 9 16 3 5 12 4 7 10 8 11 2 
12 0 6 11 8 4 10 2 15 3 13 7 16 9 14 5 
5 10 1 16 7 13 6 15 14 4 9 8 3 11 0 12 
7 1 5 11 12 16 4 10 9 6 15 13 2 0 8 14 
12 10 0 15 5 11 1 6 9 14 7 8 13 2 16 3 
6 9 12 1 7 4 3 11 8 14 13 10 16 0 15 2 
1 5 10 15 13 11 2 8 9 3 12 4 14 7 16 0 
16 9 10 5 12 2 13 3 6 0 1 11 15 8 4 14 
11 4 5 12 13 9 15 2 10 6 1 3 0 7 16 14 
11 5 6 3 10 16 2 15 13 12 14 1 8 4 0 7 
8 5 15 3 14 6 0 13 7 2 16 11 1 12 4 9 
9 5 2 10 7 4 14 15 16 12 8 13 0 1 3 6 
9 0 15 5 4 1 16 6 8 10 3 2 7 14 13 11 
9 3 4 14 6 0 2 15 8 7 16 12 1 11 5 10 
16 2 12 0 10 1 4 13 11 8 5 6 3 9 15 7 
3 5 13 6 1 0 16 11 7 8 12 9 10 14 4 2 
1 3 11 10 14 9 15 2 8 0 7 6 4 5 13 12 
