12 15 7 3 4 11 14 1 8 16 5 9 13 2 6 10 
2 9 14 0 3 11 12 5 4 6 10 13 16 8 15 7 
6 5 16 9 14 8 10 7 4 3 11 12 15 1 0 13 
0 14 15 2 12 13 4 16 5 11 1 7 9 8 6 10 
16 9 2 10 13 8 6 1 11 3 5 0 14 15 12 7 
13 3 6 10 16 1 15 4 12 11 2 0 14 8 9 7 
0 8 1 14 4 15 16 3 13 5 11 10 9 2 7 12 
14 0 11 2 12 13 10 1 9 6 8 16 4 3 5 15 
12 6 16 5 10 1 15 7 14 9 0 2 13 3 11 4 
15 0 1 14 5 11 3 4 12 8 13 16 7 10 2 6 
1 4 11 0 9 12 2 7 15 3 14 5 8 16 6 13 
6 9 5 16 12 13 3 10 2 0 14 8 1 7 4 15 
15 3 0 4 5 13 7 6 10 8 9 16 11 2 14 1 
14 9 0 2 4 6 3 15 7 10 8 1 16 5 12 11 
5 16 7 12 1 10 4 3 11 0 2 15 9 6 13 8 
5 11 3 12 16 6 7 9 2 4 0 14 10 1 8 13 
13 6 3 1 8 9 14 10 2 7 12 5 4 11 15 0 
