1 4 13 2 6 3 9 14 15 12 7 16 5 11 8 10 
12 8 0 3 2 4 5 10 6 7 11 9 16 14 15 13 
6 10 15 12 13 16 7 5 8 4 9 3 0 11 1 14 
6 5 4 8 11 16 12 10 15 1 9 7 2 14 0 13 
0 3 7 1 10 11 9 15 14 5 13 6 2 12 8 16 
12 6 0 2 11 7 16 3 14 9 10 13 8 4 15 1 
1 10 5 0 7 14 3 11 4 12 2 9 13 15 16 8 
10 5 1 9 3 2 13 12 0 16 11 6 8 14 4 15 
11 7 12 16 15 9 10 13 4 14 5 2 1 3 6 0 
15 1 8 5 14 10 2 16 6 11 12 4 3 7 0 13 
15 8 12 3 2 13 1 14 7 5 11 16 6 0 9 4 
10 5 9 6 4 14 2 15 8 13 12 16 1 0 7 3 
1 5 0 7 4 13 3 16 8 6 15 11 10 14 2 9 
10 4 3 16 5 0 2 15 12 6 9 7 8 11 1 14 
0 11 2 8 3 1 10 13 12 5 16 6 4 9 7 15 
2 6 14 3 1 11 16 0 7 13 4 8 5 10 12 9 
9 3 1 11 2 10 14 8 0 13 7 12 6 5 4 15 
