5 8 13 12 15 1 11 7 10 16 6 14 3 4 2 9 
14 7 6 10 12 11 4 5 16 2 13 0 9 3 15 8 
4 6 0 13 12 7 3 16 15 5 10 8 9 14 1 11 
5 0 2 7 15 4 14 8 9 6 13 11 12 1 16 10 
13 7 8 12 1 15 5 11 10 16 9 0 6 14 3 2 
1 15 4 13 11 14 10 8 0 6 12 3 7 16 2 9 
1 9 11 0 4 2 16 5 12 14 10 15 7 13 3 8 
4 0 15 2 8 6 16 3 12 11 5 10 9 13 14 1 
11 14 0 13 15 12 3 9 7 16 10 4 6 5 2 1 
4 11 6 10 3 13 1 14 8 15 0 5 2 12 16 7 
5 6 11 2 9 4 13 7 12 1 16 3 15 8 14 0 
0 4 10 14 1 9 2 8 3 5 13 12 7 15 6 16 
1 6 15 2 4 0 5 16 11 8 3 13 9 7 14 10 
0 14 16 3 10 4 2 12 15 6 5 9 8 7 11 1 
4 8 16 10 11 1 12 7 0 6 3 5 9 13 15 2 
3 2 13 8 12 16 14 9 7 11 6 0 5 10 4 1 
8 10 0 9 5 2 13 11 6 1 3 15 12 7 4 14 
