4 14 12 2 10 1 8 15 7 6 16 3 5 9 11 13 
11 8 12 15 4 14 7 9 2 6 3 16 10 5 13 0 
9 8 12 1 14 4 0 11 13 6 16 3 15 10 7 5 
5 16 15 6 10 2 1 7 4 8 14 12 11 9 13 0 
14 5 9 11 8 15 10 3 0 16 2 7 6 13 12 1 
0 7 14 9 2 8 3 4 13 6 15 12 16 1 11 10 
15 16 7 8 10 14 12 9 0 3 11 4 5 2 13 1 
12 6 4 13 0 9 10 1 8 5 11 14 16 3 2 15 
13 12 6 9 5 10 14 1 3 0 11 4 16 7 15 2 
5 4 15 2 7 11 16 3 13 6 12 14 0 10 8 1 
0 9 2 6 5 14 11 7 8 1 4 12 15 13 3 16 
6 4 14 1 12 2 7 3 8 5 16 15 10 9 0 13 
13 16 15 5 1 3 6 2 10 11 7 4 9 14 8 0 
5 3 2 15 14 0 11 4 9 10 16 8 1 7 6 12 
9 12 13 0 3 4 11 7 16 5 10 8 6 1 2 15 
12 4 14 13 10 8 9 0 11 6 16 3 2 5 7 1 
14 0 4 12 9 1 10 7 8 6 2 3 15 13 11 5 
