1 15 3 10 13 16 4 12 8 2 6 7 5 9 14 11 
15 6 4 10 2 11 14 7 12 9 5 8 0 13 16 3 
5 0 14 1 12 9 10 13 11 15 7 16 3 6 4 8 
13 2 12 10 5 6 16 11 7 8 14 0 1 15 4 9 
7 2 9 6 15 3 14 1 11 5 0 12 10 16 13 8 
4 8 11 9 13 3 1 14 10 0 15 2 7 16 6 12 
8 11 13 2 12 3 1 10 0 4 16 7 15 9 5 14 
9 1 2 16 15 5 8 13 10 6 14 12 0 11 3 4 
6 4 14 10 7 13 15 5 11 9 2 1 12 0 3 16 
1 7 4 6 2 0 5 3 12 10 13 11 8 16 14 15 
11 3 13 6 5 2 8 1 9 12 14 4 7 16 15 0 
10 13 14 7 4 12 3 15 6 9 5 8 1 16 0 2 
9 7 13 0 10 4 5 16 6 14 2 15 3 1 8 11 
3 2 10 5 12 14 15 11 1 4 6 0 7 8 16 9 
5 7 10 16 6 11 0 9 3 8 2 15 13 12 1 4 
2 9 16 3 11 7 12 4 1 6 5 13 14 10 8 0 
9 11 0 15 6 7 5 3 2 4 13 14 10 1 8 12 
