11 7 14 2 1 9 6 3 12 16 4 5 15 13 8 10 
4 6 13 0 10 7 5 8 3 12 15 14 11 9 16 2 
9 0 12 7 6 15 8 5 10 4 16 13 3 11 14 1 
6 12 5 15 7 11 4 0 1 10 2 8 13 16 14 9 
2 5 1 11 15 9 12 8 0 7 16 3 13 6 14 10 
10 0 8 7 3 12 13 6 2 9 11 1 4 16 15 14 
9 16 0 13 5 12 4 14 8 10 11 7 1 3 15 2 
2 8 16 14 15 4 12 6 1 5 3 10 11 9 0 13 
6 16 13 0 3 10 15 7 12 5 1 11 14 9 4 2 
5 12 0 13 7 10 11 15 6 1 16 3 8 14 4 2 
7 8 1 15 14 16 9 13 11 0 4 12 6 3 2 5 
4 2 1 14 0 8 10 7 12 15 3 5 9 6 13 16 
3 9 1 14 2 10 4 5 7 0 8 11 15 13 16 6 
7 4 1 11 3 14 9 8 16 2 10 5 12 6 15 0 
12 8 3 10 15 6 13 1 0 7 2 9 5 16 11 4 
13 14 6 4 16 1 2 0 11 10 7 5 3 12 9 8 
8 10 6 9 15 12 7 3 2 13 14 1 0 5 4 11 
