7 14 2 11 6 3 9 1 5 16 12 4 10 13 15 8 
6 4 13 0 5 8 7 10 15 12 3 14 2 9 16 11 
12 9 0 7 6 8 15 5 16 4 13 10 11 3 1 14 
12 5 6 15 7 4 11 0 10 1 2 8 9 14 13 16 
11 5 2 1 8 15 9 12 7 0 3 16 6 10 13 14 
10 8 0 7 13 3 6 12 9 1 2 11 16 14 15 4 
16 9 13 0 14 4 12 5 7 10 8 11 1 3 15 2 
2 8 14 16 12 6 4 15 1 5 3 10 11 9 13 0 
6 16 13 0 10 12 7 15 5 11 3 1 4 14 2 9 
12 5 0 13 7 15 11 10 6 1 3 16 14 4 8 2 
1 7 8 15 13 9 16 14 0 11 12 4 6 3 2 5 
2 4 14 1 10 8 0 7 3 5 15 12 13 9 16 6 
1 14 3 9 10 4 5 2 8 11 7 0 15 6 13 16 
4 7 11 1 8 14 9 3 5 16 2 10 12 6 15 0 
10 12 3 8 13 15 1 6 11 0 9 7 16 5 2 4 
6 14 4 13 16 2 0 1 10 7 5 11 8 3 9 12 
9 0 6 10 12 7 15 3 13 2 1 14 8 4 5 11 
