16 8 2 9 11 3 14 1 15 10 4 5 6 12 13 7 
0 7 2 5 10 14 3 16 11 6 15 9 8 13 12 4 
6 1 16 10 15 3 12 4 11 7 0 13 5 9 8 14 
16 1 5 11 10 14 4 7 9 8 12 6 15 2 0 13 
0 15 1 14 11 10 9 8 13 12 3 7 6 16 2 5 
15 1 7 8 3 9 6 2 10 16 13 14 11 0 12 4 
11 14 12 10 1 16 7 8 13 5 15 2 3 4 9 0 
2 0 10 4 1 8 13 11 14 12 16 9 3 5 6 15 
5 12 11 7 3 6 10 13 9 4 1 0 14 16 15 2 
16 12 0 7 11 3 15 2 13 6 5 14 1 4 10 8 
4 14 2 15 0 12 16 7 1 5 13 3 11 6 8 9 
4 16 13 2 3 14 8 0 9 12 1 5 15 10 7 6 
10 5 6 9 15 16 0 11 4 7 14 8 2 13 1 3 
15 5 1 14 2 12 10 8 0 3 9 7 16 4 11 6 
0 8 12 3 15 16 9 4 13 11 6 10 1 5 7 2 
5 8 3 16 13 1 11 4 6 0 7 9 14 2 12 10 
12 6 8 11 7 10 14 2 15 13 9 1 5 3 0 4 
