6 5 10 2 14 13 3 16 9 4 12 15 1 8 11 7 
0 16 12 15 2 11 6 5 7 8 3 13 14 9 10 4 
9 11 10 3 14 0 12 5 7 1 16 8 4 6 15 13 
15 4 7 6 1 16 11 8 10 12 9 13 0 5 14 2 
10 5 3 8 7 13 1 2 0 6 9 14 12 15 16 11 
10 12 15 16 9 8 7 1 13 6 11 3 14 4 2 0 
5 4 0 15 2 7 1 14 9 3 12 11 16 10 8 13 
2 16 0 9 14 6 4 5 13 10 12 1 11 3 15 8 
2 16 9 1 13 3 7 11 0 5 14 4 15 6 12 10 
10 8 3 13 5 12 1 15 6 16 14 0 4 11 7 2 
7 4 3 11 15 13 6 5 12 0 9 8 2 16 1 14 
15 9 4 14 0 5 3 7 12 13 6 10 8 1 16 2 
16 7 15 8 6 5 1 2 3 11 0 13 4 10 14 9 
11 12 2 15 0 5 1 16 7 9 14 3 4 6 10 8 
2 7 11 4 12 3 9 5 15 1 10 16 8 6 13 0 
0 1 16 2 14 7 6 4 5 10 9 12 8 11 3 13 
10 9 0 12 6 5 1 14 3 15 7 13 4 8 2 11 
