9 4 15 2 14 16 7 5 10 6 1 12 8 3 11 13 
11 2 9 12 15 13 14 4 0 8 10 6 7 5 3 16 
14 11 7 3 4 13 10 12 1 15 9 0 16 6 8 5 
16 9 4 7 1 15 5 8 2 10 13 0 14 6 11 12 
11 1 9 6 12 14 15 2 0 7 10 5 13 8 3 16 
13 9 1 14 3 15 8 4 2 7 10 16 0 12 11 6 
10 16 4 14 7 1 0 12 13 5 8 3 9 11 2 15 
10 5 2 0 13 4 1 15 8 9 3 16 12 11 6 14 
12 14 11 13 4 15 5 1 6 7 16 3 9 2 10 0 
16 2 7 0 13 5 1 10 4 11 6 12 3 8 14 15 
5 3 8 7 2 14 0 9 15 4 13 12 11 16 1 6 
0 1 9 7 14 10 12 2 5 6 8 16 13 4 15 3 
4 0 3 15 13 7 8 10 16 6 1 5 2 9 14 11 
12 9 4 15 11 6 1 14 0 16 2 7 8 5 3 10 
1 15 3 16 11 6 4 12 8 2 5 9 7 10 0 13 
11 14 10 0 13 4 12 3 9 2 8 5 1 16 6 7 
10 14 12 6 5 15 3 8 13 1 7 4 2 9 0 11 
