5 10 2 6 14 11 13 3 9 15 12 4 7 1 8 16 
12 6 13 0 16 11 5 2 3 8 7 15 14 10 9 4 
11 3 10 9 12 14 5 0 1 7 8 16 15 13 6 4 
6 15 7 4 11 0 8 1 10 13 9 12 5 2 16 14 
10 11 8 3 7 1 13 2 6 9 0 14 16 5 15 12 
10 12 16 15 1 9 7 8 11 6 13 3 0 2 4 14 
4 15 5 0 16 14 7 2 12 1 3 9 10 11 13 8 
2 9 0 16 4 5 6 14 13 1 12 10 11 8 3 15 
10 2 9 16 3 7 11 13 4 14 0 5 6 12 15 1 
8 13 3 14 15 1 5 12 10 16 0 6 4 7 2 11 
12 3 4 6 5 13 7 15 9 11 8 0 2 16 1 14 
14 4 15 9 5 1 0 12 13 3 10 6 2 7 16 8 
8 7 16 15 5 1 6 2 11 3 0 13 10 9 4 14 
11 10 2 15 1 16 5 4 9 3 7 14 12 0 6 8 
2 7 11 4 3 12 9 5 16 1 15 10 8 6 0 13 
16 7 1 2 14 6 0 4 12 9 10 5 13 8 11 3 
0 10 12 9 6 5 1 14 8 13 7 15 3 4 11 2 
