13 10 12 5 6 4 8 1 16 7 15 14 9 3 11 2 
14 6 7 10 5 12 11 4 2 16 13 0 3 9 8 15 
4 13 16 12 0 3 6 7 1 10 15 8 14 9 11 5 
0 7 9 5 14 8 15 4 11 13 2 1 6 10 16 12 
13 12 8 7 5 11 10 1 15 0 9 16 14 2 3 6 
15 7 11 13 8 10 4 14 3 6 1 12 9 2 16 0 
1 11 0 13 2 5 4 16 10 12 14 3 7 15 9 8 
0 12 15 2 1 6 8 16 5 11 4 3 13 14 10 9 
0 11 1 14 12 9 3 15 16 7 10 4 5 6 13 2 
6 7 11 10 12 13 14 1 0 8 15 5 2 4 16 3 
11 12 6 16 4 9 13 5 2 7 14 1 8 3 0 15 
10 0 14 4 16 12 6 7 2 8 5 3 13 15 9 1 
1 6 2 15 8 7 4 16 3 0 10 11 5 14 9 13 
12 0 16 3 5 11 2 1 9 6 15 4 8 7 14 10 
11 8 15 13 9 7 16 1 3 0 5 6 2 4 10 12 
3 8 2 13 9 12 14 1 4 6 11 0 10 7 5 16 
0 1 6 8 2 13 14 7 15 3 10 9 11 5 4 12 
