10 16 6 5 13 8 1 7 9 12 2 4 3 11 14 15 
11 13 4 9 2 10 3 16 5 8 15 14 6 0 12 7 
6 3 14 1 15 12 0 16 7 5 9 11 10 8 13 4 
10 15 7 13 12 5 9 16 0 2 1 14 8 11 6 4 
8 7 2 10 9 0 3 16 1 6 12 13 14 11 15 5 
12 15 1 10 6 2 0 13 7 11 16 3 4 14 8 9 
0 2 7 9 10 1 5 11 3 4 12 14 8 16 13 15 
9 6 3 10 14 13 11 16 5 15 0 4 8 2 12 1 
4 12 6 16 10 14 13 0 5 2 3 7 15 9 11 1 
2 8 11 16 10 7 12 14 5 13 6 1 0 3 15 4 
6 7 16 3 1 2 5 4 13 14 15 9 8 0 11 12 
3 12 13 8 14 0 10 5 6 9 15 2 4 16 1 7 
5 9 8 16 11 3 0 13 15 10 1 7 2 4 14 6 
7 4 5 11 3 6 15 12 8 10 14 9 2 0 16 1 
10 4 16 13 9 1 7 0 5 3 2 12 8 15 11 6 
10 11 9 6 16 2 14 1 7 12 13 5 8 0 3 4 
14 4 15 7 9 1 13 3 2 12 10 11 0 6 8 5 
