6 9 7 11 14 2 12 3 15 1 16 10 5 8 4 13 
10 12 16 2 14 4 8 13 9 5 3 7 6 15 0 11 
13 6 10 8 11 9 15 5 0 12 16 3 4 7 14 1 
15 14 0 11 12 9 16 1 10 7 6 13 4 8 5 2 
8 15 1 14 10 13 6 9 3 5 2 7 11 16 12 0 
14 4 9 15 16 2 12 1 6 8 0 11 13 7 10 3 
1 5 7 2 11 14 15 4 3 8 13 10 9 12 16 0 
0 15 16 3 12 13 4 14 8 1 10 2 6 11 5 9 
0 9 15 3 5 6 11 13 10 1 16 7 12 4 2 14 
13 14 15 11 7 10 16 6 1 5 8 2 4 3 0 12 
13 3 14 11 2 12 8 0 5 1 9 7 15 6 16 4 
14 15 4 8 0 12 16 3 5 9 10 2 6 7 1 13 
11 8 0 6 15 4 5 14 1 2 13 9 10 7 16 3 
11 3 6 12 1 9 7 2 4 10 14 8 16 5 0 15 
10 1 2 9 16 15 5 11 3 4 13 7 6 8 0 12 
16 6 9 7 0 8 4 10 3 5 1 2 12 11 14 13 
3 9 15 4 1 5 2 7 14 6 10 8 12 11 13 0 
