9 16 8 2 3 11 1 14 5 15 10 4 12 13 6 7 
5 7 2 0 14 10 3 16 11 9 15 6 4 13 12 8 
10 1 16 6 15 3 4 12 11 7 0 13 14 8 9 5 
16 5 1 11 10 4 7 14 8 12 6 9 15 2 13 0 
15 0 1 14 8 10 9 11 7 13 3 12 2 5 16 6 
8 1 7 15 6 2 9 3 16 10 14 13 0 4 12 11 
11 12 4 10 1 8 16 7 13 5 2 15 9 0 3 14 
0 4 1 10 3 11 8 13 16 9 14 12 5 6 15 2 
7 5 13 12 3 11 10 6 4 0 1 9 16 14 15 2 
0 16 7 12 11 3 15 2 6 14 5 13 10 4 1 8 
14 4 2 15 16 12 0 7 1 3 5 13 6 8 9 11 
16 4 13 2 14 0 3 8 9 1 5 12 7 10 15 6 
9 6 5 10 0 11 16 15 8 7 14 4 1 13 2 3 
5 15 1 14 12 10 2 8 0 3 7 9 6 4 16 11 
0 8 3 12 16 15 4 9 13 6 11 10 7 1 2 5 
3 16 5 8 13 11 4 1 0 6 7 9 14 2 10 12 
12 8 6 11 14 10 7 2 1 13 9 15 4 0 3 5 
