14 11 3 8 10 12 16 2 13 5 4 6 1 7 15 9 
2 4 3 8 6 15 11 12 9 13 10 16 0 7 14 5 
8 6 0 10 7 3 9 13 15 16 4 14 1 5 11 12 
5 7 10 16 8 6 1 15 4 9 12 2 11 14 0 13 
12 5 3 8 0 16 15 2 7 9 1 14 10 11 6 13 
7 8 0 12 10 4 15 11 6 9 16 1 14 2 13 3 
11 3 9 8 0 2 16 1 4 10 12 14 15 13 5 7 
6 2 11 9 13 1 12 10 8 4 14 16 3 15 5 0 
2 11 7 10 13 15 14 1 9 0 5 4 12 6 16 3 
2 12 14 7 16 13 1 11 3 15 4 10 8 5 0 6 
6 9 14 13 11 0 15 2 4 3 1 12 7 8 5 16 
13 2 7 8 9 5 16 3 10 12 14 15 0 1 4 6 
1 7 3 0 15 6 14 16 8 13 4 2 11 10 5 9 
12 16 8 11 1 2 5 4 3 6 7 15 10 9 0 14 
7 6 11 4 15 5 12 9 8 1 2 10 13 0 16 3 
11 7 4 16 10 3 8 1 6 5 2 14 12 9 13 0 
0 7 4 12 6 3 10 2 15 8 13 9 11 5 14 1 
