1 11 13 15 7 2 9 6 4 14 16 5 12 10 8 3 
14 6 5 10 7 2 16 3 15 9 12 8 11 4 13 0 
9 10 14 1 12 3 7 5 6 4 8 13 16 15 0 11 
6 7 16 10 8 1 5 0 9 4 15 2 14 12 11 13 
11 10 15 8 5 9 1 3 12 7 16 0 14 6 13 2 
16 9 14 8 6 11 12 1 4 0 2 3 10 7 13 15 
4 14 10 0 2 11 7 16 8 1 13 3 5 9 15 12 
2 5 13 8 10 3 1 0 12 9 14 11 6 16 15 4 
13 15 3 16 4 7 12 6 10 0 9 11 5 2 14 1 
14 0 3 8 13 6 7 11 10 12 5 2 15 1 16 4 
12 2 14 4 8 5 7 11 9 13 3 16 0 6 1 15 
16 8 12 4 5 9 6 0 3 10 15 2 7 13 1 14 
1 8 7 9 5 13 16 10 14 3 11 4 6 0 15 2 
12 3 6 15 4 7 1 10 8 0 2 14 9 16 11 5 
9 13 4 10 1 16 12 2 15 7 0 8 5 6 11 3 
3 9 4 7 12 5 13 0 11 8 2 10 6 16 14 1 
9 12 0 13 15 7 14 5 3 8 10 6 1 2 4 11 
