12 10 15 5 8 4 1 14 13 6 7 16 3 9 11 2 
11 0 3 16 8 7 12 13 14 9 15 10 5 2 6 4 
8 1 13 0 7 12 4 6 3 10 14 15 16 9 11 5 
14 16 5 7 4 12 8 9 13 2 1 11 10 15 6 0 
13 16 7 12 10 5 1 11 9 8 0 15 6 3 2 14 
13 4 8 6 14 7 3 15 12 2 1 10 0 11 16 9 
2 9 11 1 14 10 5 13 12 0 3 16 4 7 8 15 
0 15 1 14 6 5 2 8 12 4 13 3 9 10 11 16 
11 0 12 6 10 15 7 1 4 9 16 3 13 2 14 5 
8 7 11 10 12 15 16 3 5 0 14 2 4 13 6 1 
16 14 2 9 12 13 3 5 6 1 4 7 0 8 11 15 
12 9 8 2 14 16 0 7 3 1 4 5 6 15 13 10 
6 1 2 15 7 16 4 8 11 0 3 14 13 5 9 10 
1 7 16 3 8 2 6 5 12 9 11 0 14 4 10 15 
8 11 3 15 9 12 13 1 0 5 6 7 16 2 10 4 
5 14 3 13 1 16 2 0 4 12 7 9 11 8 6 10 
11 9 0 6 13 14 2 10 8 3 1 15 12 4 7 5 
