11 10 3 16 4 2 12 1 7 6 8 14 9 5 13 15 
11 7 3 0 9 6 13 2 8 16 4 15 5 10 12 14 
14 7 15 10 6 12 8 3 1 16 13 0 9 11 5 4 
4 7 0 13 10 6 5 8 16 9 14 2 1 15 11 12 
12 15 3 13 10 6 9 1 11 8 14 2 16 0 7 5 
11 16 12 2 3 7 4 9 6 15 14 1 10 8 13 0 
2 11 14 8 4 13 1 5 10 3 0 9 7 16 12 15 
13 11 10 12 0 2 8 5 3 9 14 1 16 15 4 6 
5 3 15 2 11 9 6 4 12 7 0 16 13 10 1 14 
11 15 6 0 12 7 8 13 1 2 4 10 5 14 16 3 
14 4 13 7 12 5 8 9 15 11 1 0 6 2 3 16 
13 10 5 6 15 4 14 3 16 0 1 8 12 9 7 2 
7 10 15 2 14 6 13 0 8 4 1 3 9 5 16 11 
6 10 16 9 11 14 4 12 8 1 3 7 0 5 15 2 
2 11 1 7 4 0 10 16 9 15 8 13 12 3 6 5 
12 4 6 0 10 3 2 13 1 5 7 9 11 8 14 16 
3 2 13 11 12 14 9 0 5 1 6 7 15 4 8 10 
