3 7 11 9 10 1 16 4 2 13 5 8 14 12 6 15 
10 7 4 15 9 3 2 12 6 8 11 13 16 0 5 14 
9 12 14 1 10 7 0 3 6 4 16 15 11 8 13 5 
14 15 6 7 12 9 13 0 16 11 1 4 8 10 2 5 
9 7 1 15 12 11 14 5 6 16 10 8 3 2 13 0 
12 10 9 0 3 4 15 1 8 16 7 2 14 13 11 6 
9 12 3 2 8 5 11 7 10 16 13 0 4 15 1 14 
16 4 11 1 5 8 6 9 10 14 15 2 12 3 13 0 
9 12 14 5 6 15 1 10 11 4 16 7 3 2 13 0 
15 0 10 3 7 4 16 1 5 13 8 11 14 6 12 2 
0 13 12 3 9 2 1 7 16 11 5 8 6 15 4 14 
3 9 13 0 14 16 12 5 2 8 6 10 4 7 1 15 
0 1 10 16 14 15 6 3 13 5 4 9 7 8 2 11 
5 15 12 0 4 11 16 10 7 8 9 2 6 3 1 14 
2 1 4 6 3 8 9 13 10 0 12 15 5 16 7 11 
9 6 4 1 5 12 16 13 0 2 3 10 7 8 11 14 
12 3 8 15 9 5 7 1 11 4 0 6 10 2 13 14 
