7 12 5 8 1 11 15 2 16 6 14 10 9 13 4 3 
7 10 6 14 4 5 2 11 9 3 13 8 16 15 0 12 
0 4 6 9 7 12 16 13 5 8 14 10 11 3 15 1 
7 2 5 0 11 14 15 16 9 13 6 8 1 4 10 12 
7 8 11 12 5 15 13 0 1 16 10 9 2 6 3 14 
9 15 4 3 10 8 14 11 12 1 0 6 16 7 13 2 
4 9 13 0 16 2 5 11 10 12 15 3 8 7 1 14 
11 2 0 10 8 6 3 16 5 12 14 9 15 13 4 1 
14 3 13 11 0 4 15 12 9 16 10 7 6 1 2 5 
14 10 13 6 16 1 11 4 8 5 0 15 7 3 2 12 
8 6 16 2 4 9 7 11 5 1 3 12 14 15 0 13 
0 16 5 12 8 2 9 1 3 14 4 13 7 10 6 15 
7 1 2 15 5 16 0 4 3 14 11 8 9 10 13 6 
7 14 0 16 4 2 10 12 5 15 8 9 3 11 6 1 
4 0 8 10 1 7 2 15 12 5 9 3 13 11 6 16 
13 9 10 8 16 12 11 2 0 3 6 7 4 5 14 1 
10 8 13 15 5 2 11 0 14 1 6 9 3 12 7 4 
