11 12 1 14 13 5 8 9 16 10 15 7 4 3 6 2 
8 11 12 4 13 5 9 14 15 6 3 7 16 10 2 0 
11 15 0 9 14 13 3 16 10 8 7 1 6 5 4 12 
16 14 6 15 10 7 13 0 9 5 1 4 11 12 2 8 
0 5 6 3 7 16 15 2 13 8 14 1 12 11 9 10 
11 14 4 7 6 3 12 13 9 0 1 15 2 10 16 8 
13 11 2 10 3 9 7 14 12 5 0 8 16 15 1 4 
16 1 6 12 14 0 2 15 3 5 11 9 8 10 4 13 
13 15 4 9 0 10 12 3 6 5 16 11 7 2 1 14 
4 1 7 16 11 6 13 0 5 10 2 12 8 15 3 14 
1 0 12 9 5 2 7 8 15 14 6 13 11 4 16 3 
13 8 14 16 2 3 1 9 4 6 0 7 5 15 10 12 
13 6 7 8 9 11 2 15 5 4 14 10 1 0 16 3 
15 11 5 8 7 12 16 0 2 6 14 1 10 3 4 9 
4 9 16 8 2 5 3 12 7 11 0 13 15 10 1 6 
4 0 14 10 8 3 6 11 2 13 1 5 9 16 7 12 
7 1 3 11 6 10 9 14 2 4 0 5 15 12 13 8 
