13 6 16 12 3 15 9 1 7 14 5 4 11 2 8 10 
0 9 12 8 10 16 11 13 15 3 5 7 6 4 14 2 
16 5 1 8 15 7 6 13 4 10 14 9 3 11 0 12 
6 5 14 7 16 4 10 12 1 15 9 13 0 8 2 11 
10 0 12 8 5 6 1 11 15 7 13 9 2 14 16 3 
8 9 6 16 3 4 13 11 10 12 14 1 7 0 2 15 
10 1 9 5 11 8 2 13 4 12 16 3 0 7 15 14 
15 1 5 8 12 2 3 13 0 6 16 11 14 10 9 4 
4 11 6 3 9 13 7 2 5 10 1 12 16 0 14 15 
0 5 11 10 16 3 2 15 13 12 1 14 4 8 6 7 
15 6 3 16 9 5 12 13 7 2 0 11 8 4 14 1 
2 1 9 8 16 7 14 15 4 13 12 5 6 10 0 3 
0 11 1 15 9 4 16 6 8 10 2 3 5 13 14 7 
9 14 3 4 6 0 2 5 12 7 8 16 15 11 10 1 
12 0 2 15 1 13 4 9 8 11 6 5 7 10 3 16 
14 13 5 3 0 16 2 11 12 9 4 7 8 10 1 6 
1 11 10 3 15 4 8 14 6 0 7 9 12 2 5 13 
