6 2 10 5 13 3 11 14 12 15 9 4 16 1 8 7 
12 6 13 0 16 5 11 2 8 7 15 3 9 10 14 4 
9 11 10 3 5 14 12 0 7 1 8 16 4 15 13 6 
15 4 7 6 1 0 8 5 13 10 9 12 11 16 14 2 
3 11 10 8 1 2 7 13 6 0 16 14 5 15 12 9 
11 10 12 15 1 7 8 9 6 13 3 16 0 4 2 14 
0 5 4 15 2 7 14 16 3 12 9 1 8 13 10 11 
9 0 16 2 4 14 5 6 10 13 1 12 11 8 3 15 
16 9 2 10 7 3 11 13 4 0 14 5 15 6 1 12 
8 13 14 3 15 1 5 12 10 16 6 0 11 7 2 4 
6 3 4 12 13 15 5 7 0 11 8 9 16 2 1 14 
9 4 14 15 1 0 5 12 3 6 10 13 7 2 8 16 
8 7 16 15 2 6 5 1 3 11 13 0 4 9 14 10 
11 10 2 15 1 5 16 4 7 14 3 9 0 8 12 6 
4 2 11 7 3 12 5 9 10 1 15 16 8 6 0 13 
1 7 2 16 0 4 6 14 12 10 5 9 3 8 11 13 
10 12 0 9 6 5 1 14 7 15 8 13 4 11 3 2 
