1 15 3 10 12 13 4 16 8 6 2 7 9 14 5 11 
15 10 6 4 14 2 11 7 5 9 12 8 13 0 16 3 
0 5 1 14 10 12 13 9 15 16 11 7 3 8 6 4 
12 2 13 10 5 11 6 16 14 7 0 8 1 15 9 4 
7 2 6 9 3 15 1 14 12 0 5 11 8 16 13 10 
11 9 8 4 3 13 1 14 10 0 15 2 7 16 6 12 
2 11 8 13 12 10 3 9 7 15 0 16 4 5 1 14 
16 2 1 9 15 13 5 8 14 6 12 10 3 11 4 0 
4 6 14 10 5 7 15 13 1 2 11 9 0 12 3 16 
6 1 7 4 2 3 0 5 13 11 10 12 16 8 15 14 
9 11 13 3 1 8 5 2 15 14 6 12 4 0 16 7 
13 10 14 7 12 15 3 4 5 6 9 8 2 0 16 1 
7 9 13 0 16 4 5 10 14 6 15 2 8 11 3 1 
10 5 3 2 11 15 12 14 6 1 0 4 7 9 8 16 
7 5 10 16 9 0 11 6 3 8 15 2 12 13 1 4 
9 2 3 16 11 7 12 4 5 6 13 1 0 8 14 10 
11 9 0 15 3 5 6 7 2 13 4 14 8 10 1 12 
