2 6 1 14 9 5 3 15 4 12 16 7 10 13 8 11 
12 6 11 0 10 4 8 2 7 9 13 3 14 16 5 15 
5 10 16 1 15 13 7 6 8 4 9 14 12 3 0 11 
5 8 11 6 16 12 4 10 15 7 9 1 14 2 13 0 
10 15 0 12 6 1 11 9 5 13 7 14 8 2 16 3 
12 9 2 6 4 11 7 3 13 14 10 8 16 0 15 1 
5 15 10 1 2 8 11 7 12 4 9 3 16 14 0 13 
5 10 9 16 3 12 2 13 6 11 1 0 15 8 4 14 
5 11 12 4 9 13 15 2 7 3 1 10 14 16 6 0 
3 6 11 5 10 16 2 15 4 13 14 12 7 1 8 0 
15 3 8 5 14 6 13 0 11 16 12 7 1 4 9 2 
10 2 5 9 4 15 14 7 8 13 3 16 6 0 12 1 
5 0 15 7 1 16 6 4 10 2 8 3 9 11 13 14 
9 4 3 14 6 0 15 2 8 12 7 16 11 5 1 10 
16 8 0 12 1 4 13 10 2 5 6 11 9 15 7 3 
5 6 13 3 0 11 16 1 9 7 12 8 4 2 14 10 
1 11 10 3 9 14 2 15 7 0 6 8 5 13 12 4 
