13 9 14 4 3 1 11 5 2 8 10 7 12 16 15 6 
12 13 10 16 3 15 4 8 11 7 0 6 9 2 14 5 
7 10 6 14 16 9 1 5 3 11 13 0 8 12 4 15 
5 10 9 12 15 0 14 1 7 8 13 16 4 11 6 2 
13 5 2 15 12 14 8 3 6 9 10 16 1 11 7 0 
6 14 10 11 0 12 9 8 1 15 13 7 4 2 16 3 
14 5 12 15 0 7 2 3 11 4 16 9 1 13 8 10 
5 12 8 16 15 3 0 13 6 9 14 2 11 10 1 4 
2 10 0 5 15 9 12 3 11 4 1 14 13 7 6 16 
10 8 16 3 7 6 15 1 5 14 0 13 11 2 12 4 
6 4 12 7 11 15 13 5 0 14 3 16 2 9 8 1 
0 4 6 14 12 9 7 5 3 10 8 13 16 1 15 2 
4 13 1 10 16 14 15 2 7 6 5 11 9 0 8 3 
10 6 15 4 16 0 14 1 8 11 2 12 9 7 3 5 
2 0 3 4 5 8 13 6 12 16 10 1 7 9 15 11 
7 3 2 12 16 4 0 10 6 1 8 11 14 13 9 5 
0 9 14 4 15 11 1 8 7 2 10 5 3 13 6 12 
