1 4 15 2 13 9 3 14 6 7 16 12 8 10 11 5 
0 12 3 6 4 10 8 2 9 5 7 16 13 15 11 14 
10 15 1 14 13 7 3 16 5 9 8 4 11 0 6 12 
11 8 5 6 4 10 12 16 9 7 1 15 14 2 13 0 
7 12 10 0 11 9 1 15 5 13 14 6 8 2 16 3 
12 2 6 9 7 11 16 3 14 10 0 13 15 8 1 4 
5 1 15 10 11 3 7 14 2 12 9 4 8 16 0 13 
9 1 5 10 13 3 2 12 0 16 6 11 4 14 8 15 
5 4 12 11 13 9 2 15 10 7 16 3 0 6 1 14 
5 8 3 6 12 2 10 16 15 4 11 13 7 0 14 1 
3 12 15 8 0 2 14 1 7 11 5 16 4 9 6 13 
6 5 10 9 14 4 2 15 13 16 12 8 0 3 7 1 
7 5 10 0 11 16 13 4 8 15 3 6 9 2 14 1 
14 4 3 16 5 0 2 15 6 7 12 9 11 8 10 1 
12 2 8 0 10 1 13 4 11 5 6 16 9 3 15 7 
6 2 3 14 0 16 1 11 8 12 7 13 4 10 9 5 
1 3 11 2 15 9 10 8 6 7 13 0 5 12 14 4 
