15 1 12 3 5 14 16 6 9 13 4 8 11 7 2 10 
5 8 4 13 16 3 2 15 12 0 6 9 14 10 7 11 
11 5 13 0 3 6 1 14 15 10 4 9 8 7 16 12 
4 16 14 1 6 13 10 2 12 15 8 11 5 9 0 7 
0 5 3 11 7 15 13 1 9 14 2 12 16 6 8 10 
7 0 4 2 9 6 11 12 16 10 1 13 15 8 3 14 
8 13 12 16 7 0 15 9 10 5 2 1 3 14 4 11 
0 16 14 1 9 2 11 13 12 4 10 3 5 8 6 15 
4 0 2 6 5 10 11 16 15 7 14 9 3 13 12 1 
2 0 16 3 13 4 14 12 6 15 11 5 1 7 10 8 
12 14 2 11 7 6 3 13 1 0 9 8 16 15 5 4 
10 9 16 3 13 14 2 15 4 6 1 0 8 12 7 5 
16 11 9 1 0 8 10 14 4 5 15 2 6 7 3 13 
11 15 6 1 5 9 10 14 4 7 12 16 2 8 0 3 
6 9 16 7 11 4 8 3 12 2 5 1 10 15 0 13 
8 1 9 2 11 16 0 13 5 7 3 14 10 4 12 6 
8 2 14 6 5 9 13 3 12 0 15 10 4 7 11 1 
