4 3 6 2 13 9 1 14 12 15 16 7 5 10 8 11 
8 12 0 3 5 10 15 4 9 7 11 6 16 14 2 13 
15 5 6 10 16 7 12 13 9 4 3 8 0 11 14 1 
8 5 6 4 12 10 11 16 1 9 15 7 2 14 13 0 
2 5 3 1 6 10 14 9 13 7 12 11 8 16 15 0 
12 0 6 2 7 11 16 3 9 13 14 10 4 8 15 1 
12 0 10 8 5 4 7 11 1 3 2 9 16 14 13 15 
9 1 5 10 3 13 2 12 0 6 11 16 4 15 14 8 
11 16 7 12 10 15 9 13 2 14 5 4 0 3 1 6 
15 1 8 5 16 10 14 7 6 12 4 2 3 11 13 0 
0 3 8 5 13 2 14 1 15 16 11 12 7 6 4 9 
6 9 10 0 14 4 2 15 12 13 8 16 7 5 3 1 
0 5 4 1 13 7 16 3 8 15 11 6 2 9 10 14 
7 6 16 3 0 5 15 2 9 10 4 12 11 8 14 1 
2 11 8 0 1 4 3 10 16 6 12 5 7 15 9 13 
3 9 14 2 12 0 1 16 4 7 8 13 10 5 11 6 
1 3 11 10 2 0 14 8 7 13 12 9 6 15 5 4 
