6 8 16 9 11 15 10 4 3 5 14 1 2 13 7 12 
14 6 12 13 10 11 4 16 7 3 5 0 8 2 15 9 
10 4 9 11 6 12 16 7 8 1 0 13 15 14 5 3 
7 12 4 11 6 1 13 15 14 0 8 16 9 5 2 10 
7 13 6 12 16 11 0 10 8 5 1 14 3 9 2 15 
14 16 15 4 12 2 0 13 8 9 10 3 11 6 7 1 
2 1 13 5 15 12 16 14 10 4 3 11 0 7 8 9 
8 5 0 2 12 6 11 16 13 1 9 3 10 15 4 14 
7 10 0 13 16 6 12 2 14 3 9 11 1 4 15 5 
13 10 14 1 0 11 5 4 8 3 15 6 12 16 7 2 
8 7 9 12 4 11 6 0 5 13 3 15 2 16 1 14 
12 6 16 10 0 7 2 4 8 5 3 9 13 15 14 1 
11 5 14 7 2 13 8 1 4 6 15 3 9 16 10 0 
8 2 16 3 10 11 14 1 5 15 6 9 7 0 4 12 
16 0 10 11 1 2 12 13 6 15 8 7 4 9 3 5 
0 4 10 9 7 12 8 2 1 3 13 11 14 6 16 5 
5 6 10 15 2 3 11 13 14 1 8 12 7 9 0 4 
