12 13 10 5 9 11 1 8 16 14 7 4 3 6 15 2 
9 10 0 16 7 13 8 12 14 15 11 3 4 5 2 6 
12 8 1 5 13 15 6 7 14 4 3 10 11 9 16 0 
7 13 14 11 9 12 4 16 1 10 15 2 6 0 8 5 
12 7 8 16 11 1 5 10 9 15 0 13 6 3 14 2 
6 16 2 8 15 4 3 11 13 12 10 1 7 0 9 14 
13 11 14 1 10 5 2 8 12 4 3 16 0 9 15 7 
5 6 14 1 15 2 0 8 4 12 13 16 10 3 9 11 
12 15 11 6 1 7 10 0 4 3 16 9 2 13 5 14 
10 13 7 11 15 12 16 3 5 14 2 0 4 1 6 8 
16 13 2 15 12 9 5 3 6 1 7 4 0 11 14 8 
12 2 8 9 16 7 0 14 4 5 1 6 3 13 15 10 
1 15 10 3 4 6 8 16 2 7 0 11 14 5 13 9 
3 9 4 14 8 2 5 6 16 0 12 7 1 15 11 10 
7 6 15 2 9 10 13 1 8 11 0 5 12 4 3 16 
13 3 5 14 0 16 2 11 9 12 7 4 8 10 6 1 
6 10 11 9 2 13 14 8 3 15 1 0 4 5 12 7 
