8 3 5 15 12 11 2 10 7 6 1 14 9 13 16 4 
7 10 16 3 11 9 14 2 15 6 13 0 5 4 8 12 
3 4 12 6 13 10 15 11 1 7 0 5 16 9 8 14 
10 1 12 4 16 13 8 7 11 5 0 2 6 15 14 9 
11 1 16 6 2 0 12 7 14 13 8 3 15 5 9 10 
12 10 15 8 0 14 2 6 1 11 3 16 13 7 9 4 
12 16 15 2 13 10 14 11 7 4 3 8 0 1 5 9 
8 10 11 6 15 4 14 1 0 2 3 16 12 13 9 5 
2 10 5 16 14 3 11 4 6 12 9 7 15 1 13 0 
6 2 13 4 3 5 10 14 1 16 12 7 15 11 0 8 
6 5 16 4 12 11 15 9 7 0 14 8 2 1 3 13 
14 12 13 8 2 6 1 9 15 7 3 5 0 4 16 10 
0 8 9 4 3 6 2 15 16 14 5 13 1 11 10 7 
1 5 2 8 9 6 10 3 7 15 11 4 14 16 12 0 
11 0 9 3 4 15 16 1 12 5 8 6 13 10 2 7 
3 12 0 13 11 7 6 5 8 9 16 2 10 4 14 1 
11 4 5 13 3 1 9 12 8 0 10 6 7 14 15 2 
