4 1 15 2 14 3 9 6 7 12 16 13 11 5 10 8 
3 8 12 0 2 5 4 10 7 9 6 16 13 15 11 14 
10 15 1 14 13 7 16 3 5 8 9 4 11 12 6 0 
6 5 11 8 16 10 4 12 1 15 9 7 2 14 0 13 
12 10 0 7 9 15 1 11 13 6 5 14 8 2 3 16 
9 12 2 6 7 11 16 3 10 14 0 13 4 8 15 1 
10 0 5 1 7 14 3 11 2 4 12 9 15 8 13 16 
1 5 10 9 2 3 13 12 6 11 16 0 14 15 4 8 
4 16 12 11 15 10 9 13 7 14 2 5 3 6 0 1 
8 5 6 3 10 2 12 16 11 13 4 15 7 0 14 1 
12 3 15 8 2 0 1 14 16 11 5 7 13 6 4 9 
10 6 5 9 14 4 15 2 8 13 12 16 3 1 7 0 
7 10 0 5 13 4 16 3 11 8 15 6 9 2 14 1 
4 3 10 14 0 5 2 15 6 7 9 12 8 16 1 11 
2 0 8 11 13 10 1 4 5 6 16 12 9 15 7 3 
2 3 14 6 0 1 11 16 13 8 12 7 10 5 9 4 
3 1 2 11 10 15 9 8 7 12 13 0 5 6 14 4 
