4 2 3 9 13 6 1 14 12 7 15 16 8 11 5 10 
6 12 13 0 4 10 9 15 7 3 11 5 16 8 14 2 
4 6 5 10 12 16 7 13 8 14 11 15 9 0 1 3 
8 2 6 4 5 10 14 12 7 0 9 1 13 15 11 16 
3 1 2 5 9 6 0 10 13 12 15 11 8 7 14 16 
0 1 6 2 7 11 3 16 14 10 13 9 8 4 12 15 
8 10 0 12 7 5 4 11 2 3 9 13 15 16 1 14 
12 5 9 13 1 10 2 3 11 0 16 6 14 4 15 8 
16 10 12 1 11 9 0 13 15 14 5 4 6 2 3 7 
5 1 15 8 7 14 16 10 12 6 4 2 3 11 0 13 
0 5 7 1 14 13 12 2 16 11 15 8 9 6 3 4 
9 10 0 6 4 14 2 15 8 12 13 16 7 3 1 5 
5 4 0 1 7 13 16 3 15 6 8 11 2 14 9 10 
10 3 6 0 5 15 7 16 9 11 2 12 4 8 1 14 
0 8 3 2 4 1 10 9 12 16 11 6 7 13 15 5 
8 2 5 3 16 0 1 4 6 7 11 12 9 13 10 14 
3 9 6 10 15 14 13 0 12 8 11 7 5 2 4 1 
