2 3 6 4 13 9 14 1 16 15 12 7 5 8 11 10 
0 6 8 12 9 4 15 10 5 11 3 7 2 14 13 16 
10 6 5 15 12 16 13 7 4 3 9 8 0 11 1 14 
2 8 6 4 14 12 10 5 9 1 0 7 11 13 16 15 
2 1 3 5 0 9 10 6 11 13 15 12 16 7 14 8 
1 0 6 2 7 11 16 3 13 14 9 10 15 12 8 4 
10 0 8 12 7 5 11 4 2 13 9 3 16 15 1 14 
10 5 12 9 3 2 1 13 16 6 11 0 4 8 15 14 
16 7 12 11 1 9 0 13 5 15 4 14 3 2 6 10 
15 1 5 8 16 10 14 7 12 4 2 6 3 11 0 13 
5 7 0 1 2 13 12 14 11 8 15 16 4 3 9 6 
9 6 10 0 14 4 2 15 8 16 13 12 1 3 7 5 
1 0 4 5 7 13 16 3 6 8 11 15 2 9 10 14 
6 16 3 0 5 2 15 7 12 10 11 9 8 4 14 1 
2 0 8 3 10 1 9 4 6 12 16 11 13 7 15 5 
3 2 8 5 0 4 1 16 11 7 6 12 10 13 14 9 
6 3 9 10 14 0 2 15 8 11 7 12 1 13 4 5 
