12 10 5 13 1 8 4 6 16 14 7 15 2 11 9 3 
7 6 14 10 12 4 11 5 2 16 0 13 3 15 9 8 
13 16 12 4 7 0 6 3 10 15 1 8 9 5 14 11 
9 5 0 7 8 14 15 4 11 2 13 6 1 16 10 12 
7 12 8 13 5 11 1 10 15 0 9 16 3 14 6 2 
1 15 13 11 8 10 14 4 7 3 6 12 16 0 2 9 
9 1 11 0 4 16 2 5 14 3 12 10 13 7 8 15 
0 12 2 15 1 6 8 16 4 5 11 3 13 14 10 9 
0 11 14 1 12 15 3 9 10 7 4 16 13 5 6 2 
10 6 11 7 13 12 1 14 15 0 5 8 4 2 3 16 
11 12 6 16 5 9 4 13 7 2 14 1 8 15 0 3 
0 4 14 10 7 6 12 16 2 5 3 8 1 13 15 9 
1 6 2 15 16 7 4 8 10 11 0 3 13 9 5 14 
0 12 3 16 2 1 10 11 9 6 5 15 4 14 7 8 
8 15 11 13 16 1 9 7 6 3 5 0 2 10 12 4 
3 2 8 13 9 12 14 1 6 11 4 0 10 5 16 7 
8 0 1 6 13 14 7 2 15 10 3 9 4 11 12 5 
