12 2 4 14 1 8 15 10 7 6 16 3 9 11 13 5 
11 15 8 12 7 4 9 14 6 2 3 16 5 10 0 13 
12 9 1 8 11 4 14 0 13 6 16 3 5 7 10 15 
6 13 15 16 2 1 10 7 14 8 12 4 0 9 5 11 
14 9 11 5 8 10 15 3 0 7 2 16 1 12 13 6 
9 0 14 7 3 2 4 11 13 15 6 12 1 16 10 8 
8 16 15 7 10 9 12 14 0 4 11 3 5 13 1 2 
6 4 13 12 10 1 0 9 14 8 11 5 3 16 2 15 
13 9 12 6 5 10 14 1 4 3 11 0 16 7 15 2 
5 4 2 15 7 11 3 16 6 12 14 13 8 1 0 10 
9 2 0 6 5 14 11 7 12 8 1 4 15 13 3 16 
6 4 1 14 3 7 12 2 5 15 8 16 9 10 0 13 
13 5 15 16 2 1 3 6 11 4 7 10 14 9 0 8 
5 3 15 2 0 11 4 14 16 10 9 8 7 12 6 1 
8 12 0 13 3 11 4 7 9 5 10 16 1 6 2 15 
14 12 4 13 10 9 0 8 6 11 3 16 5 1 7 2 
14 6 4 0 1 10 7 9 12 3 8 2 15 5 11 13 
