9 10 15 16 6 3 1 14 12 13 4 2 8 11 5 7 
4 14 7 2 5 6 0 13 12 11 16 9 8 15 10 3 
15 10 8 13 3 5 14 4 12 6 16 7 1 9 11 0 
6 5 1 7 10 2 4 0 15 11 12 13 14 8 16 9 
12 14 13 0 9 6 7 10 5 15 11 1 8 2 16 3 
13 2 7 9 6 0 3 16 15 11 14 1 4 12 10 8 
3 12 9 2 11 15 13 10 4 14 8 5 0 16 7 1 
15 14 8 16 4 0 12 5 10 11 1 2 3 9 13 6 
2 1 3 16 11 12 7 4 5 15 13 0 6 14 9 10 
3 11 13 7 5 10 15 2 12 6 14 8 16 0 4 1 
11 16 2 4 5 3 9 1 15 0 8 7 6 14 13 12 
5 14 2 9 12 3 4 1 16 6 0 15 8 13 10 7 
6 3 15 2 7 8 1 14 9 5 0 10 11 13 16 4 
2 1 7 16 10 5 3 12 8 9 15 4 0 11 6 14 
6 3 5 7 1 12 9 13 11 10 8 0 16 4 2 15 
8 9 4 0 10 16 1 12 14 11 6 2 5 13 3 7 
9 4 11 5 0 2 15 12 1 6 3 10 7 14 13 8 
