3 9 5 13 8 6 14 16 12 7 10 11 1 4 15 2 
16 0 11 12 6 13 14 4 8 7 3 15 10 5 9 2 
14 6 13 4 11 3 5 8 0 16 10 12 9 7 1 15 
10 9 1 14 5 15 4 13 2 11 7 16 12 6 0 8 
15 7 8 16 5 2 13 0 6 12 1 14 3 9 11 10 
7 6 10 15 12 1 11 2 3 9 13 4 16 0 8 14 
13 4 14 16 10 7 15 2 0 1 5 12 8 9 3 11 
16 6 2 1 4 5 13 0 9 3 8 15 14 10 12 11 
0 9 2 15 1 3 11 7 16 10 12 14 4 6 13 5 
0 11 15 6 1 12 10 16 8 2 4 3 7 13 14 5 
13 6 15 4 5 12 11 9 0 3 8 2 16 7 1 14 
10 1 7 8 13 9 3 16 0 12 5 14 6 4 2 15 
4 15 6 1 10 7 14 2 8 16 0 13 3 5 11 9 
11 0 1 14 5 15 6 4 8 2 12 9 10 7 16 3 
4 15 9 1 10 8 2 7 6 5 0 13 12 11 16 3 
9 4 1 2 7 12 0 3 16 10 11 8 14 13 5 6 
13 3 15 2 1 7 6 11 4 9 5 8 14 10 12 0 
