13 6 14 1 15 9 3 16 7 5 4 12 2 11 8 10 
6 12 11 0 16 2 8 10 3 13 15 7 14 4 9 5 
5 16 1 8 15 13 6 7 10 4 9 14 12 3 11 0 
11 1 5 7 16 10 4 12 6 9 13 15 14 8 2 0 
12 15 10 0 6 11 5 1 14 8 9 7 13 2 16 3 
6 9 12 13 4 11 3 16 10 8 1 14 0 7 2 15 
15 1 5 10 13 8 2 11 12 4 3 9 16 0 7 14 
10 5 9 16 3 2 13 12 0 1 11 6 15 4 8 14 
12 11 4 5 7 9 2 13 6 1 3 10 15 14 16 0 
11 3 6 5 16 10 15 2 12 13 1 14 0 4 8 7 
0 15 3 8 5 6 14 13 2 11 7 16 1 9 12 4 
2 1 5 9 7 15 14 4 12 16 8 13 0 6 10 3 
0 9 15 5 4 16 1 6 8 2 10 3 11 7 13 14 
14 3 4 9 6 0 15 2 7 12 8 16 1 10 5 11 
16 0 2 12 13 1 10 4 11 6 8 5 3 15 9 7 
5 3 14 13 1 11 16 0 8 9 12 7 2 4 6 10 
10 1 3 11 9 14 2 15 6 0 7 8 4 12 5 13 
