10 15 16 3 4 2 14 13 9 12 7 8 1 5 6 11 
16 14 6 11 13 15 10 7 5 8 0 2 4 3 9 12 
11 12 0 9 10 13 15 6 14 3 5 7 8 16 1 4 
1 15 12 5 4 11 8 14 10 9 0 13 2 16 7 6 
7 15 16 3 0 10 6 1 11 12 5 2 14 9 13 8 
11 9 6 7 1 12 4 15 2 14 16 10 8 3 13 0 
13 3 11 1 10 0 2 8 16 14 12 15 5 9 4 7 
13 10 11 8 6 9 1 14 3 12 15 2 0 5 16 4 
1 12 0 13 10 14 16 11 3 4 6 5 7 9 15 2 
13 1 5 7 11 2 6 4 14 10 12 3 16 0 8 15 
3 6 14 12 15 11 13 9 2 1 4 7 0 8 5 16 
12 10 7 14 0 4 2 15 5 3 8 6 9 1 13 16 
16 13 4 5 8 15 14 11 0 10 6 7 1 3 2 9 
0 4 10 7 11 3 14 1 8 6 9 15 2 5 12 16 
12 6 5 13 11 0 15 2 7 1 10 8 4 9 3 16 
2 8 7 3 12 11 16 0 6 4 1 14 9 13 10 5 
5 9 11 10 6 14 15 2 12 13 4 7 8 0 1 3 
