6 2 1 14 15 9 3 16 5 12 7 4 11 10 13 8 
0 6 11 12 8 10 2 4 7 3 13 9 14 5 16 15 
16 10 5 1 13 6 15 7 14 8 9 4 12 0 3 11 
5 13 11 6 12 4 10 16 1 7 9 15 0 14 2 8 
0 10 12 15 1 6 11 5 14 7 9 13 8 2 3 16 
12 9 6 2 4 3 7 11 13 8 14 10 1 15 0 16 
1 15 5 10 8 11 2 7 3 4 12 9 16 14 13 0 
10 5 9 16 3 12 13 2 0 6 1 11 14 4 8 15 
11 4 12 5 13 9 2 15 7 10 3 1 14 0 6 16 
6 3 11 5 16 10 2 15 12 13 1 14 0 7 8 4 
15 5 3 8 6 14 0 13 2 11 7 16 12 4 1 9 
10 9 2 5 4 15 7 14 13 8 3 16 1 6 0 12 
5 15 0 7 1 4 6 16 3 2 10 8 13 11 9 14 
9 14 3 4 6 0 2 15 12 8 16 7 10 11 5 1 
12 8 0 16 1 4 10 13 2 5 6 11 9 15 7 3 
6 5 3 13 1 16 0 11 7 12 9 8 10 4 14 2 
1 3 11 10 14 9 2 15 8 6 0 7 13 12 5 4 
