16 10 9 13 8 6 1 3 14 7 4 5 11 12 15 2 
16 9 0 12 8 13 10 11 3 15 14 7 6 2 5 4 
5 8 16 1 15 7 6 13 14 9 10 4 12 11 0 3 
7 12 14 5 2 10 4 16 13 9 15 1 8 11 0 6 
10 12 8 0 11 6 1 5 9 13 7 15 2 14 3 16 
16 6 8 2 4 13 11 3 10 12 14 1 7 15 0 9 
9 1 5 10 13 11 8 2 12 4 3 16 15 7 0 14 
5 4 1 2 15 3 8 13 11 0 16 6 9 12 10 14 
11 4 15 6 7 13 9 2 5 1 10 12 14 0 16 3 
0 11 5 10 16 3 2 15 13 12 14 1 8 6 4 7 
13 16 6 15 5 12 9 3 4 2 7 1 8 0 14 11 
9 12 8 2 15 14 16 7 13 4 1 5 0 6 3 10 
15 1 3 0 9 6 4 16 2 10 11 8 14 13 5 7 
4 9 3 14 6 0 5 2 8 16 12 7 1 15 11 10 
7 6 2 15 13 4 1 9 5 8 0 11 12 10 16 3 
5 3 13 14 16 11 0 2 12 9 7 4 8 6 1 10 
11 10 3 1 4 14 15 8 6 9 0 2 13 7 12 5 
