11 10 3 16 1 2 12 4 7 8 14 6 9 5 13 15 
3 11 7 0 13 2 9 6 8 4 15 16 5 10 14 12 
7 14 15 10 8 12 3 6 1 16 0 13 11 9 5 4 
7 4 13 0 5 6 10 8 14 16 2 9 11 15 12 1 
15 12 13 3 10 9 1 6 14 8 2 11 7 16 5 0 
16 11 12 2 3 4 9 7 15 6 14 1 10 8 0 13 
2 11 8 14 5 13 4 1 3 10 9 0 16 12 7 15 
12 11 10 13 8 0 5 2 3 9 14 1 16 15 4 6 
5 3 15 2 9 6 11 4 12 16 0 7 10 13 14 1 
0 15 6 11 13 8 12 7 1 2 10 4 14 5 3 16 
13 4 7 14 9 12 5 8 15 11 1 0 2 6 3 16 
6 10 5 13 15 4 14 3 16 1 8 0 2 9 7 12 
10 7 15 2 14 6 13 0 8 1 4 3 5 11 9 16 
8 9 16 10 11 4 12 14 6 1 3 7 5 0 15 2 
11 1 2 7 10 0 4 16 8 15 13 9 3 5 12 6 
12 6 0 4 10 3 2 13 7 5 9 1 8 11 16 14 
2 13 3 11 0 14 9 12 7 6 1 5 4 15 10 8 
