10 15 5 16 14 7 13 2 4 12 9 1 11 8 3 6 
5 15 7 9 16 11 0 13 4 3 6 14 8 2 12 10 
6 10 7 0 5 12 1 14 8 11 9 13 4 15 3 16 
9 14 6 15 16 11 5 7 1 10 13 4 8 0 2 12 
7 13 8 10 1 5 6 16 2 3 9 0 11 12 14 15 
1 6 16 2 4 7 15 8 10 11 3 12 9 14 0 13 
8 12 15 9 13 1 5 16 7 11 3 0 4 2 14 10 
14 5 0 6 9 4 11 2 8 1 10 15 12 13 16 3 
5 12 4 13 10 6 1 11 9 7 16 3 14 0 2 15 
3 14 13 10 6 15 7 12 0 16 2 8 1 11 4 5 
3 1 8 0 5 2 9 4 13 6 15 11 14 12 16 7 
15 4 16 0 6 13 8 9 3 5 10 14 7 2 12 1 
8 11 14 16 0 5 10 9 3 1 15 2 7 13 6 4 
5 0 6 12 7 1 9 3 10 11 15 2 16 14 4 8 
10 12 16 9 8 4 3 6 7 5 2 11 1 15 0 13 
16 10 6 9 12 11 4 0 7 8 14 1 3 13 5 2 
3 5 15 8 13 6 2 12 9 11 14 1 7 10 0 4 
