1 8 12 5 4 10 3 16 11 14 15 2 7 6 9 13 
10 13 8 2 0 5 11 6 15 7 12 14 9 4 3 16 
0 16 14 1 12 13 4 3 9 15 5 6 10 7 11 8 
4 14 2 7 15 10 8 0 13 6 11 16 12 9 5 1 
6 3 7 0 1 11 15 2 16 8 12 13 14 5 9 10 
12 2 16 3 15 14 4 7 0 1 10 6 9 13 8 11 
5 13 1 3 9 15 16 11 10 7 4 8 0 14 12 2 
14 9 10 13 12 1 4 6 11 0 8 16 3 5 2 15 
15 11 12 4 9 2 16 10 5 7 13 0 3 6 1 14 
14 8 0 3 16 1 7 15 13 6 2 4 12 10 11 5 
3 11 9 7 16 5 15 2 12 0 6 14 1 4 13 8 
7 1 10 2 6 16 14 8 3 9 0 5 13 4 12 15 
11 5 14 10 7 13 16 1 15 3 8 6 2 9 0 4 
10 6 15 2 1 9 0 4 3 7 12 11 5 14 8 16 
1 15 11 3 16 12 0 10 5 13 4 2 6 9 7 8 
4 11 0 13 3 10 1 14 9 8 2 12 5 16 6 7 
10 12 6 4 1 7 8 2 9 11 3 14 15 5 13 0 
