10 9 16 15 3 6 14 1 8 13 2 4 7 11 5 12 
4 2 7 10 5 6 13 0 11 9 8 16 12 14 15 3 
10 13 8 15 14 9 4 3 16 7 6 12 11 5 1 0 
1 5 6 8 4 2 10 0 12 15 11 13 16 7 14 9 
14 12 0 13 7 6 10 9 1 5 15 11 8 2 3 16 
2 7 9 13 0 6 16 3 15 4 14 1 11 12 8 10 
3 9 2 12 13 10 11 15 14 5 8 4 16 1 0 7 
14 16 15 8 2 12 0 5 4 11 1 10 3 6 13 9 
1 2 16 3 7 11 12 4 15 5 0 13 9 6 14 10 
11 3 0 7 5 10 15 2 8 6 12 14 16 4 13 1 
4 2 11 16 5 3 9 1 8 0 7 15 14 13 12 6 
5 2 9 14 1 12 3 4 6 16 0 15 10 13 7 8 
3 6 15 2 7 5 1 14 8 9 10 0 13 4 16 11 
7 1 0 2 12 10 5 3 9 8 4 15 16 6 14 11 
7 6 5 3 1 13 12 9 8 11 10 0 16 4 15 2 
0 8 4 9 16 1 12 10 6 2 11 14 3 13 7 5 
4 11 5 2 9 15 12 0 1 10 6 3 13 8 7 14 
