8 15 6 12 13 10 2 9 1 11 4 7 5 14 16 3 
15 5 9 6 16 13 10 11 2 0 8 12 7 4 3 14 
8 1 6 10 9 15 14 13 0 7 16 4 11 3 12 5 
12 13 2 4 5 7 14 10 16 0 6 11 1 9 8 15 
12 14 15 7 11 8 0 1 10 9 3 16 2 5 13 6 
14 2 4 8 10 0 11 7 12 6 16 9 3 1 15 13 
1 16 2 8 15 11 0 5 10 9 14 4 3 7 13 12 
12 5 2 10 8 9 11 16 15 4 3 1 14 6 13 0 
12 10 15 2 16 7 1 14 5 3 6 11 4 9 0 13 
11 6 2 14 8 5 16 3 10 4 13 1 0 15 12 7 
7 11 2 15 8 14 13 5 6 3 12 4 1 9 16 0 
7 4 8 9 14 2 0 3 15 6 16 12 1 10 5 13 
7 14 15 0 5 4 16 2 9 10 6 1 3 13 8 11 
5 6 9 0 12 11 1 14 15 10 8 3 2 4 7 16 
13 16 11 15 2 7 3 9 12 5 1 8 10 4 0 6 
10 6 7 3 0 14 8 2 9 11 5 4 13 16 12 1 
8 6 4 13 9 3 15 2 11 12 14 10 1 5 0 7 
