6 13 14 1 15 9 3 16 5 7 12 4 2 11 8 10 
12 6 11 0 16 2 8 10 13 15 3 7 4 9 14 5 
8 16 1 5 15 6 13 7 4 10 14 9 12 11 3 0 
1 11 5 7 10 4 16 12 13 6 15 9 2 8 0 14 
0 15 12 10 5 6 11 1 14 8 9 7 2 13 16 3 
13 9 12 6 11 4 16 3 10 8 1 14 7 0 15 2 
1 5 10 15 2 8 11 13 3 4 12 9 16 7 14 0 
5 9 16 10 3 2 13 12 1 11 6 0 15 4 8 14 
5 12 11 4 7 9 13 2 3 10 6 1 0 15 14 16 
3 6 11 5 16 10 2 15 13 12 1 14 8 7 4 0 
3 8 5 15 6 14 13 0 2 7 11 16 9 1 12 4 
5 1 9 2 14 4 7 15 8 16 12 13 6 10 3 0 
0 5 15 9 16 1 6 4 2 10 3 8 7 13 14 11 
3 4 9 14 6 0 15 2 7 16 12 8 5 1 10 11 
2 16 12 0 10 4 13 1 11 6 8 5 15 3 7 9 
5 13 14 3 1 11 0 16 7 12 8 9 2 4 10 6 
10 1 3 11 14 9 2 15 6 0 7 8 5 12 13 4 
