3 4 9 2 13 6 14 1 12 16 15 7 11 10 8 5 
12 6 13 0 9 10 15 4 3 7 11 5 16 2 14 8 
10 5 4 6 12 7 13 16 8 15 14 11 3 1 0 9 
6 4 8 2 10 14 12 5 0 1 7 9 16 11 15 13 
5 1 3 2 0 6 9 8 13 11 12 15 14 16 10 7 
6 2 1 0 11 16 10 7 9 14 3 13 15 12 8 4 
0 12 10 1 7 11 5 4 2 3 9 13 8 14 16 15 
13 12 9 15 10 5 3 2 16 6 0 8 4 11 1 14 
12 10 16 1 11 9 13 0 15 14 5 4 2 7 6 3 
1 8 5 15 14 7 16 10 12 3 4 2 11 6 0 13 
5 1 7 0 12 14 13 2 16 15 9 11 8 3 6 4 
6 9 0 10 4 14 2 15 8 13 12 1 7 5 16 3 
4 0 1 5 7 15 3 16 11 8 6 13 10 9 14 2 
5 6 3 0 15 10 16 7 9 11 2 12 8 4 1 14 
3 2 0 5 9 4 10 1 6 12 16 11 7 8 15 13 
2 5 8 3 16 1 14 0 12 6 11 7 13 10 4 9 
3 5 9 10 15 14 13 0 7 12 11 8 2 6 1 4 
