4 14 12 5 7 11 13 16 10 15 3 1 2 6 8 9 
12 13 15 16 10 6 3 0 5 8 9 7 11 14 2 4 
5 10 7 14 8 11 13 0 6 16 15 1 4 12 3 9 
16 9 13 0 11 5 10 8 6 7 15 4 12 2 1 14 
13 6 15 1 11 9 14 10 0 3 2 5 8 7 16 12 
10 11 7 6 9 1 16 3 15 0 4 8 13 14 12 2 
12 7 0 2 8 14 16 3 11 9 5 1 13 4 10 15 
5 6 3 13 16 2 10 9 8 4 14 1 11 12 0 15 
12 2 0 16 5 15 3 6 9 7 14 11 13 10 1 4 
2 10 4 3 14 13 5 15 12 6 8 1 11 16 0 7 
14 8 3 16 11 0 4 1 7 5 2 13 12 6 15 9 
7 3 1 14 8 9 15 2 10 16 0 13 6 4 12 5 
9 14 15 13 8 0 10 6 4 7 16 3 1 11 2 5 
15 5 8 11 16 4 0 1 3 12 10 7 9 2 14 6 
4 5 8 9 6 11 3 16 1 2 7 13 0 10 15 12 
7 6 0 14 1 10 9 8 16 2 4 13 3 11 12 5 
11 4 13 6 0 8 12 9 5 10 1 14 3 7 15 2 
