6 5 10 8 7 11 1 12 15 14 3 13 16 9 4 2 
10 4 13 5 9 8 16 11 12 7 3 6 14 0 15 2 
15 11 9 0 5 16 1 12 13 7 6 4 3 14 8 10 
12 16 7 9 1 4 0 13 5 2 11 8 6 10 15 14 
14 10 13 12 11 0 2 15 7 8 16 3 1 5 9 6 
9 15 10 8 1 16 0 12 2 13 6 4 3 7 14 11 
4 7 15 2 10 9 0 13 5 12 3 16 11 8 14 1 
12 8 16 5 2 9 6 10 11 13 14 1 0 3 4 15 
3 2 0 13 7 12 16 10 9 11 14 5 1 15 6 4 
8 10 13 2 7 5 4 11 12 0 6 15 16 3 14 1 
5 1 12 7 0 2 16 3 11 9 6 4 14 15 8 13 
6 15 9 14 8 4 1 13 0 7 16 3 10 12 5 2 
4 13 1 14 8 3 2 5 9 11 15 10 6 16 0 7 
4 14 12 11 6 9 8 16 2 0 5 3 10 15 7 1 
11 7 16 8 1 3 13 0 5 10 15 2 9 6 12 4 
9 5 16 3 10 2 8 13 11 7 1 4 12 14 0 6 
9 5 2 10 15 0 12 3 6 13 14 8 1 7 11 4 
