6 7 16 3 13 5 9 15 4 11 2 14 8 1 10 12 
6 9 3 13 4 11 5 14 0 8 15 2 16 12 7 10 
10 15 14 1 11 5 3 12 13 0 7 4 6 9 8 16 
1 7 13 9 4 11 10 0 2 14 12 8 6 15 5 16 
7 14 10 11 2 9 16 3 1 12 0 13 15 8 6 5 
2 4 7 6 3 12 1 11 10 0 9 15 13 14 8 16 
4 8 13 10 16 5 1 14 7 11 9 15 12 2 0 3 
2 6 11 13 14 3 10 9 12 8 4 15 1 0 16 5 
1 15 3 4 2 9 6 12 10 16 14 11 7 5 13 0 
14 13 12 15 4 0 3 16 11 1 6 8 2 5 10 7 
12 11 16 15 4 5 2 3 14 6 0 13 1 9 8 7 
1 4 6 16 12 13 5 10 0 9 2 14 3 15 8 7 
16 11 0 9 6 10 4 15 13 1 7 2 3 5 14 8 
11 0 6 12 2 10 16 8 15 14 7 3 5 1 9 4 
1 3 0 10 7 12 6 5 13 16 15 2 4 11 8 9 
8 13 3 11 9 2 10 5 4 16 12 7 6 0 14 1 
7 8 5 0 10 6 3 13 1 11 15 2 14 4 12 9 
