8 7 11 4 13 16 1 6 2 14 3 10 12 5 9 15 
10 6 15 8 4 12 3 13 2 7 0 14 9 5 16 11 
6 5 7 14 4 13 15 10 3 1 9 11 12 16 0 8 
9 10 0 1 4 5 7 11 8 6 2 16 14 15 12 13 
11 12 1 8 5 0 7 15 16 6 14 2 9 13 3 10 
13 0 15 2 8 7 16 3 9 4 1 6 10 11 12 14 
16 3 13 11 4 5 9 2 7 12 1 0 8 15 14 10 
8 9 6 0 4 11 10 2 12 5 3 13 15 16 1 14 
2 13 5 1 15 7 3 16 14 6 9 12 11 4 0 10 
7 1 2 15 3 8 12 10 14 5 4 16 11 6 13 0 
14 3 8 5 7 13 4 9 16 1 0 15 2 11 6 12 
1 3 2 7 9 14 0 13 12 5 10 16 15 4 6 8 
5 6 1 3 15 10 7 9 2 16 14 4 11 8 13 0 
11 16 15 9 5 2 1 8 4 0 14 3 6 10 12 7 
0 10 16 1 13 8 2 7 4 5 15 12 3 11 6 9 
12 5 2 11 13 8 1 14 10 16 7 9 3 0 4 6 
0 3 15 2 10 13 5 6 9 12 8 4 7 11 1 14 
