4 6 2 3 9 13 14 1 7 12 15 16 5 8 10 11 
8 0 3 12 4 10 5 15 11 7 6 9 2 14 13 16 
15 5 6 10 13 16 12 7 9 4 8 3 11 0 14 1 
4 8 5 6 11 12 10 16 9 1 7 15 2 14 13 0 
2 1 5 3 14 9 6 10 11 7 12 13 0 8 16 15 
0 1 6 2 11 7 16 3 14 10 9 13 12 15 4 8 
12 0 8 10 11 7 5 4 2 9 3 1 13 14 15 16 
5 1 9 10 2 12 3 13 11 0 6 16 15 4 8 14 
16 7 12 11 15 13 9 10 5 4 2 14 3 0 1 6 
8 1 15 5 16 7 10 14 2 4 6 12 3 11 0 13 
5 8 0 3 2 13 14 1 16 11 12 15 7 4 9 6 
10 9 6 0 4 14 2 15 16 8 13 12 5 1 3 7 
0 5 1 4 7 13 16 3 6 15 8 11 9 10 14 2 
6 7 3 16 5 0 15 2 4 12 10 9 8 11 14 1 
2 8 0 5 1 4 10 3 12 6 16 11 7 13 15 9 
14 5 3 2 4 1 0 16 8 12 7 13 11 6 9 10 
3 11 10 1 8 0 2 14 9 7 13 12 5 15 6 4 
