8 16 9 6 11 10 4 15 5 3 1 14 7 13 2 12 
6 12 14 13 4 10 16 11 15 7 5 3 8 2 0 9 
9 10 11 4 12 6 16 7 1 8 13 0 14 5 3 15 
4 7 12 11 15 6 1 13 8 14 0 16 2 9 10 5 
7 13 6 12 11 0 16 10 5 8 14 1 3 9 2 15 
15 14 16 4 2 12 0 13 8 10 9 3 1 6 11 7 
2 13 5 1 15 12 16 14 3 4 11 10 9 0 8 7 
8 5 2 0 12 11 16 6 3 1 13 9 4 10 15 14 
7 10 0 13 16 6 2 12 3 9 14 11 5 4 15 1 
10 13 14 1 5 11 0 4 15 6 3 8 16 12 2 7 
7 12 8 9 4 0 11 6 5 3 13 15 2 16 14 1 
12 10 6 16 0 7 4 2 5 8 3 9 13 15 1 14 
7 11 5 14 13 2 1 8 15 3 6 4 9 0 16 10 
3 16 2 8 11 10 1 14 15 6 9 5 4 7 12 0 
11 16 0 10 1 13 2 12 7 15 8 6 5 4 9 3 
10 9 13 0 2 8 7 12 3 11 4 1 5 14 16 6 
15 14 10 6 2 13 11 3 1 12 8 5 4 7 0 9 
