6 2 14 1 9 3 13 15 12 7 4 16 10 11 8 5 
0 3 12 6 10 4 8 2 9 7 16 5 11 15 13 14 
1 15 10 5 13 7 3 16 8 14 4 9 11 12 6 0 
5 8 11 6 4 16 12 10 1 9 7 15 14 2 0 13 
10 12 7 0 9 16 15 11 14 6 5 13 1 2 8 3 
6 9 2 12 7 11 16 3 14 10 13 0 15 4 1 8 
15 10 5 1 3 14 7 11 9 12 2 4 8 16 0 13 
5 10 1 9 3 13 12 2 0 11 16 6 15 4 8 14 
11 4 12 5 9 13 15 2 7 10 16 3 0 6 1 14 
11 3 5 6 12 16 10 2 8 13 15 4 7 0 1 14 
3 12 15 5 2 0 1 14 8 11 16 7 4 13 9 6 
6 9 10 5 14 4 2 15 13 8 3 16 7 0 12 1 
10 0 7 5 4 11 16 13 6 15 3 8 2 9 14 1 
14 4 3 16 0 8 2 15 12 9 6 7 1 11 5 10 
8 16 0 12 13 1 10 4 6 5 11 2 15 7 9 3 
6 3 9 14 11 1 16 0 8 7 12 13 5 10 2 4 
1 11 3 8 9 10 15 2 6 7 0 13 14 12 5 4 
