6 12 8 15 10 2 13 9 11 1 4 7 14 5 3 16 
7 5 9 15 10 11 13 16 2 8 12 0 4 3 14 6 
1 6 10 8 13 15 9 14 7 4 16 0 11 3 5 12 
4 2 12 13 5 14 10 7 0 11 16 6 1 15 8 9 
12 7 14 15 0 8 11 1 10 9 16 3 6 2 5 13 
4 14 8 2 10 7 11 0 9 16 6 12 3 13 15 1 
2 9 8 16 0 15 11 5 10 4 14 1 13 7 12 3 
10 2 5 12 9 16 11 8 4 15 1 3 14 6 0 13 
10 12 2 15 16 7 1 14 5 11 3 6 4 9 13 0 
6 11 2 14 5 8 3 16 4 1 13 7 0 10 15 12 
11 6 15 2 14 5 8 13 4 7 12 3 9 0 1 16 
4 8 7 9 3 14 0 2 6 15 12 16 5 13 10 1 
7 15 0 14 5 16 4 2 10 6 9 1 13 8 11 3 
5 0 9 6 11 12 14 1 10 15 3 8 7 16 2 4 
11 16 13 15 9 2 7 3 1 12 5 8 0 6 4 10 
10 3 7 6 2 14 8 0 5 9 11 4 12 13 1 16 
6 8 7 4 9 3 15 2 14 10 11 12 1 5 0 13 
