9 2 6 11 1 5 13 7 10 14 4 16 15 3 8 12 
16 11 2 4 9 6 10 0 3 7 13 15 5 8 14 12 
4 9 14 6 7 12 1 8 10 13 16 3 11 0 15 5 
12 8 16 11 1 4 6 2 10 5 0 13 7 15 9 14 
8 11 14 1 10 15 0 13 6 2 3 16 7 5 12 9 
16 10 9 6 7 14 4 12 11 3 15 0 1 2 13 8 
0 9 1 16 4 2 8 11 5 10 14 3 15 13 7 12 
5 1 13 12 4 16 2 11 15 0 14 3 10 9 8 6 
6 11 16 4 2 9 14 1 15 12 7 13 0 10 5 3 
14 12 15 16 1 4 13 3 6 8 11 2 5 0 7 10 
1 9 8 6 11 13 4 5 15 0 12 7 14 2 16 3 
7 8 15 12 4 6 13 0 9 2 1 10 14 5 3 16 
0 1 3 16 7 13 5 10 4 14 15 11 2 6 9 8 
1 12 9 0 8 15 11 6 4 14 16 2 5 10 7 3 
3 7 12 5 10 4 16 13 1 11 9 6 0 8 15 2 
4 3 13 1 14 16 12 2 0 6 9 11 10 8 7 5 
4 12 2 6 13 3 1 10 0 15 14 7 9 8 5 11 
