5 15 3 8 4 12 2 11 6 7 14 1 10 16 13 9 
7 10 3 16 11 2 9 8 15 6 0 13 14 12 5 4 
6 4 3 12 11 10 13 15 1 0 7 5 8 9 14 16 
12 1 10 4 8 16 13 7 0 2 11 5 6 14 9 15 
16 6 1 11 12 8 7 0 13 14 3 2 10 5 15 9 
8 10 12 15 14 2 0 6 11 1 3 16 4 9 7 13 
12 16 2 15 10 13 11 14 3 4 8 7 1 0 9 5 
8 10 11 6 15 4 1 14 2 0 16 3 13 5 12 9 
5 16 2 10 11 14 4 3 7 6 12 9 15 1 0 13 
4 13 2 6 3 14 10 5 16 7 12 1 0 8 11 15 
5 16 4 6 12 9 15 2 0 14 11 7 1 3 8 13 
13 12 14 8 6 2 9 1 3 5 15 7 4 0 16 10 
8 0 4 9 3 6 2 15 11 13 5 16 10 7 1 14 
2 8 1 5 6 10 9 3 15 11 7 4 16 0 14 12 
9 0 3 11 15 4 16 1 6 8 5 12 13 7 2 10 
12 3 13 0 7 11 5 6 9 16 14 8 2 4 1 10 
5 13 4 11 9 1 12 3 8 6 10 0 14 7 2 15 
