8 14 11 3 2 16 12 10 4 6 13 5 9 7 1 15 
8 2 3 4 0 15 12 11 9 16 10 13 6 14 7 5 
6 0 10 8 9 7 3 13 15 16 14 4 11 1 5 12 
7 5 10 16 1 8 6 15 4 9 2 12 11 14 13 0 
3 12 8 5 16 0 15 2 9 7 1 14 6 10 13 11 
8 12 7 0 15 10 4 11 16 1 9 6 13 2 14 3 
3 9 8 11 2 0 1 16 4 10 14 12 13 5 15 7 
9 11 2 6 13 12 10 1 14 8 4 16 0 3 15 5 
7 2 10 11 15 13 1 14 4 9 0 5 12 6 16 3 
2 14 12 7 1 11 13 16 3 15 10 4 8 5 6 0 
14 13 9 6 11 0 2 15 1 4 12 3 16 7 5 8 
13 8 7 2 9 5 3 16 14 10 15 12 0 6 4 1 
1 0 3 7 16 14 6 15 13 2 4 8 9 11 5 10 
8 12 16 11 1 5 4 2 7 3 6 15 10 14 9 0 
7 6 11 4 9 12 5 15 10 8 2 1 13 0 16 3 
7 16 4 11 3 8 1 10 6 2 14 5 9 12 0 13 
7 0 4 12 10 3 2 6 13 15 8 9 11 5 1 14 
