10 3 14 1 12 11 5 2 6 4 7 8 16 9 13 15 
14 15 3 0 7 5 2 10 9 4 13 11 8 12 16 6 
1 0 7 4 11 16 8 13 10 9 15 6 14 5 3 12 
15 12 0 7 11 5 4 8 14 9 10 13 1 6 16 2 
0 3 2 15 9 11 14 6 10 16 12 13 1 7 5 8 
10 6 15 16 9 4 11 12 7 2 14 0 8 1 13 3 
3 13 11 10 9 1 5 2 14 0 8 12 16 15 4 7 
11 1 10 6 5 9 13 3 8 4 2 15 0 16 12 14 
0 1 15 16 3 13 4 12 14 7 9 5 10 2 6 11 
2 14 3 16 4 1 5 7 10 12 13 8 0 15 6 11 
7 11 14 13 2 0 8 9 6 4 15 12 5 1 16 3 
7 16 13 5 1 15 0 9 4 12 10 3 8 14 6 2 
1 13 15 16 8 3 14 9 10 6 7 4 2 11 5 0 
9 11 0 10 2 7 3 16 8 6 5 4 15 12 14 1 
7 5 16 4 8 10 11 15 6 1 13 0 12 9 2 3 
8 7 14 3 16 0 10 4 9 5 6 13 2 1 12 11 
6 0 3 8 13 7 2 11 15 10 14 5 12 4 9 1 
