10 12 5 13 6 4 8 1 15 16 7 14 3 11 9 2 
7 0 6 10 12 5 11 4 2 16 13 14 8 9 3 15 
12 13 4 16 6 0 3 7 15 8 10 1 11 5 9 14 
5 7 0 9 8 12 4 14 1 2 11 13 15 6 10 16 
7 13 12 16 10 5 11 1 15 8 9 0 6 2 14 3 
15 7 11 13 14 4 8 3 1 12 6 10 2 0 16 9 
11 1 13 0 4 2 5 16 3 10 12 14 9 8 15 7 
12 0 15 2 1 6 8 16 3 4 13 11 14 9 10 5 
11 0 1 14 3 15 9 12 10 4 7 16 6 5 2 13 
7 10 11 6 13 12 1 14 15 0 8 5 4 2 16 3 
12 16 11 6 5 9 13 4 7 2 1 14 8 15 0 3 
0 10 14 4 7 12 6 16 2 5 8 3 1 15 13 9 
6 1 15 2 4 16 7 8 3 11 0 10 14 13 9 5 
0 12 16 3 1 5 11 2 4 9 15 6 14 8 10 7 
11 15 7 8 1 9 12 13 0 3 5 6 10 16 4 2 
3 2 8 13 12 9 1 14 6 11 4 0 5 10 16 7 
6 1 0 8 13 14 7 2 3 9 15 10 5 11 4 12 
