3 1 10 7 13 12 4 16 6 8 15 2 5 11 9 14 
6 10 15 4 7 2 14 11 8 5 12 0 13 9 16 3 
0 5 1 14 9 10 12 13 15 11 16 7 8 6 4 3 
2 12 10 13 6 5 16 11 14 7 0 8 15 1 9 4 
2 7 6 9 3 15 1 14 0 11 5 12 13 16 8 10 
11 8 9 4 13 3 1 14 0 10 15 2 16 7 6 12 
8 2 13 11 3 10 1 12 0 16 7 4 15 14 9 5 
2 1 9 16 8 5 13 15 10 12 6 14 0 3 4 11 
6 4 14 10 7 13 15 5 9 1 11 2 12 0 16 3 
4 1 6 7 2 5 3 0 10 12 13 11 8 14 15 16 
3 11 6 13 8 1 5 2 14 4 12 9 15 16 0 7 
13 7 14 10 12 3 4 15 5 6 9 8 16 2 0 1 
7 9 0 13 1 16 5 10 14 6 2 15 3 8 4 11 
3 5 10 2 11 15 14 12 1 4 0 6 9 7 16 8 
10 16 15 5 6 0 9 11 3 8 7 2 12 4 1 13 
2 9 3 16 7 12 11 4 1 13 6 5 10 0 8 14 
1 9 15 11 5 7 6 3 14 2 4 13 10 8 0 12 
