11 16 8 2 9 3 14 1 5 4 15 10 6 12 13 7 
7 0 2 5 10 14 16 3 11 6 15 9 12 13 4 8 
6 10 1 16 15 3 12 4 11 7 0 13 9 14 5 8 
1 11 16 5 4 7 14 10 12 9 6 8 15 2 0 13 
0 15 14 1 10 9 11 8 3 13 7 12 16 5 6 2 
8 15 1 7 3 6 9 2 16 10 13 14 4 12 11 0 
11 14 10 12 7 16 1 8 13 5 15 2 0 9 4 3 
2 0 10 4 11 8 1 13 16 9 12 14 3 15 5 6 
5 11 12 7 10 6 13 3 9 0 1 4 16 14 2 15 
7 16 12 0 11 3 2 15 14 13 6 5 1 4 10 8 
4 14 2 15 16 12 0 7 9 5 13 3 1 8 6 11 
2 16 4 13 3 8 0 14 5 9 12 1 10 7 15 6 
9 6 5 10 0 16 15 11 8 7 14 4 2 3 13 1 
15 5 1 14 2 12 10 8 3 0 9 7 6 4 16 11 
0 12 3 8 4 16 15 9 10 13 11 6 1 5 7 2 
5 8 3 16 11 4 1 13 6 7 0 9 2 14 12 10 
11 8 6 12 14 2 7 10 13 9 1 15 3 0 5 4 
