15 12 5 10 4 8 1 14 7 6 13 16 9 3 2 11 
16 15 0 13 4 11 8 12 7 9 10 14 5 2 6 3 
1 8 0 13 3 6 12 7 10 4 15 14 16 9 5 11 
16 7 5 14 9 8 12 4 11 2 1 13 0 10 15 6 
7 12 16 13 10 11 5 1 8 15 0 9 6 14 3 2 
13 4 6 8 15 3 14 7 1 2 10 12 0 11 16 9 
11 9 1 0 2 10 5 4 12 14 16 3 8 13 7 15 
0 12 14 1 5 2 8 6 3 13 15 4 9 16 11 10 
1 11 0 6 10 15 7 12 9 4 3 16 2 13 5 14 
2 8 10 7 12 15 3 16 11 14 0 13 5 1 6 4 
16 14 6 9 13 12 5 3 4 7 1 2 11 8 15 0 
9 8 12 2 0 1 16 7 3 5 14 4 13 6 10 15 
6 1 15 2 7 8 4 16 11 3 0 14 9 5 13 10 
1 9 16 3 6 5 2 15 0 4 12 11 8 7 10 14 
11 8 15 3 13 12 9 1 7 6 0 5 4 16 2 10 
3 13 9 14 2 1 0 16 4 12 7 5 8 11 10 6 
8 7 6 11 10 14 2 13 9 15 1 3 0 12 4 5 
