9 11 7 6 5 2 12 3 10 1 15 16 14 8 4 13 
10 16 2 12 14 13 8 4 7 3 5 9 11 6 0 15 
8 6 10 13 11 15 9 5 12 0 16 3 4 7 1 14 
15 11 0 14 16 1 12 9 7 10 13 6 4 5 8 2 
15 8 14 1 10 13 9 6 5 2 7 3 0 11 12 16 
14 15 9 4 16 1 12 2 11 0 8 6 3 10 13 7 
1 2 7 3 15 14 11 4 13 5 10 8 9 12 16 0 
15 0 3 16 13 4 14 12 10 2 1 8 6 5 9 11 
15 3 9 0 11 13 6 5 1 16 10 2 14 12 4 7 
14 11 15 13 7 16 6 10 5 1 2 8 3 4 12 0 
14 13 11 3 8 2 12 0 5 9 7 1 15 4 16 6 
15 4 14 8 0 12 16 3 9 5 10 2 7 6 1 13 
11 6 8 0 14 15 4 5 9 2 13 1 7 10 16 3 
11 6 12 3 1 9 7 2 14 4 10 8 15 5 0 16 
10 9 1 2 5 16 11 15 4 13 7 3 12 0 8 6 
7 6 16 9 0 8 10 4 2 1 5 3 11 14 13 12 
4 15 9 3 1 7 2 5 6 14 8 10 12 11 13 0 
