13 8 12 5 7 1 15 11 10 14 16 6 4 3 2 9 
14 10 6 7 5 11 4 12 16 2 13 0 3 15 8 9 
4 6 13 0 7 12 3 16 8 10 15 5 9 11 1 14 
7 5 0 2 15 8 4 14 11 6 13 9 10 16 1 12 
8 12 7 13 1 11 15 5 9 0 10 16 14 6 2 3 
1 13 4 15 10 14 8 11 6 12 0 3 9 2 16 7 
9 0 1 11 16 5 4 2 14 15 10 12 8 7 3 13 
0 4 15 2 6 8 3 16 12 10 5 11 13 9 14 1 
14 11 0 13 9 15 12 3 10 7 4 16 5 1 6 2 
14 4 6 10 11 3 13 1 15 8 0 5 16 12 7 2 
12 11 2 6 4 13 9 7 1 5 16 3 0 8 15 14 
0 4 14 10 9 1 8 2 12 3 5 13 7 16 15 6 
1 6 2 15 4 5 16 0 8 3 11 13 9 7 14 10 
0 14 16 3 10 12 2 4 15 6 5 9 8 7 11 1 
16 4 10 8 7 11 1 12 6 0 5 3 9 13 2 15 
8 3 2 13 9 12 14 16 6 11 0 7 5 1 4 10 
8 10 9 0 5 2 13 11 15 6 3 1 12 7 14 4 
