6 2 1 14 9 3 15 13 4 12 7 16 10 11 8 5 
12 11 0 6 2 4 8 10 13 9 3 7 14 15 5 16 
10 5 16 1 15 13 6 7 9 8 4 14 0 12 3 11 
5 8 6 11 16 10 4 12 15 9 7 1 14 2 0 13 
0 10 12 7 11 1 9 6 5 13 15 14 8 2 3 16 
2 6 12 9 11 7 3 16 10 14 8 13 1 0 4 15 
1 10 5 15 3 8 11 7 4 2 9 12 16 14 0 13 
10 9 16 5 13 12 3 2 1 11 0 6 14 15 8 4 
4 11 12 5 13 9 15 2 1 10 7 3 0 14 6 16 
5 6 3 11 10 16 15 2 4 14 13 12 7 8 0 1 
8 15 3 5 14 6 0 13 7 12 11 16 4 1 9 2 
9 10 5 6 7 14 4 15 8 13 3 16 1 2 0 12 
15 5 7 0 1 6 4 16 2 3 10 8 11 14 13 9 
4 14 3 9 0 6 2 15 7 16 12 8 10 11 1 5 
8 0 12 16 13 10 1 4 11 2 5 6 3 15 9 7 
6 3 13 5 16 0 1 11 12 8 9 7 10 14 4 2 
11 1 3 10 9 14 15 2 6 0 7 8 4 5 12 13 
