2 6 9 11 1 13 7 5 10 4 14 16 15 3 8 12 
2 11 16 4 10 9 6 0 15 13 3 7 5 14 8 12 
9 14 6 4 8 12 7 1 10 13 16 3 0 11 15 5 
16 12 11 8 6 1 2 4 10 5 0 13 15 9 7 14 
11 8 1 14 10 15 0 13 2 6 3 16 7 5 12 9 
9 16 6 10 4 7 14 12 15 0 3 11 13 2 1 8 
1 16 9 0 4 2 8 11 5 10 14 3 7 12 13 15 
5 1 13 12 16 11 2 4 0 14 3 15 8 10 6 9 
11 16 4 6 9 2 14 1 12 15 7 13 10 0 5 3 
15 16 12 14 13 4 1 3 11 2 6 8 7 0 5 10 
1 8 6 9 13 4 11 5 7 12 0 15 14 2 3 16 
7 8 15 12 6 4 13 0 2 1 10 9 5 3 16 14 
0 1 16 3 7 13 5 10 14 15 4 11 9 6 2 8 
0 9 1 12 11 6 8 15 4 14 16 2 7 3 5 10 
12 3 7 5 10 4 13 16 0 11 9 6 1 8 2 15 
3 13 4 1 12 16 2 14 6 9 11 0 5 8 7 10 
12 4 6 2 10 3 13 1 14 0 7 15 8 5 9 11 
