4 11 13 15 14 8 9 7 5 16 6 12 2 3 1 10 
3 7 0 13 11 9 6 14 5 15 12 16 2 10 8 4 
7 9 12 14 6 0 3 1 5 16 8 4 15 11 13 10 
2 7 8 13 0 12 16 11 6 1 5 10 9 14 15 4 
9 8 16 7 15 13 12 3 5 10 0 14 2 11 6 1 
0 6 2 4 13 12 9 11 14 8 10 16 1 3 15 7 
7 12 8 13 16 0 14 1 4 3 11 15 9 2 10 5 
11 13 16 2 9 3 1 14 6 5 4 8 0 15 12 10 
14 11 12 6 4 15 1 0 10 13 3 16 5 7 9 2 
4 10 0 12 11 8 3 2 14 13 15 5 1 16 6 7 
2 11 12 3 0 7 16 1 6 13 5 14 4 15 8 9 
7 5 3 6 13 4 12 16 1 8 10 9 0 14 2 15 
10 11 13 0 8 6 9 15 5 1 3 16 7 2 4 14 
15 0 9 3 8 4 10 7 12 2 6 16 11 5 1 14 
15 6 5 7 8 4 11 1 12 10 3 0 16 2 9 13 
9 16 4 1 2 14 12 0 8 13 5 6 10 7 11 3 
4 12 6 13 15 8 1 14 11 0 7 10 5 3 9 2 
