12 14 9 15 10 8 6 13 11 1 16 7 5 2 3 4 
16 9 7 6 8 11 10 4 14 5 2 15 3 12 0 13 
0 12 4 8 9 1 13 3 5 14 15 11 10 16 6 7 
7 5 6 12 4 11 14 1 9 16 15 13 0 2 8 10 
10 7 12 5 9 11 13 0 3 16 15 2 6 8 14 1 
9 12 4 8 3 0 15 6 13 14 10 16 2 11 1 7 
10 1 3 16 8 15 11 0 5 7 4 9 12 2 13 14 
16 12 6 2 5 0 1 14 15 13 4 10 3 9 8 11 
1 16 5 4 11 9 6 0 3 15 10 12 7 13 2 14 
5 13 2 6 3 10 1 0 4 16 12 11 14 7 15 8 
4 1 15 6 13 11 5 12 14 0 16 3 9 8 2 7 
16 5 2 0 1 15 13 8 9 7 10 14 12 3 6 4 
13 8 16 11 2 9 1 14 6 10 3 5 15 4 7 0 
15 4 3 16 2 9 5 10 6 12 14 11 0 8 7 1 
8 5 16 3 10 6 2 11 7 4 13 0 12 1 9 15 
16 8 9 5 0 12 2 7 14 10 11 3 1 13 4 6 
6 10 14 0 12 4 1 2 15 5 8 11 9 3 7 13 
