13 9 5 3 6 8 14 16 11 12 10 7 4 1 15 2 
11 16 12 0 6 13 4 14 7 3 8 15 5 2 10 9 
6 14 13 4 9 8 3 11 0 10 16 12 5 7 15 1 
9 10 1 14 4 13 5 15 11 2 16 7 0 12 8 6 
8 7 15 16 2 5 13 0 12 6 14 1 3 9 10 11 
6 7 10 15 12 1 2 11 3 4 9 13 8 14 16 0 
13 14 16 4 7 10 15 2 1 5 0 12 3 11 9 8 
6 2 16 1 4 5 0 13 15 3 8 9 14 11 12 10 
3 0 2 15 9 7 1 11 12 10 14 16 5 13 4 6 
0 11 6 15 12 16 1 10 4 8 2 3 7 5 14 13 
6 15 13 4 12 9 11 5 2 3 0 8 7 16 1 14 
1 10 8 7 13 9 3 16 5 0 12 14 6 4 2 15 
15 1 4 6 2 7 14 10 8 16 13 0 5 11 9 3 
0 11 1 14 5 15 4 6 8 12 3 2 10 16 9 7 
9 15 1 4 10 2 8 7 6 5 0 13 11 12 16 3 
1 9 12 2 0 7 4 3 16 8 10 11 6 14 5 13 
13 3 15 2 6 1 7 11 9 8 4 5 10 12 0 14 
