11 12 1 14 5 9 13 8 16 10 7 15 4 2 6 3 
12 10 8 11 6 9 2 4 14 15 5 0 7 13 3 16 
16 0 11 10 6 3 8 13 1 7 15 9 5 12 14 4 
16 6 11 15 7 10 9 0 4 5 14 1 8 2 12 13 
1 8 3 16 0 11 2 15 13 12 9 6 5 10 14 7 
3 11 9 15 12 4 16 14 7 8 0 13 10 1 6 2 
13 11 10 2 5 3 14 7 0 8 9 16 1 12 15 4 
12 6 10 16 15 14 11 0 3 9 2 5 8 13 4 1 
10 4 13 2 12 15 0 3 14 11 6 5 1 16 7 9 
16 11 2 4 10 6 13 7 1 0 8 5 15 14 12 3 
14 3 0 9 2 1 8 6 13 5 7 15 16 11 12 4 
3 8 14 13 1 16 15 2 0 6 7 4 5 12 9 10 
8 4 2 10 13 15 11 7 6 5 9 14 0 1 3 16 
5 10 15 2 8 4 7 12 0 6 14 1 9 11 16 3 
6 7 16 8 5 12 3 2 9 11 13 1 10 15 0 4 
13 9 4 14 6 11 3 8 12 1 0 7 5 16 10 2 
3 1 11 7 10 9 14 8 2 5 4 0 15 6 12 13 
