13 5 8 12 7 1 15 11 16 6 14 10 4 3 2 9 
6 14 10 7 4 12 11 5 16 2 0 13 3 15 9 8 
3 4 0 6 13 7 12 16 10 8 14 5 9 15 1 11 
2 0 7 5 14 15 11 16 13 6 9 8 12 10 4 1 
13 8 12 7 0 15 11 5 10 1 16 9 14 6 3 2 
15 13 1 4 10 8 14 11 6 12 3 0 7 2 16 9 
1 11 9 0 5 4 2 16 14 10 15 12 7 13 3 8 
0 4 15 2 8 6 3 16 11 12 5 10 13 9 1 14 
3 14 11 13 9 0 15 12 16 4 7 10 5 6 2 1 
10 6 4 14 11 13 1 3 5 15 8 0 16 12 7 2 
12 11 6 2 9 13 4 7 1 5 16 3 14 0 8 15 
12 15 0 10 8 2 9 1 5 14 13 3 7 16 4 6 
14 1 15 2 5 4 16 0 6 11 3 8 13 10 9 7 
14 0 3 16 10 12 2 4 15 5 6 9 11 8 1 7 
10 4 8 0 16 11 1 7 12 5 6 3 13 9 2 15 
3 8 2 13 16 9 12 14 11 0 6 7 5 10 4 1 
10 9 0 8 5 2 11 13 15 3 6 1 4 14 7 12 
