13 3 5 9 8 14 6 16 10 7 12 11 4 1 15 2 
16 0 11 12 13 14 6 4 8 3 15 7 10 5 9 2 
13 6 14 4 9 3 11 8 12 0 16 10 5 7 15 1 
9 10 14 1 13 4 5 15 11 7 16 2 0 8 12 6 
15 13 7 16 5 0 2 8 6 12 14 1 3 10 9 11 
7 10 6 15 1 12 11 2 4 13 3 9 8 0 14 16 
16 13 4 14 7 10 15 2 0 1 12 5 8 3 11 9 
2 16 6 1 4 5 0 13 9 8 15 3 14 12 11 10 
3 15 0 5 9 11 1 7 16 10 12 14 4 6 13 2 
7 11 0 15 1 10 16 12 3 8 4 2 6 14 13 5 
13 15 6 4 9 5 12 11 0 2 8 3 7 16 1 14 
7 1 4 10 9 13 3 16 12 14 5 0 8 6 15 2 
15 4 1 6 10 14 2 7 16 8 0 13 9 3 11 5 
0 11 1 14 5 4 15 6 8 2 12 3 10 16 9 7 
4 9 15 1 8 10 2 7 6 5 13 0 12 11 3 16 
9 12 2 1 0 4 3 7 10 16 8 11 14 6 5 13 
3 12 2 15 11 7 1 4 8 5 9 6 10 13 0 14 
