2 12 13 5 8 7 10 14 6 4 16 11 15 3 1 9 
10 15 11 6 3 9 14 5 12 16 7 4 2 8 13 0 
5 3 1 14 6 9 12 16 0 11 15 8 10 7 13 4 
8 9 2 15 6 1 4 0 7 16 14 5 10 11 12 13 
2 10 5 14 6 3 13 0 16 12 7 15 9 8 1 11 
9 15 10 16 11 12 4 6 13 8 14 1 2 3 7 0 
3 8 11 5 4 2 1 10 7 9 13 0 14 16 15 12 
0 2 9 6 12 1 8 5 10 16 11 14 13 4 15 3 
1 6 10 4 12 0 16 3 14 11 2 13 9 15 5 7 
4 13 15 2 0 8 10 12 11 7 1 14 6 5 3 16 
14 6 5 11 13 12 3 8 1 7 2 15 0 9 4 16 
8 15 9 12 5 2 4 14 10 7 3 0 16 6 1 13 
14 4 8 6 2 1 10 13 5 11 15 0 9 7 3 16 
5 8 0 16 3 14 2 15 12 4 9 1 11 7 10 6 
8 13 16 11 5 4 0 12 3 6 1 7 10 9 15 2 
14 13 8 7 3 5 10 9 16 11 1 4 6 12 0 2 
5 15 11 13 10 12 1 3 9 14 4 0 7 8 6 2 
