9 4 14 13 1 11 5 3 2 10 8 7 16 6 15 12 
12 16 10 13 15 8 3 4 7 0 6 11 2 5 9 14 
7 14 10 6 5 1 9 16 3 11 13 0 4 8 12 15 
9 5 12 10 0 15 14 1 16 13 8 7 4 11 2 6 
13 5 15 2 3 14 8 12 9 16 6 10 0 7 1 11 
14 11 6 10 9 0 8 12 13 1 15 2 4 7 3 16 
12 15 5 14 7 2 3 0 11 16 4 9 8 10 13 1 
12 5 8 16 15 3 0 13 6 10 9 2 11 4 1 14 
2 10 5 0 15 9 3 12 4 11 14 1 13 16 6 7 
10 8 3 16 6 15 7 1 14 5 13 0 4 11 12 2 
6 12 7 4 15 13 5 11 0 14 3 16 1 8 9 2 
4 6 0 5 12 9 14 7 10 3 8 13 16 1 15 2 
7 10 4 1 14 16 15 2 13 11 6 5 9 3 0 8 
6 10 15 4 0 16 1 14 8 2 12 11 5 3 7 9 
2 4 0 3 5 13 8 6 16 1 10 12 7 15 11 9 
3 2 7 12 0 10 16 4 11 1 6 8 5 13 9 14 
14 0 9 4 1 11 15 8 2 10 5 7 13 12 6 3 
