16 6 13 12 15 3 1 9 5 14 7 4 11 10 2 8 
0 9 8 12 16 10 11 13 7 5 15 3 4 6 14 2 
5 1 8 16 15 7 13 6 9 14 4 10 0 12 11 3 
5 7 1 14 12 16 4 10 15 13 6 9 8 11 0 2 
0 12 8 10 1 6 11 5 9 13 15 7 2 14 3 16 
16 9 8 6 3 13 4 11 10 12 1 14 7 0 15 2 
1 9 10 5 2 11 8 13 12 4 16 3 14 7 0 15 
5 8 1 10 3 2 12 13 16 0 6 11 4 15 14 9 
12 4 3 11 13 7 2 9 1 5 10 6 16 14 0 15 
0 5 11 10 16 3 2 15 13 12 14 1 4 8 7 6 
15 16 3 6 5 9 0 13 12 11 7 2 8 4 1 14 
2 1 9 8 15 4 14 7 13 16 12 5 3 10 6 0 
0 11 1 15 16 4 9 6 8 10 2 3 5 7 14 13 
4 3 9 14 5 6 2 0 16 7 12 8 15 1 10 11 
12 0 15 2 1 13 4 9 11 5 6 8 10 7 16 3 
13 14 3 5 11 16 2 0 7 4 9 12 8 10 6 1 
11 3 1 10 8 4 14 15 9 7 0 6 12 2 13 5 
