8 9 15 16 3 10 14 1 13 4 2 6 7 12 5 11 
2 7 10 4 6 5 13 0 16 11 8 9 3 12 14 15 
8 15 13 10 9 3 14 4 16 7 6 12 1 5 0 11 
6 5 1 8 0 4 2 10 11 13 15 12 16 14 7 9 
12 14 0 13 10 6 7 9 11 15 1 5 2 8 3 16 
13 2 9 7 0 6 16 3 15 4 14 1 11 10 8 12 
12 2 3 9 10 15 11 13 8 4 5 14 1 16 0 7 
16 8 14 15 5 2 12 0 4 10 1 11 6 9 13 3 
1 2 3 16 12 11 4 7 5 15 13 0 9 14 10 6 
7 11 0 3 5 10 15 2 14 12 6 8 4 13 16 1 
2 11 4 16 3 1 9 5 7 8 15 0 14 12 6 13 
2 5 14 9 1 3 4 12 0 6 15 16 13 7 10 8 
3 4 2 15 6 1 7 5 10 9 8 0 16 11 14 13 
0 2 7 1 14 12 5 10 15 4 9 8 11 6 16 3 
3 6 7 5 12 9 1 13 8 11 10 0 16 4 15 2 
0 8 4 1 10 16 12 9 2 11 6 14 7 3 13 5 
11 4 5 2 15 9 12 0 10 3 6 1 13 8 14 7 
