8 10 11 12 16 5 1 2 4 3 13 6 9 15 14 7 
8 12 16 6 13 4 10 9 7 0 2 11 15 3 5 14 
12 1 8 3 7 0 4 14 11 5 13 9 16 6 15 10 
16 10 5 9 11 13 4 14 0 6 2 15 12 7 1 8 
12 6 15 2 7 13 8 5 9 16 11 1 0 14 10 3 
3 7 2 4 6 9 14 1 8 11 10 0 16 15 13 12 
11 1 3 16 13 8 2 9 7 10 12 14 4 0 5 15 
4 6 8 16 9 12 3 0 14 2 5 11 15 13 10 1 
16 2 10 14 13 3 7 12 9 1 15 0 6 5 4 11 
7 6 0 5 11 15 3 16 12 4 1 14 13 2 10 8 
6 11 13 0 14 16 5 12 9 8 4 7 1 3 15 2 
6 13 1 14 16 2 7 9 5 0 3 8 12 10 4 15 
15 5 8 1 14 16 13 0 9 3 2 4 11 10 7 6 
15 16 4 7 6 9 12 5 14 8 3 11 0 10 1 2 
4 8 0 16 11 1 15 7 12 5 2 13 6 10 9 3 
7 13 16 3 4 5 1 10 0 9 11 12 2 8 14 6 
9 15 8 14 2 12 11 4 6 1 0 13 5 10 3 7 
