2 4 6 3 9 13 1 14 15 16 7 12 11 5 10 8 
8 0 3 12 5 4 10 15 6 7 11 9 14 13 16 2 
6 5 10 15 13 16 12 7 3 8 4 9 0 11 14 1 
8 2 6 4 10 11 12 5 15 1 9 7 14 16 0 13 
5 1 3 2 10 6 9 14 7 13 12 11 0 8 15 16 
1 6 0 2 7 11 3 16 10 13 14 9 15 12 4 8 
12 8 0 10 4 5 11 7 3 9 13 2 15 16 14 1 
9 5 1 10 13 2 3 12 11 16 6 0 8 14 4 15 
11 16 7 12 15 9 13 0 4 5 14 1 6 10 2 3 
5 1 15 8 10 7 16 14 6 12 4 2 3 11 13 0 
7 1 5 0 13 8 14 2 15 11 16 12 6 3 9 4 
0 10 6 9 4 14 2 15 13 16 8 12 3 5 1 7 
4 0 1 5 7 13 3 16 6 15 8 11 2 9 14 10 
7 6 16 3 0 5 2 15 11 10 9 12 8 4 14 1 
8 3 0 2 4 1 10 9 12 6 16 11 15 13 5 7 
5 3 2 8 0 4 1 16 12 13 7 14 10 11 6 9 
11 1 10 3 14 0 8 2 7 12 13 9 4 6 5 15 
