16 12 14 7 11 1 4 3 10 5 9 8 13 6 15 2 
14 0 15 2 12 8 3 5 4 10 6 13 7 16 11 9 
5 9 16 6 7 10 1 13 4 3 11 12 15 0 8 14 
0 14 15 2 13 11 4 12 7 1 16 5 10 9 6 8 
9 16 2 10 6 8 0 13 12 5 3 11 7 15 1 14 
13 6 1 10 4 16 15 2 3 11 12 0 7 8 14 9 
14 8 13 0 1 4 3 15 16 10 5 11 9 7 2 12 
14 9 0 2 13 1 10 12 6 8 5 16 15 3 4 11 
11 5 16 6 9 1 15 10 7 0 2 14 12 3 13 4 
0 15 14 1 11 5 3 4 8 16 6 13 10 12 7 2 
1 11 13 4 12 2 9 7 5 3 14 15 8 16 6 0 
5 9 0 6 4 12 13 3 2 16 14 8 15 7 10 1 
3 15 4 1 13 7 5 6 10 16 9 8 14 2 0 11 
0 2 14 9 15 3 4 11 10 1 7 6 8 16 12 5 
0 7 12 5 4 3 1 11 10 16 2 15 8 9 6 13 
11 12 5 3 9 0 6 16 14 4 2 7 13 10 1 8 
13 1 6 3 4 9 8 10 5 2 12 7 0 14 15 11 
