12 10 15 5 8 4 14 1 6 13 7 16 11 3 9 2 
11 0 16 3 13 12 7 8 14 10 9 15 2 5 6 4 
8 1 0 13 12 7 4 6 10 15 14 3 16 9 11 5 
14 5 16 7 9 8 4 12 1 11 13 2 6 0 15 10 
16 12 13 7 1 10 5 11 8 15 0 9 6 2 14 3 
4 6 13 8 14 7 15 3 1 10 12 2 11 0 16 9 
11 1 9 2 14 13 10 5 12 0 16 3 15 4 7 8 
12 0 1 14 6 5 2 8 15 4 3 13 16 9 10 11 
6 11 0 12 15 7 1 10 9 4 16 3 14 2 13 5 
11 10 8 7 12 15 16 3 0 5 14 2 6 1 4 13 
16 14 2 9 5 12 13 3 6 1 4 7 8 0 11 15 
9 2 12 8 16 14 0 7 5 4 1 3 6 15 13 10 
6 1 2 15 7 16 4 8 11 0 14 3 5 9 13 10 
1 7 16 3 6 5 2 8 12 11 0 9 10 14 4 15 
8 11 3 15 13 12 1 9 6 0 5 7 10 16 2 4 
14 5 3 13 16 1 2 0 4 12 7 9 8 6 11 10 
11 9 0 6 2 14 10 13 3 15 8 1 12 7 4 5 
