6 8 2 15 10 9 5 13 1 11 7 4 14 12 16 3 
9 7 3 16 11 8 13 12 6 2 0 10 14 15 4 5 
13 1 10 4 8 9 14 12 7 6 5 15 0 11 3 16 
5 7 12 8 2 4 16 10 11 9 14 6 15 1 0 13 
12 16 7 15 11 1 0 8 14 3 2 10 9 13 6 5 
2 4 13 0 10 7 11 14 1 16 12 6 3 9 8 15 
2 12 1 14 5 0 15 11 16 4 10 9 8 7 13 3 
5 12 10 2 16 8 13 11 1 15 3 4 9 14 6 0 
14 10 15 7 5 2 16 1 13 3 6 11 12 0 4 9 
14 5 16 8 6 4 11 12 10 15 1 3 7 2 0 13 
7 14 11 2 4 15 12 13 8 9 0 3 6 5 1 16 
12 2 1 9 0 4 10 8 15 14 16 6 7 13 3 5 
15 0 7 10 3 2 6 13 5 4 14 1 9 16 11 8 
0 16 15 6 11 12 14 1 3 10 8 5 7 4 2 9 
15 1 7 13 2 11 16 3 8 9 10 12 6 0 5 4 
4 8 6 7 12 3 0 14 2 11 9 5 13 10 1 16 
10 12 13 6 3 5 15 2 11 14 4 8 1 9 7 0 
