9 16 12 13 1 6 3 8 14 7 4 5 10 11 2 15 
12 16 9 0 11 8 10 13 3 14 7 15 6 4 5 2 
8 16 1 5 6 13 15 7 14 9 10 4 11 3 0 12 
12 7 5 14 10 2 16 4 15 13 1 9 0 8 11 6 
8 0 12 10 1 5 6 11 13 7 9 15 2 14 3 16 
6 2 16 8 11 4 3 13 10 12 14 1 15 0 7 9 
5 9 1 10 13 2 8 11 12 4 3 16 14 15 7 0 
1 2 4 5 3 15 8 13 6 0 16 11 14 9 10 12 
6 4 15 11 13 7 2 9 5 10 12 1 0 14 3 16 
0 11 5 10 16 3 2 15 13 12 1 14 6 4 7 8 
13 6 15 16 3 12 5 9 2 7 4 14 11 8 1 0 
12 2 9 8 15 16 7 14 5 13 4 1 6 10 0 3 
11 0 15 1 4 9 16 6 8 10 3 2 5 7 14 13 
9 4 14 3 5 6 0 2 12 7 8 16 11 10 15 1 
12 6 2 15 13 9 4 1 11 0 8 5 7 10 3 16 
5 3 13 14 16 11 2 0 12 9 4 7 10 8 1 6 
10 1 11 3 14 4 15 8 0 2 9 6 13 7 12 5 
