12 14 4 2 1 10 8 15 7 6 3 16 5 11 13 9 
12 11 8 15 9 4 14 7 6 2 3 16 10 5 0 13 
9 8 1 12 4 14 0 11 13 6 3 16 15 5 10 7 
5 15 16 6 10 2 7 1 8 4 14 12 11 9 0 13 
5 11 14 9 8 15 10 3 2 16 0 7 1 6 13 12 
0 9 14 7 3 2 8 4 13 15 6 12 1 16 11 10 
7 8 15 16 9 14 12 10 3 4 0 11 13 5 2 1 
12 13 4 6 1 9 10 0 8 11 14 5 3 16 15 2 
13 9 12 6 5 10 1 14 11 4 0 3 7 16 2 15 
5 4 15 2 3 11 13 0 7 14 12 6 16 1 10 8 
0 9 6 2 5 7 11 14 4 1 8 12 15 13 3 16 
6 4 14 1 12 3 2 7 16 8 15 5 10 9 0 13 
15 13 5 16 1 6 2 3 7 11 10 4 9 0 14 8 
3 5 2 15 0 4 11 14 16 8 9 10 6 1 7 12 
12 9 0 13 4 3 11 7 16 10 5 8 1 6 15 2 
4 13 12 14 10 9 8 0 6 11 3 16 7 5 2 1 
0 14 4 12 10 9 1 7 3 6 2 8 13 5 11 15 
