4 1 15 2 3 6 14 9 7 12 16 13 8 5 11 10 
12 3 0 8 2 10 4 5 6 9 16 7 15 11 14 13 
15 10 14 1 13 7 16 3 8 5 4 9 6 12 0 11 
11 8 5 6 4 16 12 10 9 15 7 1 14 2 13 0 
0 12 7 10 9 11 1 15 13 14 5 6 8 2 16 3 
2 12 6 9 7 11 16 3 10 14 0 13 1 4 15 8 
10 5 1 0 7 11 3 14 2 12 4 9 13 16 15 8 
10 1 5 9 2 13 12 3 6 16 0 11 4 14 8 15 
12 7 11 16 15 13 10 9 5 4 2 14 3 6 0 1 
6 8 5 3 2 10 12 16 13 11 4 15 0 7 14 1 
12 15 3 8 13 2 14 1 16 5 7 11 0 4 6 9 
10 9 5 6 14 4 15 2 8 13 12 16 1 0 3 7 
5 0 10 7 13 4 3 16 15 6 11 8 9 2 1 14 
3 10 4 14 5 0 2 15 7 9 12 6 11 1 16 8 
2 0 8 11 13 1 4 10 6 16 5 12 3 15 7 9 
3 2 14 6 1 0 16 11 13 7 8 12 10 5 9 4 
2 1 11 3 9 8 10 15 12 7 0 13 14 4 5 6 
