14 13 4 7 1 10 11 5 8 12 2 16 15 3 6 9 
13 12 8 10 14 16 2 15 11 6 7 0 4 9 5 3 
6 10 7 9 5 16 12 14 11 3 13 0 4 15 8 1 
4 12 10 14 5 15 13 1 9 8 0 7 6 2 11 16 
15 5 16 0 3 14 1 8 10 6 2 9 11 12 13 7 
15 10 14 11 12 1 8 9 13 2 6 4 7 0 3 16 
7 8 15 5 3 2 12 0 4 11 9 16 13 10 1 14 
1 2 12 16 9 14 0 13 10 6 5 3 4 8 15 11 
0 5 2 15 9 12 10 3 4 11 1 14 6 7 16 13 
8 10 3 16 15 7 1 5 6 14 0 13 2 11 4 12 
4 12 3 6 8 15 16 13 5 7 0 2 11 9 1 14 
6 0 4 14 12 5 9 1 15 13 10 3 16 8 7 2 
1 5 6 16 14 4 15 2 13 10 7 9 11 3 0 8 
2 4 10 11 1 5 16 12 9 15 0 6 14 7 8 3 
2 13 3 4 6 5 0 8 15 10 16 1 12 9 7 11 
2 1 7 3 0 16 4 10 12 9 11 6 13 14 8 5 
10 9 4 8 12 1 11 15 14 0 6 7 3 2 5 13 
