5 14 13 3 12 9 7 8 2 11 4 16 10 1 6 15 
5 7 12 10 8 9 15 2 14 6 0 13 4 11 3 16 
5 10 14 1 9 16 4 12 11 13 15 8 3 0 7 6 
11 2 1 14 16 8 15 9 4 6 0 13 7 10 5 12 
16 1 15 2 10 14 0 11 9 6 8 13 3 5 12 7 
12 16 6 14 8 2 0 1 3 11 13 4 10 15 9 7 
12 9 4 1 3 0 2 11 14 13 5 10 16 7 8 15 
0 11 14 15 1 2 8 16 10 12 6 5 3 4 9 13 
7 12 0 5 16 9 15 2 11 4 13 3 6 10 1 14 
11 5 1 14 3 4 10 13 6 16 2 15 12 8 0 7 
12 8 1 14 6 5 16 7 0 3 2 15 13 4 9 11 
12 2 0 14 4 16 9 15 1 13 8 6 3 7 5 10 
13 2 3 4 5 16 14 11 6 1 8 10 9 7 0 15 
1 8 2 16 4 12 9 15 6 3 11 14 10 0 7 5 
1 10 16 2 4 15 11 12 13 8 5 3 6 9 7 0 
14 4 10 9 0 12 6 7 5 13 11 3 1 8 2 16 
15 1 9 7 2 13 6 12 8 4 0 3 10 5 14 11 
