16 13 6 14 15 1 9 3 7 5 12 4 8 2 11 10 
11 0 6 12 2 8 16 10 3 15 5 7 13 4 9 14 
8 16 1 5 15 13 6 7 14 10 4 9 11 12 0 3 
5 7 1 11 16 10 12 4 9 15 6 13 0 2 8 14 
8 12 0 10 11 1 6 5 7 9 15 14 13 2 16 3 
6 8 16 9 11 13 3 4 10 12 1 14 7 0 15 2 
1 5 10 9 8 13 11 2 12 15 4 3 0 14 7 16 
5 1 8 10 13 2 3 12 0 16 11 6 4 9 14 15 
4 11 3 12 9 13 7 2 5 6 10 1 15 0 14 16 
6 5 11 10 3 16 2 15 12 13 1 14 0 8 4 7 
0 6 12 15 3 5 13 9 7 16 11 2 4 8 14 1 
1 9 2 5 15 14 4 7 12 16 13 8 3 6 0 10 
15 0 5 1 16 6 9 4 3 8 10 2 7 13 11 14 
3 9 14 4 6 0 15 2 16 12 8 7 11 5 1 10 
0 12 15 2 1 4 9 13 11 6 8 5 10 7 16 3 
3 13 5 14 2 11 16 0 4 7 9 12 8 10 1 6 
10 3 1 11 14 8 2 15 0 7 6 9 12 4 5 13 
