3 7 12 15 4 11 14 1 16 5 9 8 2 6 13 10 
2 14 9 0 11 12 3 16 4 6 13 10 15 8 7 5 
16 6 9 5 7 8 10 14 11 3 4 12 15 1 0 13 
14 0 2 15 16 4 12 13 1 7 5 11 8 10 6 9 
16 9 2 10 13 8 1 6 0 5 11 3 14 7 15 12 
13 6 10 3 16 1 15 4 2 12 11 0 8 9 7 14 
8 0 14 1 4 15 3 16 11 10 5 13 9 12 2 7 
2 11 14 0 1 10 12 13 8 16 6 9 3 5 15 4 
16 6 12 5 15 1 7 10 0 14 9 2 4 11 3 13 
16 0 1 15 4 5 11 3 12 14 13 8 6 10 7 2 
0 1 4 11 2 7 9 12 15 3 14 5 13 8 6 16 
16 6 9 5 12 10 3 13 2 0 8 4 15 7 1 14 
15 3 0 4 7 6 13 5 16 10 8 9 11 2 1 14 
2 9 14 0 4 6 3 15 7 1 8 10 11 16 5 12 
7 12 5 16 4 1 3 10 11 0 2 15 13 9 6 8 
5 11 3 12 7 16 9 6 2 4 0 14 10 13 8 1 
1 6 3 13 14 8 10 9 7 12 5 2 0 15 11 4 
