6 4 2 3 13 9 14 1 7 12 15 16 8 11 5 10 
3 8 0 12 5 4 10 15 11 7 6 9 16 14 2 13 
5 15 10 6 12 16 13 7 9 4 8 3 0 11 14 1 
6 8 5 4 11 10 12 16 1 9 7 15 14 2 0 13 
5 2 3 1 14 9 6 10 13 11 7 12 0 8 16 15 
2 6 0 1 11 7 3 16 10 13 14 9 4 8 12 15 
12 8 0 10 5 11 7 4 9 2 3 1 14 15 13 16 
1 5 9 10 12 13 3 2 0 6 11 16 14 4 15 8 
16 7 12 11 13 15 9 10 4 5 2 14 0 3 6 1 
1 8 15 5 7 16 10 14 2 4 6 12 3 11 13 0 
3 5 8 0 2 13 1 14 16 11 12 15 7 6 4 9 
10 9 6 0 4 14 15 2 16 8 13 12 7 3 1 5 
5 1 4 0 13 7 3 16 11 15 6 8 2 9 10 14 
6 7 3 16 5 0 2 15 12 9 10 4 11 8 1 14 
11 8 2 0 10 1 3 4 5 6 12 16 7 9 13 15 
5 2 14 3 1 0 4 16 12 7 8 13 9 10 11 6 
1 3 11 10 2 14 8 0 12 9 7 13 5 6 15 4 
