15 5 10 12 8 4 14 1 7 13 16 6 9 3 2 11 
16 15 0 13 8 7 4 12 9 14 10 11 5 2 3 6 
8 1 0 13 12 7 4 6 3 10 14 15 16 5 9 11 
14 7 5 16 12 9 8 4 2 13 1 11 0 10 15 6 
7 16 12 13 10 1 5 11 0 15 8 9 3 2 6 14 
6 4 8 13 15 14 7 3 1 12 2 10 11 16 9 0 
0 9 11 1 2 10 4 5 14 12 3 16 13 15 8 7 
12 0 14 1 5 6 2 8 13 3 4 15 9 10 11 16 
1 6 11 0 15 7 10 12 9 4 3 16 13 2 14 5 
2 7 10 8 15 12 3 16 5 11 13 0 6 4 14 1 
16 6 14 9 3 13 12 5 2 4 1 7 0 11 8 15 
8 9 12 2 7 0 1 16 5 4 14 3 15 10 6 13 
1 6 15 2 4 16 7 8 14 3 11 0 13 10 9 5 
1 4 16 3 6 5 2 15 12 11 9 0 7 14 8 10 
3 15 8 11 9 1 12 13 6 5 7 0 16 2 4 10 
9 14 13 3 0 16 2 1 7 12 5 4 8 6 10 11 
6 11 7 9 2 10 13 14 8 1 3 15 4 0 12 5 
