6 4 3 2 9 13 14 1 7 15 16 12 11 8 10 5 
12 6 0 13 10 4 9 15 3 7 11 5 8 16 14 2 
15 10 6 5 7 13 12 16 11 8 4 14 1 0 9 3 
2 6 4 8 5 12 10 14 0 7 9 1 13 11 15 16 
2 1 5 3 6 0 10 9 12 13 11 15 7 16 8 14 
6 2 0 1 11 7 16 3 13 10 9 14 8 4 15 12 
0 10 8 12 4 5 11 7 2 9 3 13 15 16 14 1 
13 5 12 9 10 1 3 2 16 6 0 11 4 14 15 8 
16 10 12 1 9 11 0 13 4 5 15 14 7 3 6 2 
8 5 1 15 10 16 14 7 4 2 12 6 11 3 0 13 
0 7 1 5 13 12 14 2 16 11 15 8 3 9 6 4 
9 6 0 10 14 4 15 2 16 8 13 12 1 7 3 5 
5 1 4 0 7 13 16 3 15 6 11 8 10 14 9 2 
3 10 6 0 5 15 7 16 11 12 2 9 4 8 1 14 
3 2 0 8 9 10 4 1 11 16 12 6 15 7 13 5 
5 3 2 8 4 16 0 1 12 11 6 7 9 14 13 10 
6 10 9 3 15 14 0 13 8 11 12 7 4 2 5 1 
