7 10 11 1 14 15 3 9 5 8 6 13 16 12 4 2 
2 16 7 0 6 8 4 5 11 3 9 14 12 15 13 10 
14 12 7 8 13 16 5 10 4 6 11 15 0 1 3 9 
9 12 16 5 10 0 2 1 4 6 14 15 7 8 11 13 
7 3 11 0 15 14 6 8 2 13 10 5 9 16 12 1 
9 10 12 2 15 16 8 13 4 6 11 3 0 7 1 14 
0 11 7 8 5 3 10 13 9 2 1 16 14 4 15 12 
4 11 3 6 14 12 9 15 13 5 8 10 16 2 0 1 
6 7 3 9 5 10 2 4 1 16 13 15 0 12 14 11 
10 5 12 0 2 16 14 1 4 15 6 11 13 7 8 3 
5 16 15 2 11 7 4 6 0 12 1 9 14 3 13 8 
13 1 10 8 12 9 2 14 3 4 5 6 7 0 15 16 
3 15 10 14 9 13 5 2 1 0 4 16 7 11 8 6 
4 0 11 6 5 8 9 7 12 2 1 10 15 14 16 3 
4 3 5 6 9 12 2 15 16 11 0 7 13 8 10 1 
11 16 0 1 13 7 3 5 6 8 10 4 9 2 12 14 
3 11 4 5 14 2 8 9 1 7 0 13 15 10 12 6 
