5 8 12 13 1 7 15 11 6 14 16 10 3 2 9 4 
6 14 7 10 4 12 11 5 2 16 0 13 3 9 15 8 
16 4 0 13 3 7 12 6 15 10 1 8 11 14 9 5 
5 2 0 7 8 4 14 15 6 11 9 13 16 12 1 10 
8 12 7 13 11 1 5 15 10 0 9 16 3 14 2 6 
4 15 13 1 11 8 14 10 6 12 7 3 0 2 16 9 
11 9 1 0 4 5 16 2 15 14 10 12 8 7 13 3 
12 0 2 15 6 8 3 16 11 1 4 5 9 13 14 10 
13 11 1 14 12 9 3 15 7 10 16 4 5 2 6 0 
4 6 10 11 13 3 1 14 0 15 5 8 7 12 2 16 
11 2 6 16 13 4 9 7 5 12 14 1 8 15 0 3 
10 4 0 14 9 2 6 8 3 5 13 12 1 15 16 7 
1 6 15 2 0 16 4 5 11 8 3 13 9 10 7 14 
0 14 16 3 10 2 4 12 15 9 6 5 7 11 1 8 
4 8 16 10 11 1 7 12 3 0 5 6 13 9 2 15 
13 3 2 8 12 9 16 14 11 0 6 7 5 1 4 10 
8 9 10 0 13 11 5 2 3 1 6 15 12 7 14 4 
