6 9 11 7 5 3 2 12 1 10 16 15 14 13 4 8 
12 2 10 16 14 8 13 0 7 5 3 9 6 15 11 4 
6 10 13 8 9 15 5 11 12 0 3 16 4 7 14 1 
11 15 14 0 16 1 9 12 7 10 6 13 4 8 5 2 
8 5 15 14 10 6 13 9 2 7 3 1 16 12 11 0 
14 15 9 4 2 12 16 1 0 8 11 6 3 13 10 7 
1 3 7 2 14 11 15 4 8 5 10 13 12 16 9 0 
0 15 16 3 4 14 13 12 2 1 10 8 9 11 5 6 
0 3 15 9 13 6 11 5 10 16 2 1 4 14 7 12 
11 15 13 14 10 7 6 16 5 2 8 1 12 3 4 0 
6 13 3 11 12 2 0 8 1 7 5 9 14 15 16 4 
15 8 14 4 0 12 16 3 10 9 2 5 7 13 1 6 
11 8 6 0 4 15 5 14 2 9 13 1 7 10 16 3 
3 6 11 12 2 7 9 1 4 14 10 8 5 0 16 15 
1 9 2 10 11 16 15 5 3 13 4 7 8 12 0 6 
6 7 9 16 10 8 0 4 5 1 3 2 13 12 14 11 
15 3 9 4 1 5 7 2 8 14 10 6 12 11 0 13 
