10 8 3 2 11 9 4 16 6 15 14 13 1 7 5 12 
6 13 8 12 7 16 15 14 4 11 0 3 10 9 5 2 
4 13 16 12 8 7 9 6 10 0 14 1 3 15 11 5 
11 5 0 1 12 9 7 6 8 4 2 14 16 15 10 13 
10 14 11 7 12 9 3 0 15 8 16 5 1 13 6 2 
9 16 8 7 4 2 3 1 15 10 13 0 14 12 6 11 
15 5 14 16 2 12 11 1 9 8 13 0 10 7 4 3 
3 10 13 2 9 14 12 16 6 5 0 4 11 8 1 15 
14 0 15 2 10 4 5 6 11 9 13 1 12 7 16 3 
10 8 13 0 3 5 14 1 12 7 15 2 6 16 4 11 
7 8 5 1 12 14 0 3 2 9 16 6 11 4 13 15 
15 4 8 3 12 13 14 7 10 1 16 6 5 9 2 0 
16 1 15 2 14 6 8 3 11 9 7 0 4 10 13 5 
10 6 1 14 11 12 2 5 0 8 16 4 15 9 3 7 
4 3 6 12 16 13 5 8 11 7 0 2 10 1 15 9 
4 8 14 12 10 11 16 3 9 1 0 13 5 6 7 2 
12 14 0 5 3 15 6 13 7 8 4 1 11 10 2 9 
