11 12 1 14 9 13 5 8 7 16 15 10 3 6 4 2 
4 11 8 12 13 14 9 6 15 3 5 7 2 16 10 0 
9 0 15 11 3 14 8 13 1 7 16 10 12 4 6 5 
5 6 16 14 7 10 13 0 4 1 9 15 8 2 11 12 
8 0 6 3 7 16 15 2 12 13 1 9 10 5 14 11 
4 7 14 11 12 15 16 3 1 9 6 0 13 8 2 10 
11 2 13 10 9 3 14 7 5 0 16 8 12 4 15 1 
12 16 6 1 14 0 2 15 9 3 11 5 8 10 13 4 
15 4 13 9 0 12 10 3 11 6 1 5 2 14 7 16 
7 4 16 1 11 6 0 13 2 10 5 12 8 15 3 14 
9 1 12 0 14 8 2 7 13 15 5 6 4 11 3 16 
8 13 16 14 2 3 9 1 0 4 6 7 12 5 10 15 
6 8 7 13 11 4 15 2 14 9 5 10 0 1 3 16 
16 8 11 5 12 7 15 0 6 2 14 1 4 9 3 10 
8 16 9 4 2 3 5 12 7 11 13 0 6 15 1 10 
10 4 14 0 11 3 8 6 1 13 2 5 9 12 7 16 
1 11 7 3 9 8 10 14 2 4 5 0 15 12 6 13 
