14 12 16 7 1 3 4 11 5 9 8 10 6 13 2 15 
14 0 15 2 5 12 3 11 10 13 4 6 8 7 9 16 
16 9 5 6 13 8 7 10 4 3 11 12 15 14 1 0 
0 14 2 15 11 12 4 13 1 7 5 16 10 8 9 6 
10 2 9 16 6 8 13 0 5 12 11 3 7 15 1 14 
6 13 10 1 4 15 16 3 2 0 11 12 14 8 9 7 
14 8 0 13 3 4 15 1 5 16 10 11 12 2 7 9 
9 2 14 0 10 12 1 13 16 5 8 6 11 15 4 3 
16 12 6 5 1 15 10 7 0 2 14 9 4 3 11 13 
15 0 1 14 5 4 3 11 8 13 6 16 12 7 2 10 
4 1 13 11 9 12 7 2 14 5 3 15 6 16 0 8 
16 6 5 9 10 3 12 13 0 2 8 14 15 7 4 1 
1 3 15 4 5 7 6 13 8 10 9 16 0 2 14 11 
14 2 0 9 15 6 3 4 7 10 8 1 5 16 11 12 
12 7 0 5 4 11 1 3 10 16 2 15 8 6 9 13 
5 3 11 12 16 9 6 7 14 2 0 4 8 13 10 1 
13 1 6 3 9 4 10 8 5 12 2 7 11 0 15 14 
