6 2 1 14 15 9 16 3 7 8 13 4 12 5 10 11 
14 4 13 0 15 9 3 8 10 6 16 7 12 11 2 5 
7 3 4 9 10 0 15 11 8 16 1 14 6 13 12 5 
10 14 0 13 15 9 6 16 1 7 4 11 12 5 2 8 
11 7 12 6 2 1 10 13 8 9 3 0 5 15 16 14 
1 13 10 15 14 7 16 3 4 9 0 8 12 6 11 2 
15 9 3 16 12 10 11 13 2 8 7 5 4 0 14 1 
5 8 16 9 11 12 15 6 14 4 10 13 2 1 3 0 
16 14 13 2 11 3 1 15 9 10 4 0 5 6 12 7 
4 0 8 10 5 11 12 2 6 13 14 1 15 7 16 3 
13 12 16 6 4 1 9 8 0 11 3 15 2 7 5 14 
10 1 4 9 7 8 15 14 16 12 6 13 5 3 0 2 
3 8 0 13 7 6 4 5 10 2 1 14 9 11 16 15 
7 5 6 16 2 10 14 1 3 15 12 11 9 8 4 0 
1 13 9 8 7 16 5 6 3 0 11 15 2 10 12 4 
14 10 9 2 5 4 7 1 8 0 3 16 6 11 13 12 
9 15 6 12 2 11 1 5 4 10 14 0 8 7 3 13 
