5 10 8 4 1 13 2 12 11 16 14 6 3 9 7 15 
10 13 15 8 12 14 3 9 16 11 7 6 5 0 2 4 
5 12 4 3 10 9 0 6 8 16 11 15 7 13 14 1 
1 4 2 15 6 11 7 10 12 9 5 14 16 8 0 13 
7 5 14 2 6 3 13 0 12 15 16 10 9 8 11 1 
7 1 6 8 11 15 4 12 3 14 9 13 16 2 0 10 
7 8 13 3 9 4 10 1 2 5 0 11 15 14 12 16 
6 0 9 2 15 13 5 1 4 8 14 10 11 12 3 16 
5 3 10 1 2 16 7 12 4 9 0 14 15 11 13 6 
10 13 15 4 8 12 3 0 5 6 14 11 7 1 2 16 
13 4 2 14 3 5 12 0 7 1 15 11 16 8 6 9 
12 16 9 10 3 6 8 2 7 0 14 15 5 1 13 4 
11 1 2 3 6 7 8 14 0 10 5 15 9 16 13 4 
16 1 6 12 14 3 2 15 11 9 5 4 10 7 0 8 
0 3 10 1 12 11 6 4 16 5 13 7 9 8 2 15 
7 13 8 9 16 5 1 14 2 10 11 3 4 6 0 12 
2 14 0 13 12 6 8 1 5 9 11 15 7 3 4 10 
