6 2 1 14 15 3 13 9 7 4 12 16 5 10 11 8 
0 11 6 12 8 4 2 10 7 9 16 3 14 15 13 5 
1 16 5 10 13 7 15 6 14 8 9 4 12 3 11 0 
5 8 11 6 4 12 10 16 1 15 9 7 2 14 13 0 
7 10 12 0 11 15 9 1 5 13 6 14 8 2 3 16 
2 12 6 9 11 7 16 3 10 14 0 13 4 1 15 8 
10 15 5 1 11 8 3 7 12 4 2 9 14 16 13 0 
16 9 5 10 3 13 2 12 0 1 11 6 14 15 4 8 
5 11 4 12 9 13 15 2 10 7 16 3 6 0 1 14 
3 11 5 6 10 16 2 15 14 4 12 13 0 1 7 8 
12 15 3 5 6 14 13 0 16 7 8 11 9 1 2 4 
6 5 9 10 7 4 15 14 13 8 3 16 12 2 0 1 
7 0 10 5 11 16 13 4 6 3 8 15 2 9 1 14 
14 4 3 16 6 0 15 2 8 9 12 7 5 10 1 11 
8 12 0 16 13 10 1 4 2 11 6 5 15 3 9 7 
9 6 3 13 0 11 16 1 7 8 12 10 5 14 2 4 
10 3 11 1 14 9 15 2 8 6 7 0 4 5 12 13 
