12 3 15 7 4 11 1 14 5 8 16 9 13 6 10 2 
2 9 14 0 11 12 16 3 4 13 6 10 15 5 8 7 
16 9 5 6 7 10 14 8 12 11 3 4 15 1 13 0 
14 0 15 2 13 12 16 4 11 5 7 1 6 8 10 9 
2 9 16 10 8 13 6 1 5 11 0 3 7 15 12 14 
13 10 6 3 1 15 4 16 12 0 2 11 14 8 9 7 
8 0 14 1 4 15 3 16 13 10 5 11 2 7 9 12 
0 14 11 2 13 10 1 12 9 16 8 6 3 5 15 4 
12 16 6 5 1 15 10 7 2 14 9 0 3 11 13 4 
0 15 16 1 11 5 4 3 14 12 13 8 7 10 6 2 
0 4 1 11 7 12 9 2 5 3 13 14 8 15 6 16 
9 5 6 16 10 13 12 3 2 0 4 8 15 7 1 14 
4 15 3 0 5 13 7 6 10 16 8 9 2 11 14 1 
0 14 2 9 15 3 4 6 7 8 1 10 5 12 11 16 
7 12 5 16 4 3 10 1 11 0 2 15 13 8 6 9 
11 12 5 3 9 16 6 7 4 14 0 2 1 13 8 10 
6 1 13 3 9 8 10 14 2 5 12 7 4 11 0 15 
