11 13 1 14 2 9 3 16 10 4 5 7 8 6 15 12 
9 3 0 13 5 7 2 6 4 14 11 10 8 12 15 16 
6 9 0 14 16 10 15 8 3 4 12 13 1 11 7 5 
4 6 7 14 12 1 11 5 10 9 16 2 15 8 13 0 
10 2 14 9 7 11 5 13 1 3 6 15 16 0 8 12 
8 10 2 12 9 16 13 0 11 7 4 1 15 3 6 14 
14 8 15 2 13 10 12 16 7 0 9 4 1 5 3 11 
15 16 13 0 3 11 4 1 12 8 14 6 5 10 9 2 
10 5 4 9 1 7 0 2 11 15 3 16 12 6 14 13 
11 1 8 5 10 12 7 2 4 0 3 16 15 14 13 6 
7 6 14 2 9 3 13 0 15 11 8 16 1 5 4 12 
3 4 15 1 7 13 5 8 16 9 0 10 14 12 2 6 
16 15 13 0 1 3 5 4 14 8 2 9 11 10 7 6 
9 0 16 3 11 14 8 6 1 12 2 15 5 7 10 4 
0 1 6 8 12 9 3 10 13 16 15 4 11 7 5 2 
1 4 8 11 12 14 10 2 5 9 3 16 6 7 0 13 
10 9 5 2 14 15 6 12 8 1 4 11 3 7 13 0 
