14 12 2 4 8 1 15 10 7 6 16 3 11 5 13 9 
15 8 12 11 14 4 9 7 2 6 3 16 10 5 13 0 
12 8 9 1 14 4 11 0 6 13 3 16 15 7 5 10 
13 16 6 15 1 7 2 10 8 12 14 4 0 5 9 11 
9 5 11 14 15 8 10 3 16 2 0 7 6 12 13 1 
7 0 9 14 8 4 2 3 6 15 13 12 11 1 10 16 
7 16 8 15 12 9 14 10 0 11 3 4 1 13 2 5 
13 12 4 6 1 9 0 10 8 11 14 5 16 3 15 2 
6 12 13 9 5 10 1 14 0 4 3 11 7 16 2 15 
4 5 2 15 7 11 16 3 14 12 6 13 0 1 8 10 
9 6 0 2 7 11 5 14 8 1 12 4 15 13 16 3 
4 6 14 1 2 7 12 3 16 8 15 5 10 9 13 0 
13 16 15 5 1 6 2 3 10 11 7 4 14 9 8 0 
3 5 2 15 14 0 11 4 16 9 10 8 6 12 7 1 
12 9 0 13 11 7 4 3 10 8 5 16 1 6 2 15 
4 14 12 13 8 10 9 0 11 6 3 16 7 5 1 2 
0 14 4 6 1 7 10 9 3 12 2 8 15 13 11 5 
