3 10 14 1 12 15 7 6 8 13 9 2 4 5 11 16 
12 9 3 7 5 15 13 0 2 4 14 8 11 16 10 6 
3 12 7 11 15 13 14 1 5 0 10 4 8 16 6 9 
0 6 9 2 15 11 14 4 16 1 13 10 8 7 5 12 
7 15 0 8 12 14 16 2 10 13 5 11 1 6 9 3 
10 14 7 12 8 3 0 11 13 6 2 1 15 16 4 9 
8 4 10 12 13 16 15 2 9 5 7 14 3 1 11 0 
2 10 14 1 13 8 4 3 16 6 0 5 12 9 15 11 
4 5 13 12 10 9 7 16 3 6 2 15 11 0 14 1 
13 15 5 6 14 7 11 8 16 0 10 12 3 2 4 1 
7 14 16 4 11 9 0 15 5 6 1 8 13 12 3 2 
2 0 10 7 9 5 16 3 6 12 13 14 15 4 1 8 
4 10 0 13 8 16 2 11 9 5 14 3 15 1 7 6 
4 0 12 11 7 1 16 3 5 8 15 9 14 2 10 6 
15 12 3 8 2 10 9 5 6 4 13 11 0 1 7 16 
10 6 16 3 7 4 11 2 5 1 12 8 14 9 0 13 
12 2 7 0 4 6 8 9 13 15 10 3 11 5 14 1 
