10 3 1 14 12 11 5 2 4 7 8 6 9 15 13 16 
15 3 5 14 10 7 2 0 4 11 13 9 16 6 8 12 
0 7 4 1 10 13 8 11 16 15 9 6 12 5 3 14 
0 12 7 15 5 8 11 4 9 14 13 10 16 1 2 6 
3 0 15 2 14 6 11 9 16 12 1 13 10 8 7 5 
16 6 15 10 11 9 0 4 12 7 2 14 1 8 13 3 
11 10 16 3 0 9 2 5 15 8 1 14 12 13 7 4 
1 12 10 11 13 5 3 9 8 4 2 15 14 6 16 0 
16 0 1 14 13 4 12 3 9 5 7 15 11 2 6 10 
14 2 16 3 5 1 7 4 8 13 10 12 0 11 15 6 
11 12 14 13 1 8 2 9 15 7 6 4 5 0 16 3 
7 16 5 13 15 9 1 0 3 10 4 12 8 2 14 6 
13 1 5 15 8 3 9 14 6 4 7 10 11 16 2 0 
11 9 2 10 0 7 16 3 6 5 1 8 4 15 14 12 
5 16 7 4 15 11 8 10 6 1 13 0 12 9 2 3 
14 7 3 8 4 10 16 0 13 9 6 12 1 11 5 2 
8 3 6 0 2 11 10 7 15 14 5 13 9 12 1 4 
