8 10 11 12 1 5 2 16 13 6 4 3 14 15 7 9 
12 6 8 16 13 9 4 10 7 11 2 0 15 14 5 3 
12 1 8 3 4 0 14 15 5 11 13 9 7 16 10 6 
10 5 16 9 11 14 4 13 6 0 2 15 12 1 8 7 
12 6 15 2 7 5 8 13 11 1 16 9 3 0 10 14 
7 4 2 3 9 6 14 1 11 8 15 10 16 12 13 0 
11 1 3 16 13 9 8 2 7 10 12 14 4 5 0 15 
6 8 4 16 12 0 9 3 5 2 11 14 10 13 1 15 
2 10 14 16 3 15 13 12 0 7 9 1 11 5 6 4 
5 0 7 6 15 11 3 16 4 12 14 1 13 10 2 8 
6 11 13 0 16 5 12 14 4 8 9 15 1 7 3 2 
13 6 1 14 9 16 15 2 0 5 3 8 12 7 10 4 
8 5 1 15 16 14 13 0 2 9 4 3 6 10 11 7 
16 15 7 4 6 9 5 12 3 14 11 8 1 2 0 10 
8 4 0 16 11 7 15 1 5 13 2 12 3 9 6 10 
7 13 3 16 10 1 4 5 12 0 9 11 8 2 14 6 
14 8 9 7 12 11 4 2 0 13 1 6 15 10 3 5 
