5 2 14 7 13 15 9 11 8 4 3 10 6 16 1 12 
5 15 8 4 11 12 3 9 7 13 6 10 16 0 2 14 
1 5 7 12 11 15 13 10 8 14 16 3 6 9 0 4 
12 14 7 13 6 2 1 11 9 16 4 10 8 15 5 0 
16 15 10 6 13 3 14 1 9 12 5 2 8 7 11 0 
6 8 13 2 9 10 3 14 7 12 4 0 11 1 15 16 
13 4 2 16 12 5 14 10 3 7 15 11 9 8 1 0 
15 16 12 14 0 10 5 11 4 1 13 2 6 8 3 9 
3 5 15 2 10 7 1 9 6 14 0 13 12 11 4 16 
8 12 15 2 1 0 16 3 7 4 6 14 5 11 10 13 
14 6 11 9 5 3 4 1 12 15 0 13 7 2 8 16 
9 0 2 15 4 1 10 12 13 7 3 16 14 6 5 8 
6 15 1 7 5 9 16 13 8 4 14 11 10 3 0 2 
10 15 14 1 6 5 3 16 7 0 9 12 2 11 4 8 
12 10 6 2 1 8 13 9 5 0 11 16 15 7 4 3 
0 6 4 5 2 11 1 14 9 16 10 7 13 8 12 3 
7 8 2 10 1 5 0 13 9 4 14 15 11 3 12 6 
