8 13 4 7 15 5 3 10 2 1 16 6 12 11 14 9 
9 0 12 7 3 8 6 5 16 4 11 15 2 10 13 14 
12 15 16 3 9 5 4 13 6 7 14 11 8 0 1 10 
7 16 14 1 5 8 4 11 6 15 10 0 13 12 9 2 
8 6 9 15 16 10 2 11 1 0 5 7 3 13 14 12 
1 3 10 4 13 8 15 7 16 9 2 0 12 14 6 11 
4 10 7 2 11 15 5 3 12 8 16 0 9 13 14 1 
15 6 13 1 5 9 10 14 12 8 11 2 4 0 3 16 
15 10 14 7 2 0 1 3 5 13 16 12 11 4 6 9 
5 14 8 0 7 12 15 2 13 1 11 3 16 4 6 10 
5 6 0 2 4 3 9 14 8 1 15 12 16 13 7 11 
12 10 13 0 6 7 16 9 4 5 15 2 8 3 14 1 
3 9 8 10 16 14 15 2 5 1 11 7 4 6 0 13 
4 0 15 14 8 11 2 10 5 9 16 1 3 12 6 7 
8 16 10 13 5 6 12 1 7 4 3 2 0 15 9 11 
4 8 14 16 2 9 1 13 10 6 12 5 7 11 0 3 
1 12 4 15 9 11 13 0 5 7 10 8 6 3 14 2 
