13 16 10 12 9 3 1 8 7 5 14 4 11 6 2 15 
0 9 16 12 7 10 8 13 3 11 14 15 4 6 5 2 
5 12 8 1 15 7 6 13 14 10 4 9 11 0 3 16 
11 14 12 7 2 10 16 4 1 13 15 9 8 6 0 5 
16 8 15 12 1 5 6 11 0 13 7 9 2 14 3 10 
16 2 6 8 14 11 4 3 12 1 13 10 15 7 0 9 
1 10 9 5 13 8 11 2 12 4 16 3 7 0 14 15 
15 1 16 5 13 2 3 14 12 0 6 4 11 8 9 10 
12 1 6 11 9 7 2 15 10 4 0 13 5 14 3 16 
10 7 13 11 15 5 16 3 2 0 12 14 4 8 1 6 
13 16 15 2 3 5 9 12 1 6 7 4 14 0 11 8 
8 9 12 2 14 16 0 7 13 1 5 4 3 10 15 6 
0 15 3 1 4 9 16 6 2 11 8 10 14 7 5 13 
3 14 9 4 5 2 6 8 12 16 0 7 1 11 10 15 
7 6 2 15 16 1 13 9 0 11 8 5 4 10 12 3 
13 3 14 5 2 16 11 0 12 7 4 9 10 8 6 1 
1 11 9 10 8 4 14 15 2 0 3 6 5 13 12 7 
