16 11 10 2 7 9 5 8 14 4 3 13 15 1 6 12 
14 4 0 9 7 6 5 2 12 3 11 10 13 8 15 16 
7 13 3 9 12 15 4 10 14 6 0 5 8 16 1 11 
0 12 6 16 8 4 1 10 13 14 9 7 11 5 15 2 
11 5 8 12 14 9 2 6 7 0 16 10 3 15 13 1 
4 11 0 8 13 1 15 7 10 9 2 12 14 6 3 16 
9 7 8 2 1 5 4 15 3 12 11 0 14 13 16 10 
6 11 4 13 16 1 12 9 3 2 5 0 8 10 14 15 
14 0 15 3 1 9 5 10 2 4 7 12 11 16 6 13 
4 6 7 10 16 15 1 13 2 11 0 8 3 14 5 12 
3 8 12 7 4 16 13 0 15 9 11 6 5 2 1 14 
1 10 8 6 15 9 7 0 4 2 3 16 5 14 12 13 
1 3 2 13 0 9 10 5 14 11 7 8 6 15 4 16 
1 0 6 7 10 5 2 15 9 11 3 4 14 8 16 12 
1 4 0 2 13 15 12 9 5 6 8 3 7 16 10 11 
5 0 7 11 9 4 1 14 6 13 12 2 8 10 16 3 
7 4 1 12 11 5 13 9 14 8 15 2 6 0 10 3 
