2 6 1 14 15 9 3 16 12 5 7 4 13 8 10 11 
0 6 11 12 10 2 4 8 13 9 3 7 5 15 14 16 
5 10 1 16 6 13 15 7 8 14 9 4 12 3 0 11 
13 5 11 6 10 4 12 16 7 9 1 15 0 14 2 8 
0 12 15 10 6 1 11 9 7 5 13 14 8 2 16 3 
2 6 12 9 7 3 4 11 14 13 10 8 15 0 16 1 
5 1 15 10 8 7 2 11 4 12 9 3 16 14 0 13 
5 9 16 10 13 12 2 3 11 0 6 1 14 8 15 4 
11 5 4 12 13 9 2 15 3 1 7 10 0 14 6 16 
3 11 5 6 10 16 15 2 13 1 14 12 4 8 7 0 
8 3 5 15 6 14 0 13 11 12 7 16 2 1 9 4 
9 2 5 10 14 15 7 4 13 8 16 3 0 12 6 1 
7 5 15 0 4 16 6 1 10 8 3 2 11 9 13 14 
14 3 4 9 6 0 15 2 8 16 7 12 1 10 11 5 
0 12 8 16 4 10 1 13 6 2 5 11 3 7 9 15 
6 3 5 13 0 1 11 16 8 12 9 7 10 2 4 14 
10 3 1 11 9 14 2 15 8 0 7 6 4 12 13 5 
