5 6 1 14 7 13 15 2 3 12 4 9 10 16 11 8 
15 16 7 9 2 5 11 3 8 13 4 6 10 12 0 14 
10 6 3 0 11 14 16 7 12 9 8 1 4 13 5 15 
12 7 2 1 15 5 4 11 6 10 14 9 8 16 13 0 
0 9 16 5 14 15 6 12 10 1 11 13 8 7 3 2 
8 3 14 2 6 15 0 13 11 9 10 16 12 7 4 1 
13 16 1 14 11 9 2 15 12 0 8 5 10 3 7 4 
1 15 3 10 11 14 13 0 5 2 12 16 9 6 8 4 
6 11 16 2 9 15 12 3 13 5 7 14 10 4 0 1 
11 0 15 2 14 13 4 12 7 5 10 6 8 1 3 16 
4 8 0 2 16 13 12 5 14 3 7 9 1 15 6 11 
9 1 13 0 3 7 6 8 16 10 2 12 14 15 5 4 
0 16 15 7 2 4 10 9 13 1 6 3 11 8 5 14 
5 6 9 8 11 12 0 7 15 2 14 1 4 10 3 16 
10 15 3 16 11 7 4 0 9 1 8 5 6 13 12 2 
4 5 6 2 14 16 11 8 0 1 3 12 7 9 13 10 
4 7 1 5 14 9 0 2 6 13 11 3 10 8 12 15 
