6 8 12 15 9 10 13 2 1 11 4 7 5 14 16 3 
9 7 5 15 13 10 16 11 2 8 12 0 3 6 4 14 
8 6 1 10 14 9 15 13 7 4 16 0 11 5 12 3 
2 4 13 12 14 10 7 5 0 11 6 16 1 15 9 8 
12 14 7 15 1 8 11 0 10 9 3 16 6 5 13 2 
2 14 4 8 11 7 0 10 16 12 9 6 13 15 3 1 
9 8 2 16 15 11 0 5 10 4 1 14 7 12 13 3 
5 10 12 2 11 8 9 16 3 15 1 4 14 6 0 13 
12 10 15 2 16 5 14 1 3 6 7 11 4 9 0 13 
4 11 2 14 5 8 16 3 13 6 1 7 10 0 15 12 
11 6 2 15 14 13 5 8 7 3 12 4 0 9 1 16 
8 4 7 9 14 0 2 3 15 12 6 16 5 1 13 10 
0 14 15 7 2 16 5 4 9 10 1 6 11 8 13 3 
5 0 9 6 11 12 14 1 10 8 3 15 16 2 4 7 
15 13 11 16 3 9 7 2 1 12 5 8 6 0 4 10 
6 7 10 3 8 14 2 0 5 11 9 4 16 1 13 12 
8 7 6 4 9 3 2 15 10 14 11 12 5 1 13 0 
