9 15 14 12 10 13 6 8 11 1 7 16 2 4 3 5 
16 9 6 7 10 8 11 4 5 14 2 15 12 3 0 13 
4 14 12 8 13 9 3 1 11 15 5 0 6 10 7 16 
5 6 7 12 4 1 11 13 16 9 15 14 0 8 10 2 
12 10 5 7 11 9 0 13 3 16 15 2 8 6 1 14 
9 4 8 12 0 6 15 2 10 14 16 13 7 11 1 3 
15 1 16 10 0 3 8 11 5 4 7 9 12 13 14 2 
6 12 2 16 5 0 1 14 15 13 4 10 8 3 9 11 
16 5 1 4 11 6 0 9 15 3 12 10 2 14 7 13 
6 2 5 13 0 3 10 1 12 14 16 11 15 4 8 7 
1 4 15 6 13 12 11 5 0 14 3 16 2 9 8 7 
5 2 16 0 1 15 13 8 9 14 10 7 4 3 6 12 
11 13 16 8 1 9 4 2 10 6 3 5 7 0 15 14 
6 15 16 3 9 2 10 5 14 12 4 11 8 7 0 1 
5 8 16 3 2 6 11 10 7 4 13 0 1 12 9 15 
9 16 5 8 12 7 2 0 11 10 14 3 4 13 1 6 
5 10 14 6 4 2 1 12 7 11 8 15 3 9 13 0 
