4 2 6 5 14 8 7 10 16 13 12 11 15 1 9 3 
6 0 10 15 3 11 5 9 7 16 12 4 2 13 14 8 
3 5 1 14 6 16 12 9 15 11 8 0 10 7 13 4 
9 8 2 15 0 4 14 1 6 5 7 16 10 12 13 11 
2 14 5 10 9 3 13 0 12 7 16 15 11 1 6 8 
4 8 9 15 6 11 12 16 13 10 1 14 3 7 0 2 
8 9 5 1 2 4 12 3 10 7 13 0 15 16 14 11 
6 9 0 2 12 5 8 1 10 16 13 4 14 3 11 15 
12 9 7 4 0 3 1 11 2 14 16 13 6 5 10 15 
13 4 5 15 0 12 10 8 11 7 1 14 2 6 3 16 
0 5 6 16 12 8 3 13 7 1 2 15 11 4 14 9 
4 12 8 15 9 2 5 10 3 7 0 14 6 16 13 1 
14 6 13 8 4 1 10 2 5 15 0 11 7 9 16 3 
0 5 16 10 14 3 2 15 12 1 8 4 6 9 11 7 
2 8 11 13 0 3 4 12 1 5 6 7 9 16 10 15 
8 10 12 7 5 9 3 13 1 16 0 2 11 14 4 6 
11 15 8 1 3 12 14 6 9 0 4 10 7 13 2 5 
