10 9 2 6 7 1 13 5 14 16 11 4 12 8 15 3 
16 2 5 11 6 10 9 0 3 13 7 15 12 8 14 4 
6 14 4 9 8 1 7 0 10 13 16 3 5 15 12 11 
11 16 8 12 2 4 1 6 5 10 13 0 7 14 15 9 
6 9 11 8 10 15 0 13 1 2 16 3 5 14 12 7 
6 9 16 10 7 14 12 4 15 11 0 3 8 1 2 13 
16 0 1 9 11 4 8 2 10 14 3 5 15 7 13 12 
12 13 1 5 16 4 11 2 0 14 3 15 6 10 8 9 
4 16 6 11 9 2 1 14 15 7 13 12 3 0 5 10 
5 14 10 12 4 3 2 1 6 11 8 13 15 16 7 0 
8 9 1 6 5 11 13 4 7 15 12 0 14 2 3 16 
12 8 15 7 4 6 0 13 1 10 9 2 14 5 3 16 
0 1 16 3 10 5 13 7 15 14 11 4 8 6 9 2 
12 9 1 0 6 8 11 15 4 14 2 16 5 7 10 3 
7 12 3 5 4 16 13 10 9 1 6 11 0 8 2 15 
1 13 3 4 14 12 16 2 0 6 11 9 10 5 8 7 
4 12 6 2 3 13 1 10 14 0 15 7 8 9 11 5 
