14 11 2 8 13 4 16 3 10 9 5 7 6 1 15 12 
3 5 0 13 7 9 2 6 11 12 14 10 4 15 8 16 
6 0 9 15 8 10 11 14 12 13 16 3 4 5 1 7 
7 6 14 4 1 11 5 12 16 10 9 2 15 8 13 0 
2 14 9 10 7 13 5 11 6 3 15 1 16 0 8 12 
10 2 12 8 16 9 13 0 7 4 11 1 3 6 15 14 
14 16 2 15 5 12 13 10 4 7 9 0 3 1 11 8 
15 16 13 0 1 5 4 11 8 14 6 12 2 10 3 9 
5 4 9 10 2 7 0 12 15 11 3 16 6 13 1 14 
5 8 11 1 12 10 7 2 0 4 16 3 15 6 13 14 
14 6 7 2 9 3 0 13 15 8 12 16 4 11 5 1 
4 1 3 15 8 13 5 7 16 9 0 10 6 12 2 14 
15 9 13 0 4 1 3 16 8 14 5 2 6 11 7 10 
0 9 16 3 6 14 8 11 1 12 15 2 4 5 7 10 
1 0 8 6 9 3 10 12 15 16 13 4 2 11 7 5 
8 1 11 4 12 14 10 2 9 5 3 16 7 6 13 0 
5 10 9 2 14 12 15 6 11 4 8 1 7 3 13 0 
