6 3 4 2 13 9 1 14 15 12 7 16 5 11 8 10 
3 12 0 8 4 15 10 5 6 7 11 9 13 14 2 16 
10 15 6 5 12 16 7 13 9 8 4 3 0 11 1 14 
5 4 6 8 16 10 12 11 9 15 1 7 2 14 13 0 
5 1 3 2 10 6 9 14 13 12 11 7 16 0 8 15 
2 1 0 6 11 7 3 16 14 9 10 13 12 4 15 8 
12 8 0 10 4 5 11 7 13 3 2 9 15 16 1 14 
1 10 9 5 2 3 13 12 16 11 0 6 8 15 14 4 
7 16 11 12 15 13 10 9 4 5 14 1 6 2 3 0 
1 8 15 5 16 10 14 7 4 6 12 2 3 11 0 13 
8 5 3 0 13 1 14 2 11 15 12 16 6 4 9 7 
10 9 0 6 4 14 15 2 12 16 13 8 5 7 1 3 
4 0 5 1 7 13 16 3 8 15 6 11 14 10 9 2 
7 6 16 3 0 5 2 15 4 9 12 10 11 8 1 14 
9 8 2 0 3 4 1 10 16 6 12 11 15 7 13 5 
3 8 2 5 0 4 1 16 12 13 7 14 6 11 9 10 
3 11 1 10 0 8 14 2 13 7 9 12 5 6 4 15 
