13 6 14 1 15 9 16 3 7 5 4 12 11 2 8 10 
0 12 6 11 2 10 16 8 3 13 7 15 4 5 14 9 
5 16 1 8 15 13 6 7 10 4 9 14 0 12 3 11 
1 5 7 11 16 10 12 4 9 6 13 15 8 14 2 0 
10 0 12 15 6 11 5 1 7 8 14 9 13 2 16 3 
13 6 9 12 11 4 16 3 8 10 1 14 0 7 15 2 
15 1 5 10 11 13 8 2 9 12 4 3 14 7 0 16 
10 9 5 16 13 3 2 12 0 1 11 6 14 8 15 4 
12 5 11 4 2 7 9 13 1 10 6 3 15 14 16 0 
11 5 3 6 16 10 15 2 12 13 1 14 4 0 8 7 
8 15 0 3 13 5 6 14 16 11 2 7 1 4 12 9 
9 2 1 5 7 4 15 14 8 16 13 12 0 3 6 10 
5 0 9 15 16 4 1 6 10 8 2 3 11 7 13 14 
4 3 14 9 0 6 2 15 12 16 7 8 11 5 1 10 
0 15 2 12 4 10 1 13 6 8 11 5 9 16 3 7 
3 5 13 14 11 16 1 0 7 9 12 8 10 2 4 6 
10 11 1 3 9 14 2 15 8 6 0 7 12 5 4 13 
