9 8 2 16 11 3 14 1 15 10 4 5 7 12 6 13 
2 5 7 0 14 10 16 3 9 6 11 15 12 4 13 8 
16 1 10 6 15 3 4 12 11 7 13 0 9 8 14 5 
16 1 5 11 7 10 4 14 9 6 12 8 15 2 0 13 
15 0 14 1 8 9 10 11 7 13 3 12 6 5 2 16 
1 7 8 15 9 6 3 2 16 10 14 13 12 0 4 11 
11 12 4 10 16 7 8 1 13 5 2 15 0 3 9 14 
4 1 0 10 3 8 13 11 14 16 9 12 5 6 15 2 
5 13 7 12 3 6 11 10 1 0 4 9 16 14 2 15 
16 7 12 0 11 3 15 2 5 13 6 14 4 10 1 8 
14 4 2 15 0 7 16 12 3 1 5 13 6 9 11 8 
4 16 13 2 3 8 0 14 5 12 1 9 7 10 15 6 
10 9 5 6 0 11 16 15 14 7 4 8 13 2 3 1 
15 5 1 14 10 2 8 12 3 7 0 9 4 6 16 11 
3 8 0 12 15 4 9 16 10 6 11 13 2 7 5 1 
5 0 16 8 13 11 4 1 3 6 9 7 2 10 14 12 
6 11 12 8 14 10 7 2 9 13 15 1 4 0 3 5 
