5 10 2 15 8 4 13 16 3 11 9 7 12 6 1 14 
13 16 14 2 5 0 11 12 6 7 8 15 9 3 10 4 
5 9 1 14 6 3 4 12 11 8 10 16 7 15 13 0 
13 9 5 10 4 15 14 11 7 2 16 12 8 0 1 6 
11 5 14 13 1 0 2 15 16 9 10 6 8 7 3 12 
12 10 8 2 11 0 3 16 7 14 1 9 13 15 6 4 
8 7 11 1 4 0 2 5 15 3 13 14 9 16 12 10 
3 10 1 2 9 6 5 0 12 14 4 11 8 16 15 13 
15 14 12 10 2 13 3 6 0 7 4 9 1 5 11 16 
11 2 6 14 16 15 0 12 4 13 1 10 7 5 8 3 
11 3 15 1 12 13 6 5 14 4 16 7 0 2 9 8 
10 4 7 0 15 9 16 6 13 1 12 2 8 5 3 14 
1 7 10 13 11 4 2 15 9 8 14 0 6 5 16 3 
4 8 5 12 7 10 6 11 9 3 15 2 16 0 1 14 
12 7 5 15 4 1 16 3 10 0 11 6 2 9 13 8 
7 5 2 16 14 10 0 3 8 1 6 4 12 11 9 13 
1 9 12 4 5 15 8 10 7 2 14 6 11 3 0 13 
