2 16 13 14 15 8 3 11 7 12 10 4 9 5 1 6 
13 2 4 5 15 16 8 7 11 10 0 6 3 14 12 9 
8 15 3 6 9 14 12 10 4 7 0 13 11 16 5 1 
1 9 12 13 5 11 2 15 8 14 7 16 4 0 6 10 
11 6 14 1 9 8 10 5 0 7 15 2 13 12 3 16 
2 8 14 0 15 9 3 13 12 6 11 7 16 1 4 10 
1 12 11 15 7 2 3 0 4 5 9 16 14 10 13 8 
5 3 10 8 14 12 6 13 15 9 4 16 1 11 2 0 
6 12 13 5 1 15 3 16 7 2 0 10 11 4 9 14 
5 10 3 16 1 6 7 15 8 14 13 0 2 12 11 4 
1 5 13 4 14 15 16 6 0 3 11 7 9 8 12 2 
12 3 10 13 14 9 5 7 8 0 6 16 1 4 2 15 
13 4 1 15 10 16 11 9 8 2 7 6 5 3 14 0 
4 12 8 9 5 6 14 16 7 10 15 2 3 1 11 0 
4 3 1 8 16 2 12 5 9 6 10 13 7 15 11 0 
6 7 3 16 9 0 2 4 10 11 1 14 13 5 8 12 
14 4 3 15 11 8 9 1 2 13 7 6 10 12 5 0 
