5 12 13 8 1 15 7 11 16 14 6 10 9 4 2 3 
14 10 6 7 11 4 5 12 16 2 0 13 3 15 8 9 
9 6 0 4 12 16 7 13 5 8 14 10 3 11 15 1 
7 0 5 2 11 15 14 16 9 13 8 6 1 12 4 10 
7 12 13 8 11 5 15 0 1 9 10 16 6 2 3 14 
1 15 4 13 8 11 10 14 3 0 12 6 9 2 16 7 
9 1 0 11 16 2 4 5 3 15 10 12 8 13 14 7 
0 4 15 2 8 6 16 3 5 14 10 12 9 11 13 1 
13 14 11 3 15 9 12 0 10 7 4 16 6 1 2 5 
14 12 4 6 13 1 3 11 5 8 0 15 7 16 10 2 
11 2 12 6 8 7 4 9 1 5 16 3 14 15 13 0 
0 16 15 12 9 2 1 8 3 4 14 13 7 6 10 5 
1 14 15 2 4 16 0 5 3 8 11 6 13 9 7 10 
14 0 3 16 10 12 4 2 15 9 6 5 8 1 7 11 
4 10 0 8 1 16 7 11 9 5 12 3 13 6 2 15 
2 8 14 13 12 6 16 11 7 9 3 0 5 4 1 10 
0 8 9 10 2 11 13 5 1 3 15 6 12 14 7 4 
