6 1 10 13 3 12 11 5 7 14 9 15 2 4 16 8 
7 6 2 14 16 10 12 13 5 0 4 15 8 9 11 3 
9 11 15 6 10 1 4 3 7 12 16 14 8 5 0 13 
10 7 2 1 12 9 4 0 11 14 8 13 15 6 16 5 
6 8 12 7 1 9 13 0 16 14 5 11 10 3 2 15 
1 8 15 16 3 7 11 13 6 12 2 9 14 0 4 10 
10 5 8 16 9 7 15 11 3 4 0 13 2 12 1 14 
13 6 3 4 5 1 16 12 11 0 15 2 14 9 8 10 
14 13 15 3 7 4 5 11 6 1 0 16 12 9 2 10 
6 10 1 7 13 14 11 5 0 4 16 2 8 15 3 12 
3 6 12 8 16 14 0 13 11 4 1 15 2 9 5 7 
13 7 5 1 6 0 15 10 9 2 16 3 14 8 12 4 
14 0 10 11 7 9 16 3 13 8 2 1 4 15 5 6 
0 7 3 16 4 12 9 1 15 10 14 5 8 11 2 6 
1 9 8 4 3 0 5 2 13 16 15 6 10 11 12 7 
3 5 1 2 16 9 10 8 12 0 11 6 13 14 7 4 
11 3 14 1 7 0 15 8 10 13 4 2 6 9 12 5 
