2 8 14 12 10 13 15 7 11 4 6 9 1 5 3 16 
6 0 14 15 9 4 2 5 10 3 8 11 13 7 12 16 
13 10 5 6 0 12 7 1 9 8 15 11 14 4 16 3 
7 4 1 14 12 11 0 6 9 16 15 10 5 2 13 8 
11 10 5 0 6 1 8 13 9 16 12 14 3 7 15 2 
13 9 3 12 14 6 10 8 11 16 0 4 7 1 2 15 
1 16 8 2 4 15 0 13 14 9 5 10 7 12 3 11 
4 8 5 0 1 15 6 12 11 9 2 3 13 10 14 16 
10 1 4 15 5 3 6 2 7 14 9 0 12 13 11 16 
6 1 0 13 8 10 7 4 16 11 15 2 12 5 14 3 
4 8 12 1 14 7 2 0 5 13 11 9 15 6 16 3 
3 13 4 7 6 12 2 10 5 8 15 14 0 16 9 1 
16 4 15 5 9 7 6 11 10 2 14 1 3 8 13 0 
1 5 11 7 6 14 4 3 15 9 12 8 16 2 0 10 
3 10 1 11 16 8 6 7 5 15 0 12 2 13 4 9 
10 3 0 9 2 12 6 4 13 11 14 1 5 8 16 7 
13 15 14 11 1 8 0 3 2 4 10 12 7 5 9 6 
