9 11 6 2 3 10 5 13 4 1 7 15 16 14 12 8 
2 4 11 16 10 0 9 6 7 3 13 14 15 5 8 12 
14 9 6 4 1 7 8 12 13 10 3 16 0 15 5 11 
8 15 12 7 1 6 4 16 5 13 14 10 0 2 9 11 
8 12 14 1 10 15 0 13 6 2 3 16 11 5 7 9 
1 9 16 8 12 14 4 13 7 3 11 15 2 6 10 0 
1 16 0 9 11 8 2 4 3 10 14 5 13 7 15 12 
12 5 13 1 16 11 4 2 0 3 6 14 9 8 15 10 
6 16 4 11 2 0 14 1 12 7 3 13 15 9 5 10 
2 12 14 1 13 4 16 3 15 7 5 11 0 10 8 6 
8 6 1 9 4 5 11 13 7 12 0 15 2 14 3 16 
13 7 12 8 4 3 5 0 9 15 1 10 14 16 6 2 
1 0 16 3 5 13 7 10 11 4 15 14 6 2 8 9 
12 1 9 0 11 8 14 16 6 4 2 15 7 10 5 3 
5 0 6 3 13 10 16 4 7 9 2 11 8 15 1 12 
4 3 14 13 2 1 16 12 6 10 0 11 8 7 9 5 
14 12 4 2 13 10 1 3 15 0 6 8 9 5 11 7 
