10 12 11 8 5 1 2 16 3 6 4 13 9 14 7 15 
12 16 8 6 9 4 13 10 7 2 0 11 14 15 5 3 
3 8 12 1 7 4 14 0 9 13 5 11 15 16 10 6 
16 10 9 5 14 13 11 4 0 6 15 2 7 12 1 8 
6 12 2 15 5 13 7 8 16 1 11 9 10 14 0 3 
3 2 7 4 6 9 1 14 11 0 10 8 12 16 15 13 
11 1 3 16 2 13 9 8 12 10 14 7 0 4 5 15 
8 6 4 16 3 12 0 9 2 5 14 11 1 13 10 15 
10 16 14 2 12 13 7 3 15 1 9 0 11 4 6 5 
7 5 0 6 15 11 16 3 4 12 14 1 2 8 10 13 
6 11 0 13 5 12 14 16 4 8 9 7 1 3 15 2 
13 6 14 1 2 7 9 16 8 5 3 0 4 10 15 12 
8 1 5 15 16 14 13 0 9 3 2 4 7 6 11 10 
16 7 15 4 6 5 12 9 11 8 3 14 0 2 1 10 
0 8 4 16 15 11 1 7 12 2 5 13 6 3 9 10 
7 13 3 16 10 5 4 1 0 12 11 9 6 14 8 2 
15 14 8 9 4 12 11 2 6 1 13 0 7 10 3 5 
