12 7 14 16 4 11 3 1 5 9 10 8 6 13 15 2 
0 14 15 2 12 3 5 8 6 13 10 4 11 9 7 16 
6 9 5 16 1 10 13 7 11 4 12 3 0 14 8 15 
0 14 2 15 13 11 12 4 7 1 5 16 8 10 6 9 
9 10 16 2 6 8 0 13 3 5 11 12 7 15 14 1 
10 1 6 13 15 4 16 3 2 11 0 12 14 9 7 8 
14 8 13 0 3 15 1 4 5 16 10 11 2 12 7 9 
0 14 9 2 10 12 13 1 6 16 5 8 11 3 15 4 
6 5 12 16 15 7 10 1 9 0 2 14 13 4 3 11 
15 0 1 14 5 4 3 11 16 13 8 6 2 7 12 10 
11 4 13 1 2 9 12 7 5 14 3 15 8 0 6 16 
5 6 0 9 13 3 4 12 16 2 14 8 7 10 15 1 
3 15 1 4 13 6 7 5 10 16 8 9 2 14 0 11 
14 2 9 0 11 4 15 3 7 10 1 6 12 16 5 8 
7 0 12 5 4 3 1 11 16 10 15 2 13 6 9 8 
6 3 11 5 12 9 0 16 7 4 14 2 13 10 8 1 
1 3 13 6 10 4 8 9 2 5 12 7 14 0 11 15 
