2 9 8 5 16 4 1 11 12 10 13 7 3 6 15 14 
10 15 0 9 2 14 13 5 12 4 11 8 6 7 3 16 
3 15 12 9 13 1 4 7 6 10 11 0 14 5 16 8 
6 7 15 11 1 13 16 12 9 2 10 0 4 5 8 14 
11 1 6 16 5 14 12 10 9 8 15 2 3 7 13 0 
6 3 13 0 8 11 4 1 15 14 9 7 10 12 2 16 
12 4 15 7 11 1 0 13 8 10 3 16 5 9 14 2 
3 2 5 4 15 1 9 6 0 8 10 16 12 11 13 14 
5 13 12 7 15 6 1 14 11 4 16 10 2 3 9 0 
3 10 0 2 7 1 4 12 8 14 13 5 15 6 11 16 
5 8 13 3 14 2 0 9 1 12 7 16 15 11 4 6 
9 15 0 13 12 10 2 5 14 16 7 6 1 3 4 8 
5 3 0 13 7 6 1 15 9 10 4 8 14 2 16 11 
1 7 12 15 10 16 4 8 0 11 5 9 6 2 14 3 
3 10 6 1 4 16 11 12 8 9 2 0 5 13 7 15 
5 14 16 13 6 3 12 7 10 2 8 9 0 1 4 11 
10 0 14 9 3 5 8 13 4 6 12 7 11 1 15 2 
