13 16 10 12 9 11 1 8 7 14 4 5 6 3 2 15 
10 0 9 16 7 12 13 8 14 11 15 3 6 2 4 5 
8 1 5 12 7 13 15 6 10 3 4 14 9 0 11 16 
11 7 1 14 12 9 4 16 13 10 2 15 8 0 5 6 
8 7 16 12 11 10 1 5 9 15 13 0 14 2 6 3 
16 2 8 6 15 11 3 4 10 1 13 12 0 7 9 14 
10 13 1 14 8 2 11 5 12 4 16 3 7 0 9 15 
1 5 15 6 0 8 2 14 13 16 12 4 9 10 3 11 
12 6 11 15 7 0 1 10 16 13 9 4 5 14 2 3 
7 11 10 13 15 5 3 16 14 2 12 0 8 4 6 1 
13 16 2 15 3 5 12 9 7 6 1 4 0 8 11 14 
12 8 9 2 16 0 14 7 4 5 1 13 15 3 6 10 
15 1 3 10 7 6 16 4 0 2 8 11 5 13 9 14 
9 4 3 14 6 8 5 2 16 0 7 12 1 15 11 10 
7 6 2 15 1 9 13 10 11 8 5 0 12 4 16 3 
3 5 13 14 0 11 16 2 9 7 4 12 10 8 6 1 
11 10 6 9 2 13 8 14 1 0 3 15 7 5 12 4 
