12 13 7 6 5 16 1 10 8 4 14 2 9 15 11 3 
16 4 13 5 15 6 10 11 2 0 3 7 8 12 9 14 
3 15 8 1 7 0 14 16 9 11 5 4 10 6 13 12 
9 13 14 1 12 4 8 7 16 15 0 5 6 2 11 10 
7 15 14 1 8 6 13 0 10 16 11 5 9 12 3 2 
8 0 6 1 4 14 10 12 9 11 7 13 16 3 15 2 
9 13 1 2 4 3 7 5 15 12 0 10 11 8 14 16 
10 15 9 16 0 4 3 1 12 5 11 13 14 8 2 6 
10 3 0 13 5 7 14 15 12 1 11 2 6 4 16 9 
3 14 6 11 7 1 16 12 4 10 2 15 8 5 13 0 
5 9 3 12 1 11 0 4 6 15 14 8 13 7 16 2 
3 10 14 13 16 4 15 8 1 2 12 5 0 9 6 7 
8 10 16 3 0 9 14 11 7 6 5 1 4 13 15 2 
5 6 8 2 12 0 4 16 11 3 1 14 9 10 7 15 
4 6 9 16 1 13 15 3 2 10 0 5 12 7 11 8 
1 10 9 8 6 12 16 3 11 7 0 2 5 13 4 14 
8 3 5 6 4 1 7 10 12 14 0 2 13 15 9 11 
