11 6 9 7 12 3 2 5 15 10 16 1 4 14 13 8 
2 10 16 12 8 14 0 13 5 3 9 7 4 15 6 11 
10 13 8 6 5 15 11 9 12 0 16 3 7 4 14 1 
14 11 15 0 16 1 12 9 13 6 10 7 8 4 5 2 
14 15 8 5 6 13 10 9 3 2 7 1 11 0 16 12 
14 4 15 9 16 1 2 12 11 0 8 6 7 13 3 10 
3 7 2 1 11 14 15 4 10 13 8 5 9 12 0 16 
0 15 16 3 4 13 12 14 10 1 2 8 11 6 5 9 
3 0 9 15 11 6 13 5 10 16 1 2 7 14 4 12 
15 11 13 14 7 6 16 10 2 5 8 1 0 12 3 4 
11 14 3 13 8 12 2 0 5 9 7 1 16 4 6 15 
14 8 4 15 0 12 3 16 10 2 5 9 13 6 1 7 
0 11 6 8 4 5 14 15 9 1 13 2 7 10 3 16 
3 12 6 11 1 2 7 9 10 4 14 8 5 0 16 15 
9 10 1 2 15 5 11 16 4 13 7 3 12 6 0 8 
6 16 7 9 0 4 10 8 1 5 3 2 14 12 13 11 
9 15 4 3 5 1 2 7 14 10 8 6 11 12 0 13 
