1 7 9 8 15 10 4 11 6 16 5 14 2 13 12 3 
14 12 6 0 2 4 5 11 15 8 3 9 7 10 16 13 
9 6 4 10 16 11 12 7 0 8 1 14 5 13 15 3 
4 11 7 12 15 13 1 16 6 8 0 9 10 14 2 5 
12 11 8 13 5 6 1 0 10 7 14 16 9 3 15 2 
15 4 3 16 8 6 12 13 0 9 14 1 2 11 10 7 
11 1 0 13 2 9 16 5 10 3 12 15 4 7 8 14 
8 11 5 2 16 12 0 10 9 14 15 13 6 4 1 3 
7 3 11 14 0 6 15 12 13 10 9 16 2 4 5 1 
2 13 6 12 7 5 10 1 4 14 15 8 11 0 16 3 
8 7 6 16 13 9 11 4 12 5 1 14 3 0 2 15 
5 7 0 12 16 8 2 1 9 4 3 13 14 10 6 15 
6 5 15 2 4 9 0 13 10 11 3 1 7 14 16 8 
16 5 2 15 12 0 14 7 4 9 10 8 6 11 3 1 
5 15 4 8 12 2 13 1 11 7 16 10 3 9 0 6 
6 10 0 13 9 12 2 7 8 4 3 16 11 5 14 1 
0 5 15 10 8 2 13 7 6 9 1 4 3 14 11 12 
