2 1 13 4 3 14 6 9 15 12 7 16 5 11 10 8 
8 3 12 0 10 2 4 5 6 7 9 11 15 16 13 14 
10 6 12 15 16 13 5 7 8 4 3 9 11 0 1 14 
8 5 4 6 11 16 10 12 7 15 1 9 2 14 0 13 
7 1 3 0 11 9 15 10 13 14 5 6 8 16 12 2 
6 2 0 12 7 11 3 16 10 14 9 13 8 4 15 1 
10 1 5 0 14 11 3 7 9 2 4 12 16 8 13 15 
1 9 10 5 2 13 12 3 0 6 11 16 14 8 4 15 
16 12 11 7 15 13 9 10 14 5 2 4 0 3 6 1 
8 1 5 15 16 14 10 2 6 4 12 7 11 3 13 0 
3 5 12 8 2 13 1 14 7 15 11 16 9 0 6 4 
5 9 6 10 14 4 2 15 16 12 13 8 1 3 7 0 
0 7 5 1 13 4 3 16 15 8 6 11 2 9 10 14 
10 4 3 16 5 0 2 15 9 6 12 7 11 8 1 14 
2 8 0 11 3 13 10 1 6 16 12 5 7 15 4 9 
3 14 2 6 1 0 16 11 4 13 7 8 10 5 9 12 
1 11 3 0 2 14 8 10 9 7 13 12 4 5 15 6 
