3 15 13 10 1 9 12 6 5 7 16 8 14 2 11 4 
9 5 0 4 11 15 6 3 10 8 14 2 13 7 12 16 
8 15 11 1 16 7 12 13 0 4 6 9 10 5 14 3 
14 10 8 2 5 0 16 12 9 4 11 1 6 7 13 15 
9 10 13 3 2 0 16 7 5 8 1 14 6 15 12 11 
16 12 14 13 6 9 4 10 7 3 15 8 1 2 11 0 
10 14 15 8 16 9 7 5 11 1 2 3 4 12 0 13 
15 3 0 1 16 8 2 5 14 13 12 10 11 9 4 6 
1 11 2 15 0 9 5 4 14 10 16 13 12 6 3 7 
2 11 1 14 0 6 12 4 16 13 7 15 3 8 10 5 
3 6 12 0 16 4 9 7 1 13 2 15 5 11 8 14 
0 5 9 10 16 12 2 8 4 13 3 7 15 6 14 1 
6 0 3 16 11 2 5 8 4 13 7 15 10 9 1 14 
3 5 0 7 2 11 4 9 10 12 14 8 15 1 16 6 
2 16 13 5 8 15 1 11 10 12 9 7 6 4 0 3 
4 9 7 13 3 0 12 6 16 1 8 2 11 5 10 14 
4 10 5 9 3 12 0 6 11 1 2 8 15 7 13 14 
