10 12 8 11 16 2 5 1 6 13 4 3 9 15 7 14 
6 12 16 8 10 9 13 4 7 0 2 11 15 3 14 5 
12 8 3 1 7 4 14 0 5 9 13 11 15 16 6 10 
5 10 16 9 14 13 4 11 6 0 15 2 12 8 7 1 
12 6 2 15 13 8 7 5 16 1 11 9 3 0 14 10 
7 2 3 4 6 9 14 1 11 10 8 15 12 16 13 0 
11 1 3 16 9 13 8 2 14 12 7 10 0 15 5 4 
6 4 8 16 0 12 9 3 5 2 11 14 13 15 10 1 
2 10 14 16 13 12 3 15 0 7 1 9 6 11 5 4 
7 5 0 6 15 11 3 16 4 12 14 1 10 8 13 2 
11 15 13 0 14 5 16 12 9 8 4 7 6 2 1 3 
6 13 1 14 9 7 2 16 3 8 5 0 10 12 15 4 
1 8 15 5 16 14 0 13 2 9 4 3 10 6 11 7 
16 7 4 15 5 12 9 6 3 11 8 14 10 0 1 2 
4 16 0 8 11 7 15 1 2 12 13 5 10 9 3 6 
7 13 3 16 4 1 10 5 0 11 12 9 2 8 14 6 
14 8 15 9 11 12 4 2 6 1 13 0 3 10 5 7 
