15 10 16 3 14 2 4 13 8 12 7 9 1 6 11 5 
14 11 6 16 7 10 15 13 5 2 0 8 3 9 12 4 
11 9 0 12 10 6 15 13 14 5 7 3 1 4 16 8 
1 12 15 5 11 14 4 8 9 10 0 13 7 16 2 6 
7 15 3 16 0 6 10 1 11 5 12 2 8 13 14 9 
9 6 7 11 4 1 12 15 10 16 14 2 8 3 0 13 
13 1 3 11 2 0 8 10 14 12 15 16 9 7 4 5 
8 13 10 11 9 6 1 14 3 12 15 2 16 5 0 4 
1 12 13 0 14 11 16 10 4 3 6 5 9 7 2 15 
1 13 5 7 11 2 4 6 3 10 12 14 8 16 0 15 
6 12 3 14 13 11 15 9 2 7 4 1 5 0 16 8 
10 14 7 12 0 4 15 2 8 6 3 5 9 13 16 1 
2 4 5 13 8 14 11 15 7 0 6 10 9 1 3 16 
10 7 0 4 3 11 1 14 8 15 6 9 16 5 12 2 
13 6 12 5 11 0 15 2 7 1 8 10 4 9 3 16 
3 8 2 7 11 0 16 12 4 6 1 14 10 13 9 5 
11 5 10 9 6 14 15 2 4 7 12 13 1 3 0 8 
