11 1 13 3 15 7 6 8 16 12 9 2 14 5 4 10 
4 6 9 11 0 14 15 2 8 10 16 13 12 5 3 7 
16 15 6 13 8 5 14 1 11 9 12 0 3 4 10 7 
7 16 1 6 5 9 13 15 8 2 12 10 0 11 4 14 
12 14 11 15 9 8 10 3 5 1 6 16 2 7 13 0 
3 4 12 13 8 0 11 16 9 7 15 2 6 10 1 14 
12 8 10 5 3 0 1 15 2 16 9 11 14 4 13 7 
14 5 13 8 3 0 9 12 15 4 6 16 10 11 2 1 
10 15 4 9 2 14 16 3 1 6 0 12 5 11 7 13 
4 1 8 7 5 0 15 3 2 10 13 6 16 11 12 14 
12 16 13 4 14 8 3 2 7 1 11 15 6 5 0 9 
16 1 15 10 8 2 4 0 9 14 5 7 13 6 3 12 
7 11 6 2 4 3 15 8 13 10 9 14 5 0 16 1 
0 7 16 3 5 11 15 2 8 6 9 14 10 4 12 1 
13 12 15 1 10 0 6 3 9 16 8 7 11 4 2 5 
4 2 9 1 6 14 16 3 7 11 5 10 8 12 13 0 
3 9 14 1 7 4 0 13 2 6 5 12 10 8 15 11 
