3 13 15 10 12 9 1 6 16 7 8 5 4 2 14 11 
0 5 4 9 3 15 6 11 14 10 2 8 16 12 7 13 
1 15 11 8 16 12 13 7 0 4 9 6 3 5 14 10 
10 8 14 2 5 16 12 0 9 1 11 4 15 6 7 13 
10 9 13 3 16 2 0 7 8 5 1 14 11 15 12 6 
12 13 14 16 9 10 6 4 8 7 15 3 0 2 11 1 
8 14 10 15 9 5 7 16 2 11 1 3 12 4 0 13 
15 0 1 3 5 16 8 2 10 13 12 14 11 6 4 9 
1 11 2 15 4 5 9 0 10 14 16 13 7 6 12 3 
2 11 1 14 0 12 6 4 7 16 13 15 5 8 10 3 
3 12 6 0 16 9 4 7 14 13 15 2 1 5 8 11 
9 5 0 10 2 16 12 8 13 3 4 7 15 6 1 14 
0 6 3 16 1 11 8 2 13 15 7 4 9 5 14 10 
7 0 5 3 11 9 2 4 10 14 8 12 6 15 1 16 
5 16 13 2 15 11 1 8 9 10 12 7 3 0 4 6 
4 7 9 13 12 3 0 6 1 2 8 16 10 11 5 14 
5 9 4 10 3 6 12 0 11 8 1 2 15 14 7 13 
