11 14 2 7 6 3 9 1 5 12 4 16 15 13 10 8 
4 6 0 13 10 7 5 8 12 14 15 3 16 11 2 9 
7 12 9 0 5 8 6 15 10 4 16 13 3 11 1 14 
5 12 14 6 0 11 4 7 2 1 8 10 16 13 15 9 
10 1 2 5 15 9 8 12 7 0 3 16 14 6 11 13 
10 0 7 8 3 13 6 12 11 1 2 9 4 14 16 15 
9 16 13 0 4 12 5 14 8 7 10 11 3 1 15 2 
8 16 14 2 6 15 4 12 10 3 5 1 11 9 0 13 
16 6 0 13 10 15 7 3 12 5 1 11 9 4 2 14 
12 5 0 13 10 7 1 11 6 15 16 3 8 14 2 4 
8 7 15 1 16 9 14 13 12 0 4 11 6 2 5 3 
5 1 4 2 0 8 7 10 6 12 15 3 13 14 9 16 
3 9 1 14 10 4 2 5 0 8 7 11 16 15 6 13 
11 4 7 1 14 9 8 3 2 10 5 16 15 0 6 12 
8 12 3 10 13 15 6 1 9 0 2 7 11 5 16 4 
14 13 4 6 1 0 2 16 5 10 7 11 3 12 8 9 
8 6 9 10 7 15 12 3 13 2 14 1 5 4 0 11 
