16 13 2 6 4 8 10 11 15 3 1 14 12 5 9 7 
2 6 4 5 0 12 11 9 8 7 10 13 15 14 16 3 
6 10 16 9 7 0 12 5 4 13 8 1 3 15 14 11 
0 2 14 1 10 11 8 4 6 5 13 12 15 7 9 16 
7 2 10 3 9 0 14 8 16 11 1 15 12 5 6 13 
0 6 16 3 8 2 10 7 1 13 9 12 14 11 15 4 
4 11 0 13 14 7 9 3 5 12 16 2 1 10 8 15 
15 11 3 14 6 2 0 8 13 10 4 1 12 16 9 5 
3 1 11 15 4 14 13 10 12 7 0 9 2 6 16 5 
0 12 8 4 10 6 13 15 14 5 2 16 11 3 1 7 
9 8 12 13 15 5 14 11 2 4 16 3 7 0 1 6 
14 1 13 0 8 3 10 2 6 9 15 4 16 7 5 12 
11 13 14 1 5 8 2 0 4 7 16 3 6 9 10 15 
3 11 14 1 0 12 15 2 8 7 16 10 9 5 6 4 
6 15 11 5 0 12 8 7 4 2 13 10 9 1 16 3 
9 13 14 1 2 5 3 16 8 10 4 6 11 0 7 12 
9 13 4 12 1 7 5 6 0 3 2 8 10 11 14 15 
