10 13 12 5 11 1 9 8 14 7 4 16 6 3 15 2 
0 16 9 10 12 8 13 7 15 3 11 14 4 2 6 5 
8 5 1 12 13 6 15 7 14 10 4 3 0 16 9 11 
13 11 7 14 12 4 9 16 10 1 2 15 8 5 0 6 
12 8 16 7 11 1 5 10 15 9 0 13 3 6 14 2 
16 8 2 6 15 11 4 3 1 12 10 13 0 7 9 14 
10 13 1 14 8 2 5 11 4 12 16 3 15 0 7 9 
1 5 6 15 8 14 0 2 13 16 4 12 3 9 11 10 
12 6 11 15 1 0 10 7 4 13 9 16 2 14 3 5 
10 13 11 7 12 15 16 3 5 0 2 14 1 8 6 4 
16 13 2 15 12 5 9 3 1 6 4 7 0 11 14 8 
12 8 2 9 0 16 7 14 4 6 5 1 13 10 3 15 
3 10 15 1 4 8 16 6 2 7 0 11 5 13 14 9 
4 9 14 3 8 5 2 6 7 12 16 0 11 15 10 1 
7 6 2 15 10 1 13 9 5 8 11 0 12 4 16 3 
14 5 3 13 16 11 0 2 4 7 12 9 6 10 1 8 
9 10 11 6 13 14 8 2 0 15 1 3 4 12 5 7 
