1 13 6 15 11 12 8 14 10 7 2 3 9 5 4 16 
11 9 13 0 14 7 5 12 10 4 15 6 8 2 16 3 
6 7 10 9 8 15 1 4 16 13 14 12 0 3 11 5 
7 16 0 15 6 11 2 9 8 13 10 4 12 5 1 14 
8 6 2 15 3 11 7 13 10 0 14 1 5 9 16 12 
1 11 0 4 10 9 12 8 7 15 14 3 2 16 6 13 
12 0 14 7 3 10 15 11 4 5 2 16 8 9 13 1 
12 3 9 1 15 16 11 10 2 14 6 5 8 4 13 0 
6 0 16 12 7 13 5 10 3 2 4 11 15 9 1 14 
7 8 16 1 6 4 3 12 5 15 0 13 14 11 2 10 
2 0 8 5 12 6 13 11 15 3 9 14 1 16 7 4 
6 0 9 7 8 5 14 10 4 12 15 2 13 1 16 3 
6 0 4 10 1 7 3 5 13 2 8 9 14 11 15 16 
2 7 1 12 14 8 11 6 0 5 3 15 16 10 4 9 
13 12 15 8 2 10 5 1 0 9 3 16 6 4 11 7 
2 12 0 1 5 14 6 4 11 16 8 7 9 10 3 13 
12 13 3 4 8 5 6 11 15 14 9 7 10 2 1 0 
