8 6 15 2 5 10 13 9 7 4 1 11 14 12 16 3 
7 9 16 3 13 11 8 12 0 2 10 6 4 5 14 15 
6 3 1 4 9 14 13 8 15 5 7 12 10 11 0 16 
5 8 7 12 4 16 2 10 14 11 9 6 15 1 0 13 
7 12 15 16 0 8 1 11 10 14 3 2 6 9 5 13 
4 2 0 13 14 10 11 7 12 1 16 6 15 3 8 9 
12 2 14 1 5 0 15 11 10 9 16 4 13 7 8 3 
5 2 10 12 16 8 13 11 4 0 15 3 6 9 14 1 
7 10 14 15 2 1 5 16 11 13 3 6 0 9 12 4 
16 5 8 14 4 6 11 12 1 15 3 10 7 2 0 13 
14 11 7 2 13 4 12 15 9 8 0 3 6 5 16 1 
1 2 9 12 4 8 0 10 6 14 16 15 13 5 7 3 
11 0 7 10 13 2 3 6 5 4 14 1 15 16 8 9 
16 6 15 0 11 12 1 14 10 8 3 5 9 2 7 4 
15 7 1 13 11 2 16 3 8 12 10 9 6 4 0 5 
8 7 6 4 14 3 0 12 9 11 5 2 16 13 1 10 
10 13 12 6 15 11 3 5 2 8 4 14 1 9 7 0 
