7 2 14 11 1 6 3 9 16 4 5 12 15 8 13 10 
4 6 13 0 7 5 8 10 12 14 15 3 9 11 2 16 
12 0 9 7 8 15 5 6 13 4 16 10 3 11 14 1 
6 5 15 12 11 7 0 4 2 8 10 1 16 14 9 13 
11 2 5 1 9 15 8 12 0 7 16 3 14 13 10 6 
8 10 0 7 13 3 12 6 1 2 9 11 16 15 4 14 
9 16 13 0 5 12 14 4 10 8 7 11 1 3 2 15 
2 14 16 8 15 6 4 12 10 1 3 5 11 9 13 0 
6 16 0 13 10 7 12 15 1 5 3 11 2 4 14 9 
12 5 0 13 7 15 11 10 1 6 16 3 4 14 2 8 
15 7 8 1 16 13 9 14 0 11 4 12 2 5 3 6 
4 2 14 1 8 0 7 10 15 5 12 3 9 16 13 6 
15 3 9 14 2 5 10 4 8 0 11 7 1 6 13 16 
7 1 4 11 14 9 8 3 10 2 16 5 6 12 0 15 
8 12 3 10 15 1 13 6 16 9 0 11 5 2 7 4 
6 14 13 4 1 2 0 16 5 10 7 11 9 3 12 8 
9 6 10 0 7 15 3 12 2 13 1 14 11 5 4 8 
