14 11 7 4 15 12 3 16 13 5 1 9 10 2 8 6 
9 0 3 16 8 13 15 7 4 12 10 2 11 6 14 5 
12 0 8 11 6 14 10 15 3 13 1 7 16 9 4 5 
12 5 2 7 4 6 1 11 16 14 9 15 10 8 13 0 
5 16 13 2 9 6 12 3 11 7 8 1 0 10 15 14 
4 0 1 3 9 15 12 8 2 16 13 6 11 14 10 7 
16 14 0 13 11 1 2 15 12 7 5 3 8 9 4 10 
5 6 13 15 10 4 9 12 0 16 8 1 3 2 11 14 
16 11 7 6 10 15 3 5 9 4 1 14 2 12 0 13 
11 4 12 15 6 14 13 0 1 3 5 10 7 8 2 16 
4 0 2 15 9 11 13 5 14 7 8 3 1 12 6 16 
8 3 9 2 10 13 14 1 6 12 7 0 5 16 15 4 
7 0 6 15 3 9 1 2 11 16 10 13 4 5 8 14 
11 12 8 9 7 0 4 2 5 6 14 1 15 10 3 16 
13 4 3 6 7 11 15 2 8 0 5 9 10 12 1 16 
6 8 5 2 14 4 16 3 1 11 0 12 13 9 10 7 
15 7 13 1 10 5 11 0 4 3 8 6 2 14 12 9 
