10 7 1 3 16 13 4 12 8 6 15 2 9 14 11 5 
10 6 15 4 7 2 14 11 0 8 5 12 13 9 3 16 
0 5 14 1 12 9 13 10 15 16 7 11 8 3 6 4 
2 13 10 12 11 5 16 6 14 0 7 8 1 15 4 9 
2 9 7 6 3 15 14 1 5 12 11 0 8 13 10 16 
4 11 9 8 3 13 14 1 10 0 2 15 12 16 6 7 
11 13 8 2 3 1 10 12 4 16 7 0 5 9 14 15 
2 1 16 9 8 5 15 13 14 12 6 10 4 0 11 3 
4 6 10 14 5 7 13 15 2 1 9 11 12 0 3 16 
1 4 6 7 3 2 5 0 12 13 10 11 8 15 16 14 
11 13 6 3 1 5 8 2 12 14 4 9 0 16 7 15 
7 14 13 10 12 15 4 3 6 9 8 5 16 0 2 1 
7 9 13 0 4 10 5 16 14 6 2 15 1 3 8 11 
10 2 3 5 11 15 14 12 6 4 0 1 8 16 7 9 
15 10 5 16 9 0 11 6 7 8 3 2 13 1 4 12 
2 9 16 3 7 11 4 12 6 13 5 1 14 8 10 0 
15 9 11 1 6 7 5 3 13 2 14 4 0 8 10 12 
