12 15 7 14 4 3 1 11 16 8 5 9 13 2 6 10 
14 0 15 2 12 3 5 11 10 13 6 4 16 7 8 9 
16 6 9 5 8 14 7 10 4 11 12 3 15 1 0 13 
0 14 15 2 4 12 13 11 16 1 5 7 10 9 6 8 
10 16 9 2 8 0 13 6 3 5 12 11 7 1 14 15 
13 10 3 6 1 16 15 4 12 2 11 0 9 8 7 14 
8 0 1 14 4 15 16 3 11 5 10 13 2 12 7 9 
11 2 0 14 12 10 13 1 5 8 6 16 15 9 3 4 
16 12 5 6 15 10 1 7 14 0 2 9 3 11 4 13 
0 15 14 1 3 4 11 5 8 16 13 12 10 6 7 2 
4 11 1 6 12 2 7 9 15 14 5 3 16 8 0 13 
5 16 9 6 12 3 10 13 14 0 8 2 7 4 1 15 
4 15 3 1 5 6 13 7 10 16 9 8 0 2 14 11 
0 14 9 2 6 4 15 3 10 7 8 1 5 12 11 16 
0 5 12 7 4 11 3 1 16 10 2 15 9 6 13 8 
5 12 11 3 6 7 9 16 0 4 14 2 13 10 1 8 
3 6 13 1 10 8 14 9 12 7 2 5 4 15 11 0 
