13 9 5 3 6 14 16 8 4 11 12 10 7 1 15 2 
0 12 16 11 13 4 6 14 8 7 15 3 5 9 2 10 
6 9 14 4 3 13 8 11 0 16 10 12 1 5 15 7 
14 10 13 9 15 5 4 11 2 12 16 1 6 7 8 0 
13 15 3 16 10 8 0 5 12 6 14 1 11 7 9 2 
7 15 6 1 10 11 2 12 3 13 9 4 0 14 16 8 
16 13 4 14 10 7 15 2 1 0 5 12 3 9 11 8 
2 6 16 4 5 1 0 13 9 15 3 8 12 11 10 14 
0 3 15 5 1 7 9 11 16 14 12 10 13 2 4 6 
11 7 15 13 5 1 10 12 8 3 4 2 0 14 16 6 
6 15 8 4 11 5 9 16 2 3 13 0 7 12 14 1 
10 4 7 1 13 9 16 3 12 5 0 14 6 8 15 2 
15 1 4 6 2 7 14 10 16 8 0 13 3 9 5 11 
16 0 14 1 4 3 5 15 12 10 11 7 8 2 6 9 
9 1 4 15 10 7 8 2 6 5 0 13 11 12 16 3 
7 12 11 1 4 0 3 16 2 6 8 10 9 13 5 14 
2 7 3 12 15 1 4 11 9 8 6 5 10 14 13 0 
