2 6 14 1 9 13 3 15 12 7 16 4 5 11 8 10 
3 12 6 0 4 10 8 2 9 7 16 5 13 14 11 15 
5 1 15 10 7 13 3 16 9 4 14 8 0 6 12 11 
8 5 11 6 16 12 10 4 7 1 9 15 14 2 13 0 
12 10 7 0 16 11 9 15 6 14 5 13 3 8 1 2 
9 12 6 2 11 7 16 3 10 14 13 0 15 4 1 8 
15 10 1 5 14 7 11 3 4 9 12 2 8 16 13 0 
10 1 5 9 12 3 2 13 11 0 16 6 14 8 4 15 
5 4 11 12 13 9 15 2 10 7 3 16 6 0 14 1 
3 8 6 5 16 2 12 10 13 15 11 4 7 0 1 14 
12 5 15 3 2 0 1 14 16 11 7 8 6 9 4 13 
6 9 10 5 4 14 2 15 12 16 8 13 7 3 1 0 
0 10 5 7 16 11 4 13 8 15 6 3 9 2 14 1 
4 14 3 16 0 5 15 2 6 9 7 12 11 8 1 10 
0 12 8 16 4 1 10 13 11 5 6 2 3 7 15 9 
3 9 14 6 0 16 1 11 12 7 13 8 5 10 2 4 
8 11 3 1 10 9 2 15 6 7 13 0 12 5 4 14 
