6 16 12 13 3 1 9 15 14 7 5 4 2 11 8 10 
0 9 8 12 11 10 16 13 3 7 15 5 14 4 2 6 
1 16 5 8 13 15 6 7 4 9 14 10 0 12 11 3 
5 7 1 14 10 16 4 12 15 6 9 13 8 2 0 11 
0 12 8 10 6 11 5 1 15 7 9 13 2 14 16 3 
9 8 6 16 13 4 3 11 10 12 1 14 7 0 15 2 
5 9 10 1 11 2 8 13 4 12 3 16 0 14 15 7 
5 10 8 1 12 3 13 2 11 0 6 16 15 4 14 9 
4 3 12 11 2 7 13 9 5 1 10 6 16 15 14 0 
10 5 11 0 3 16 2 15 13 12 14 1 7 4 8 6 
15 3 6 12 9 5 0 13 2 7 16 11 8 4 14 1 
9 8 1 2 14 4 15 7 13 12 5 16 6 10 0 3 
1 15 11 0 4 9 16 6 2 10 3 8 7 14 13 5 
3 9 4 14 6 5 2 0 16 7 12 8 10 1 11 15 
12 0 2 15 13 1 4 9 6 5 8 11 7 10 16 3 
14 3 5 13 16 2 11 0 4 7 9 12 8 10 6 1 
3 11 1 10 4 8 14 15 9 7 0 6 2 12 5 13 
