6 2 1 14 3 9 13 15 4 12 7 16 11 10 8 5 
11 12 0 6 4 8 10 2 5 16 9 7 3 14 15 13 
5 15 1 10 13 7 16 3 4 8 14 9 11 12 6 0 
6 5 8 11 4 16 12 10 7 15 9 1 2 14 0 13 
0 7 10 12 16 15 9 11 5 6 14 13 8 3 1 2 
6 9 2 12 7 11 16 3 14 10 13 0 15 8 4 1 
15 5 10 1 11 3 7 14 9 12 2 4 16 8 0 13 
1 5 10 9 12 2 3 13 16 0 11 6 14 4 15 8 
5 11 4 12 9 13 2 15 10 7 16 3 6 0 1 14 
5 11 6 3 16 10 12 2 8 4 13 15 7 0 14 1 
12 5 3 15 2 0 1 14 7 11 8 16 4 6 13 9 
6 9 10 5 14 4 15 2 13 8 16 3 0 7 12 1 
5 0 10 7 4 16 11 13 8 15 3 6 2 9 14 1 
14 4 16 3 0 8 15 2 6 9 12 7 5 10 1 11 
0 12 8 16 13 4 1 10 2 5 11 6 15 7 9 3 
14 3 6 9 11 0 1 16 13 12 7 8 10 5 2 4 
3 1 11 8 9 10 2 15 7 6 0 13 4 14 12 5 
