2 3 4 9 13 6 1 14 15 12 7 16 10 5 11 8 
12 6 0 13 10 15 9 4 3 11 5 7 14 8 2 16 
4 5 10 6 16 7 13 12 11 14 8 15 0 1 9 3 
8 4 6 2 12 5 10 14 9 0 7 1 11 15 16 13 
1 3 2 5 6 9 10 0 11 15 12 13 8 14 16 7 
0 6 2 1 7 10 11 16 13 3 9 14 8 15 12 4 
10 0 1 12 5 7 11 4 13 9 3 2 14 15 8 16 
12 5 9 13 1 3 10 2 16 0 11 6 15 4 8 14 
12 16 10 1 9 11 0 13 14 5 15 4 3 6 7 2 
15 8 5 1 14 16 10 7 12 4 2 6 3 11 13 0 
1 5 7 0 12 13 14 2 11 16 15 8 4 6 9 3 
9 10 6 0 14 4 2 15 8 13 12 16 5 1 7 3 
5 0 1 4 7 13 3 16 8 15 11 6 9 2 10 14 
3 10 6 0 7 5 15 16 2 12 11 9 4 8 1 14 
8 3 2 0 10 4 9 1 16 6 12 11 15 5 7 13 
2 8 5 3 0 1 4 16 7 6 11 12 14 10 9 13 
6 3 10 9 14 15 13 0 12 7 11 8 4 2 1 5 
