4 2 6 3 13 9 14 1 12 15 16 7 5 11 8 10 
12 0 8 3 15 10 5 4 6 7 11 9 13 14 2 16 
15 6 10 5 16 7 12 13 8 4 3 9 0 11 14 1 
16 4 6 8 10 5 12 11 15 1 7 9 2 14 0 13 
2 5 3 1 6 14 9 10 12 13 7 11 16 15 0 8 
6 0 1 2 11 7 3 16 13 9 14 10 4 8 15 12 
0 8 10 12 5 11 4 7 13 3 2 9 15 16 14 1 
10 9 5 1 13 3 2 12 0 6 11 16 15 14 8 4 
16 7 11 12 10 9 15 13 4 5 14 1 3 2 6 0 
15 5 1 8 7 14 16 10 2 6 4 12 11 3 0 13 
5 8 3 0 1 14 2 13 12 15 11 16 7 6 9 4 
0 9 10 6 14 4 2 15 8 12 16 13 3 1 7 5 
0 4 5 1 7 13 3 16 6 15 8 11 10 14 9 2 
7 6 3 16 0 5 2 15 4 9 12 10 11 8 1 14 
0 2 8 9 4 3 1 10 16 6 12 11 7 13 5 15 
3 2 5 8 1 0 4 16 12 7 13 14 9 11 6 10 
11 3 1 10 8 14 2 0 13 9 7 12 15 4 6 5 
