13 12 10 5 8 1 4 6 15 16 7 14 11 2 9 3 
10 7 0 6 11 4 5 12 13 14 2 16 8 3 9 15 
13 16 4 12 0 3 7 6 1 8 15 10 11 14 9 5 
9 0 7 5 14 8 4 12 1 11 2 13 15 16 6 10 
8 12 13 7 5 10 11 1 0 16 9 15 3 6 2 14 
11 15 13 7 14 8 3 4 6 1 10 12 9 2 0 16 
11 1 13 0 4 2 16 5 14 3 12 10 15 9 7 8 
12 0 15 2 8 1 6 16 4 3 13 11 5 9 14 10 
11 0 14 1 12 15 3 9 10 16 4 7 2 5 6 13 
7 6 11 10 12 13 14 1 0 15 8 5 2 4 3 16 
16 11 6 12 4 13 9 5 7 2 14 1 0 3 8 15 
14 10 0 4 6 16 7 12 3 5 8 2 1 15 9 13 
1 6 2 15 4 7 8 16 3 10 11 0 9 13 5 14 
0 12 16 3 11 2 5 1 15 9 4 6 14 8 10 7 
15 11 13 8 16 1 9 7 5 3 6 0 12 4 2 10 
2 8 13 3 9 12 1 14 6 11 4 0 10 16 5 7 
8 6 1 0 2 7 14 13 3 10 15 9 12 11 5 4 
