2 9 14 13 16 5 6 8 4 1 12 3 10 11 15 7 
7 8 0 14 6 9 3 16 2 4 11 5 10 15 12 13 
4 8 15 0 13 9 10 3 16 12 14 11 1 5 7 6 
2 11 14 1 10 12 9 7 13 16 4 6 8 5 0 15 
13 15 6 3 11 2 9 7 1 16 8 10 12 0 14 5 
10 6 2 4 3 1 0 11 8 9 13 12 16 14 15 7 
4 9 14 5 16 0 12 1 13 7 15 2 11 8 10 3 
0 13 16 3 15 9 1 11 10 8 12 2 6 4 14 5 
5 14 11 13 9 0 6 10 7 4 15 12 2 1 3 16 
0 11 4 15 12 6 16 2 10 13 1 14 3 5 7 8 
12 7 9 5 4 16 2 15 11 3 6 0 13 8 14 1 
13 5 16 15 1 2 9 8 12 0 6 14 3 7 10 4 
0 7 1 6 13 5 9 11 14 10 15 2 8 4 3 16 
16 7 11 14 15 12 3 1 4 9 8 0 6 5 10 2 
0 10 5 16 3 2 8 7 12 11 13 4 15 6 9 1 
4 1 13 7 11 6 8 14 12 5 2 3 0 10 16 9 
2 7 0 13 6 11 12 8 14 3 15 9 4 1 5 10 
