12 10 13 5 4 8 6 1 7 15 16 14 11 3 9 2 
10 7 0 6 11 12 5 4 13 2 16 14 3 8 9 15 
13 4 12 16 3 6 0 7 1 8 15 10 14 9 5 11 
0 5 7 9 14 12 8 4 13 11 1 2 10 16 15 6 
8 12 7 13 1 10 5 11 16 9 15 0 6 3 2 14 
15 11 7 13 8 3 4 14 12 6 1 10 0 9 2 16 
11 1 13 0 5 4 2 16 3 14 10 12 8 15 9 7 
12 0 2 15 6 1 8 16 3 4 13 11 5 9 14 10 
11 0 1 14 12 3 15 9 16 4 10 7 13 2 6 5 
7 10 11 6 12 13 1 14 15 8 0 5 4 2 3 16 
12 16 11 6 9 4 5 13 7 2 1 14 3 8 15 0 
14 0 10 4 7 12 6 16 8 3 2 5 1 15 13 9 
1 6 2 15 4 8 16 7 10 3 11 0 14 13 9 5 
0 12 3 16 5 2 11 1 4 9 15 6 14 8 10 7 
15 11 7 8 9 12 1 13 3 5 0 6 4 2 10 16 
3 13 2 8 12 9 1 14 4 0 11 6 7 5 10 16 
0 6 1 8 7 2 13 14 10 9 3 15 5 11 4 12 
