6 9 2 11 10 5 3 13 16 4 14 1 15 7 8 12 
2 11 4 16 9 10 6 0 7 15 13 3 14 8 12 5 
9 6 4 14 8 7 1 12 10 13 3 16 15 11 0 5 
15 8 7 12 6 1 16 4 14 5 10 13 0 2 9 11 
8 11 1 14 15 10 13 0 6 2 3 16 5 12 9 7 
16 1 9 8 0 4 12 14 11 15 3 7 13 10 2 6 
16 0 9 1 11 8 2 4 3 5 14 10 15 12 7 13 
5 1 12 13 11 2 4 16 3 6 14 0 9 15 10 8 
6 4 16 11 0 2 1 14 12 7 3 13 9 15 5 10 
12 2 14 1 13 4 16 3 11 15 7 5 6 10 0 8 
1 6 9 8 11 4 5 13 12 7 0 15 14 2 3 16 
7 13 8 12 3 5 0 4 1 9 15 10 14 2 6 16 
0 1 16 3 10 13 7 5 4 14 11 15 9 8 6 2 
9 12 0 1 16 11 8 6 4 14 15 2 7 10 3 5 
0 3 5 6 13 10 4 16 9 2 7 11 8 1 15 12 
3 4 14 13 2 12 1 16 10 11 0 6 9 7 5 8 
12 14 2 4 10 1 13 3 8 0 6 15 9 11 5 7 
