13 12 2 5 14 7 8 10 4 16 6 11 9 1 3 15 
15 10 6 0 3 5 9 11 12 7 4 16 8 14 13 2 
3 5 14 1 9 16 6 12 0 15 8 11 7 13 10 4 
9 8 2 15 0 5 4 1 16 7 6 14 13 10 11 12 
5 14 10 2 3 9 0 13 12 7 15 16 1 6 11 8 
4 15 1 14 11 12 6 9 16 10 8 13 7 2 0 3 
5 9 8 1 2 11 4 3 10 7 0 13 16 12 14 15 
9 6 2 0 8 5 1 12 14 11 10 16 4 13 3 15 
12 4 9 7 3 1 0 11 14 2 13 16 10 6 15 5 
13 4 15 2 10 12 8 0 11 7 14 1 5 6 16 3 
5 6 16 0 12 8 3 13 7 1 2 15 14 4 11 9 
15 8 9 12 2 4 10 5 3 0 7 14 6 13 1 16 
13 14 6 8 10 2 4 1 15 11 0 5 9 7 16 3 
16 0 5 8 3 14 2 15 1 4 10 12 9 11 6 7 
11 8 13 16 3 0 12 4 6 5 1 7 10 9 15 2 
14 7 8 10 13 9 3 5 11 1 2 16 0 12 6 4 
13 15 11 6 1 12 10 3 4 9 0 14 2 5 7 8 
