12 10 13 5 9 8 11 1 14 7 16 4 3 6 15 2 
9 0 10 16 8 13 7 12 15 14 11 3 5 4 2 6 
12 8 1 5 15 7 13 6 3 10 14 4 16 11 9 0 
13 11 7 14 9 16 12 4 10 1 15 2 6 8 0 5 
16 8 12 7 1 11 5 10 9 15 0 13 6 14 2 3 
2 16 6 8 11 15 4 3 12 10 1 13 7 9 14 0 
11 13 14 1 10 5 8 2 4 12 3 16 9 7 15 0 
6 5 1 14 8 0 15 2 12 4 13 16 10 9 3 11 
12 15 11 6 10 0 1 7 4 9 16 3 2 13 5 14 
11 7 10 13 12 15 3 16 5 0 14 2 4 8 1 6 
13 2 14 16 9 5 12 3 4 7 1 6 15 11 0 8 
2 9 8 12 7 14 0 16 6 4 1 5 15 13 10 3 
15 1 14 3 16 8 6 4 2 11 0 7 13 9 10 5 
9 3 4 14 8 2 5 6 7 0 12 16 15 1 11 10 
8 6 15 2 12 13 9 1 7 0 11 5 10 4 16 3 
14 5 13 3 2 0 16 11 7 12 4 9 8 1 6 10 
10 11 9 6 8 14 13 2 15 0 1 3 7 12 4 5 
