13 14 11 8 9 2 16 3 4 10 7 5 15 1 12 6 
3 9 13 0 2 5 6 7 11 4 10 14 8 15 12 16 
9 0 6 15 11 14 8 10 4 3 12 13 7 1 16 5 
7 6 4 14 12 5 11 1 9 16 10 2 15 8 0 13 
10 14 9 2 11 5 7 13 1 6 3 15 16 0 12 8 
10 2 12 8 9 16 13 0 4 1 11 7 3 15 6 14 
8 14 2 15 10 13 12 16 7 4 9 0 5 1 11 3 
16 15 0 13 4 5 1 11 6 14 8 12 10 9 2 3 
5 10 4 9 12 7 2 0 15 11 16 3 6 13 1 14 
5 11 8 1 2 7 10 12 0 4 16 3 13 14 15 6 
14 2 6 7 9 3 13 0 16 15 8 12 1 11 5 4 
3 1 15 4 7 8 13 5 10 0 9 16 2 12 6 14 
9 15 0 13 4 1 16 3 5 8 14 2 11 6 10 7 
0 9 16 3 11 8 14 6 12 1 15 2 4 5 10 7 
8 0 6 1 10 12 3 9 16 4 13 15 11 2 5 7 
11 1 8 4 12 14 2 10 9 5 16 3 6 7 13 0 
2 10 9 5 14 6 15 12 1 11 4 8 3 7 0 13 
