10 12 15 5 8 4 14 1 7 13 16 6 2 11 9 3 
16 15 0 13 8 7 4 12 10 14 9 11 2 6 3 5 
8 1 13 0 6 7 12 4 3 10 14 15 5 16 11 9 
5 16 14 7 4 9 12 8 13 2 1 11 15 6 0 10 
12 13 16 7 11 5 10 1 9 8 15 0 2 14 6 3 
6 13 4 8 14 15 3 7 2 1 12 10 11 9 0 16 
9 1 0 11 10 4 2 5 14 12 16 3 13 7 15 8 
0 12 1 14 8 2 6 5 13 3 15 4 10 16 9 11 
11 0 1 6 7 15 10 12 9 4 16 3 2 14 5 13 
8 2 7 10 12 15 16 3 14 11 0 13 5 4 6 1 
14 16 9 6 3 5 13 12 7 4 2 1 0 8 11 15 
8 12 2 9 0 7 16 1 3 5 14 4 10 6 15 13 
1 6 2 15 7 16 4 8 0 11 14 3 13 9 5 10 
9 1 16 3 6 5 2 15 4 12 11 0 7 14 8 10 
15 3 8 11 13 12 1 9 6 0 7 5 2 4 16 10 
9 14 3 13 0 2 1 16 12 7 4 5 6 8 10 11 
9 11 6 7 10 2 13 14 1 15 8 3 0 12 5 4 
