14 9 13 4 1 11 5 3 8 2 7 10 6 16 15 12 
16 10 13 12 8 3 15 4 0 6 7 11 5 14 9 2 
7 14 6 10 1 9 16 5 11 3 0 13 4 8 12 15 
5 9 12 10 0 15 14 1 8 7 13 16 11 4 2 6 
5 13 15 2 14 8 12 3 6 10 16 9 0 7 1 11 
6 14 10 11 12 9 0 8 1 13 15 2 7 4 16 3 
15 5 14 12 2 3 7 0 16 4 11 9 10 13 8 1 
12 5 8 16 15 3 13 0 2 9 6 10 11 4 1 14 
2 0 5 10 9 15 3 12 4 11 14 1 16 13 6 7 
10 8 3 16 7 15 6 1 14 5 0 13 12 11 4 2 
7 6 12 4 11 5 15 13 0 14 3 16 8 1 9 2 
4 5 6 0 14 7 12 9 3 8 10 13 1 16 2 15 
4 1 10 13 14 16 15 2 7 6 11 5 9 0 8 3 
15 4 10 6 16 0 1 14 2 8 12 11 5 9 3 7 
2 4 0 3 5 13 8 6 10 16 1 12 15 11 9 7 
7 3 2 12 16 10 0 4 1 6 8 11 14 9 5 13 
0 9 4 14 15 1 11 8 2 10 5 7 13 12 6 3 
