5 8 13 12 7 11 15 1 16 14 10 6 4 2 9 3 
14 10 7 6 11 5 12 4 16 2 13 0 15 9 3 8 
0 4 3 6 13 12 7 16 10 5 14 8 11 1 15 9 
7 5 0 2 16 14 11 15 8 9 6 13 10 1 4 12 
7 8 13 12 15 5 0 11 9 10 1 16 3 2 14 6 
13 15 1 4 8 11 10 14 0 6 3 12 2 16 7 9 
11 9 1 0 2 5 16 4 15 12 10 14 13 3 8 7 
0 4 15 2 8 6 3 16 11 5 10 12 13 9 1 14 
11 9 14 13 12 15 3 0 4 16 7 10 6 5 1 2 
10 4 14 6 3 11 13 1 0 15 8 5 16 7 12 2 
6 11 12 2 4 13 9 7 1 5 16 3 8 0 15 14 
15 0 12 10 1 9 8 2 13 3 5 14 4 6 7 16 
1 14 2 15 16 5 0 4 8 13 11 3 6 7 10 9 
14 0 16 3 12 10 2 4 6 5 9 15 8 11 1 7 
0 8 4 10 16 11 7 1 3 12 6 5 9 13 15 2 
13 8 2 3 12 14 9 16 7 0 11 6 5 4 1 10 
8 9 0 10 2 13 5 11 3 1 15 6 4 7 14 12 
