5 10 15 16 13 7 14 2 4 12 9 1 3 6 8 11 
15 7 5 9 11 16 0 13 3 4 6 14 10 8 2 12 
7 0 6 10 12 5 14 1 13 11 9 8 15 4 3 16 
15 9 6 14 5 11 7 16 4 1 13 10 0 8 12 2 
8 7 10 13 16 6 1 5 0 9 3 2 12 15 11 14 
1 16 6 2 7 8 4 15 12 10 11 3 14 9 0 13 
5 12 9 8 15 1 13 16 7 0 3 11 2 10 4 14 
6 5 0 14 9 4 2 11 1 8 15 10 13 12 3 16 
4 12 13 5 6 1 10 11 7 9 3 16 14 0 2 15 
3 14 10 13 15 6 7 12 16 2 8 0 11 4 5 1 
8 1 0 3 4 5 9 2 13 6 11 15 16 12 14 7 
16 15 4 0 9 13 8 6 14 3 10 5 7 1 12 2 
11 14 8 16 9 0 10 5 3 1 15 2 6 13 4 7 
5 12 0 6 1 7 3 9 11 10 2 15 4 14 16 8 
16 10 12 9 3 4 6 8 7 11 5 2 15 1 0 13 
9 10 6 16 4 12 0 11 7 8 14 1 13 3 2 5 
8 5 15 3 13 6 12 2 11 9 1 14 10 7 4 0 
