1 3 2 6 13 14 9 15 12 7 4 16 11 8 10 5 
6 12 0 3 4 10 2 8 16 7 9 5 13 11 14 15 
15 10 14 1 7 13 3 16 5 9 4 8 11 0 12 6 
11 6 5 8 10 12 16 4 15 1 7 9 2 14 13 0 
0 12 7 10 15 9 11 1 14 13 6 5 2 8 3 16 
6 2 9 12 7 11 3 16 14 10 13 0 1 15 4 8 
1 10 15 5 3 7 11 14 4 9 12 2 16 8 13 0 
1 5 9 10 13 12 3 2 16 6 0 11 14 4 15 8 
12 11 5 4 9 13 15 2 7 10 3 16 6 0 14 1 
3 8 6 5 10 16 12 2 15 13 11 4 0 7 1 14 
5 15 12 3 2 0 1 14 8 16 7 11 6 4 13 9 
6 9 10 5 14 4 15 2 8 13 16 12 7 0 3 1 
10 0 5 7 13 11 16 4 6 15 3 8 2 9 1 14 
14 4 3 16 0 5 15 2 7 9 6 12 1 11 8 10 
12 16 0 8 10 1 13 4 6 11 2 5 15 3 9 7 
6 14 9 3 11 1 16 0 12 7 13 8 2 5 4 10 
2 1 3 11 15 9 10 8 7 6 0 13 4 5 12 14 
