1 4 15 2 6 14 9 3 7 16 13 12 5 10 8 11 
12 3 0 8 4 10 2 5 16 7 9 6 11 14 15 13 
15 10 14 1 7 13 3 16 9 4 5 8 0 6 12 11 
8 11 5 6 12 4 10 16 9 7 15 1 14 2 13 0 
0 7 10 12 11 1 15 9 13 5 14 6 8 2 16 3 
12 6 2 9 11 7 3 16 10 14 13 0 4 1 15 8 
1 0 5 10 11 3 7 14 12 4 9 2 16 15 13 8 
9 5 1 10 2 13 12 3 11 16 6 0 4 15 8 14 
12 7 16 11 13 9 10 15 14 2 4 5 6 3 0 1 
15 8 5 3 12 2 16 10 6 13 11 4 7 0 14 1 
15 3 8 12 13 2 14 1 7 16 11 5 4 0 9 6 
5 10 9 6 14 4 15 2 16 8 13 12 3 7 1 0 
7 0 5 10 13 4 16 3 6 11 8 15 2 14 1 9 
14 4 3 10 5 0 2 15 7 12 6 9 1 8 16 11 
8 2 11 0 10 1 4 13 6 16 5 12 7 3 9 15 
2 3 6 14 16 1 11 0 7 8 13 12 4 10 9 5 
3 11 1 9 10 8 2 15 12 7 13 0 4 6 5 14 
