15 5 12 10 8 4 1 14 16 7 6 13 9 11 2 3 
16 15 0 13 4 8 12 7 11 10 9 14 2 5 3 6 
8 1 0 13 4 7 12 6 3 10 14 15 16 5 9 11 
5 16 7 14 4 9 12 8 1 11 2 13 10 15 6 0 
13 16 7 12 1 10 5 11 0 15 8 9 14 2 6 3 
6 4 8 13 3 14 15 7 10 1 12 2 16 11 9 0 
9 11 2 1 5 0 4 10 14 12 16 3 15 8 7 13 
12 0 14 1 2 5 8 6 4 13 3 15 10 11 16 9 
6 1 0 11 10 7 15 12 4 9 3 16 14 2 5 13 
10 2 7 8 15 12 16 3 11 5 13 0 4 6 14 1 
6 14 9 16 13 12 5 3 1 4 2 7 8 11 0 15 
9 8 2 12 7 0 1 16 4 14 5 3 13 15 10 6 
1 6 15 2 16 8 7 4 11 0 3 14 5 9 13 10 
1 4 16 3 6 5 15 2 11 12 0 9 7 8 14 10 
3 15 8 11 12 9 13 1 5 7 0 6 2 4 16 10 
9 13 14 3 16 2 1 0 5 4 12 7 10 6 11 8 
11 6 7 9 13 14 10 2 3 15 8 1 0 4 12 5 
