12 1 5 8 4 10 3 16 11 14 2 15 7 9 6 13 
10 8 2 13 0 11 6 5 15 7 14 12 4 9 16 3 
0 16 14 1 12 3 13 4 15 9 5 6 7 11 8 10 
2 14 7 4 0 15 8 10 16 11 6 13 9 12 5 1 
3 6 0 7 1 11 15 2 12 8 13 16 10 5 9 14 
2 12 16 3 4 7 14 15 10 0 1 6 13 9 8 11 
13 5 3 1 11 16 15 9 10 7 8 4 14 0 12 2 
14 10 9 13 4 6 1 12 11 16 8 0 5 3 15 2 
11 12 15 4 16 10 9 2 5 7 0 13 3 6 1 14 
14 0 8 3 16 15 7 1 2 6 4 13 12 5 11 10 
7 3 6 11 5 16 2 15 0 14 12 9 4 1 8 13 
7 2 1 10 6 8 14 16 0 3 9 5 12 13 15 4 
10 14 11 5 16 1 13 7 3 15 6 8 0 4 9 2 
10 6 2 15 1 9 4 0 11 3 7 12 14 8 5 16 
11 1 3 15 12 16 10 0 5 2 13 4 7 9 8 6 
9 11 4 13 10 3 1 14 0 2 8 12 5 16 7 6 
12 6 4 10 7 1 2 8 9 3 11 14 15 5 13 0 
