8 12 1 5 4 10 16 3 11 14 2 15 7 9 13 6 
2 13 8 10 0 11 5 6 12 7 15 14 9 4 3 16 
0 16 14 1 13 12 3 4 5 9 15 6 8 10 11 7 
14 2 4 7 10 8 15 0 16 11 6 13 1 12 9 5 
7 3 6 0 1 11 15 2 12 8 13 16 9 10 5 14 
12 2 16 3 4 14 7 15 10 6 1 0 13 11 9 8 
5 13 1 3 16 9 11 15 8 10 7 4 12 2 14 0 
9 14 10 13 6 1 4 12 11 8 16 0 3 5 2 15 
15 4 12 11 2 9 10 16 7 5 0 13 3 6 1 14 
0 8 14 3 7 16 1 15 13 2 6 4 12 10 5 11 
11 6 7 3 5 16 15 2 14 9 12 0 13 1 8 4 
7 2 1 10 16 8 14 6 5 0 3 9 13 12 15 4 
10 5 11 14 16 13 1 7 3 8 15 6 9 2 0 4 
10 6 2 15 1 0 9 4 3 7 11 12 14 8 16 5 
1 15 3 11 0 10 12 16 13 4 5 2 7 9 6 8 
11 4 13 0 10 3 14 1 9 2 12 8 7 16 5 6 
12 10 4 6 7 2 1 8 9 14 11 3 15 5 0 13 
