15 6 8 12 9 13 2 10 4 11 1 7 5 14 16 3 
9 7 15 5 10 11 13 16 8 2 0 12 14 3 6 4 
6 8 1 10 9 13 14 15 4 16 7 0 5 3 11 12 
12 13 4 2 14 7 10 5 6 0 16 11 1 9 8 15 
14 15 12 7 8 0 1 11 10 9 3 16 5 6 2 13 
4 14 2 8 11 7 10 0 6 16 9 12 15 13 3 1 
9 16 8 2 15 11 0 5 4 10 14 1 13 3 12 7 
12 10 5 2 11 9 8 16 1 4 3 15 14 6 13 0 
12 10 2 15 7 16 14 1 5 6 11 3 9 4 13 0 
14 4 2 11 8 5 3 16 6 7 13 1 12 10 15 0 
6 11 2 15 13 5 14 8 12 7 4 3 0 1 16 9 
8 9 4 7 0 3 14 2 12 15 6 16 10 1 13 5 
15 7 0 14 4 16 2 5 9 1 6 10 11 8 13 3 
5 6 0 9 12 11 14 1 3 8 15 10 4 7 2 16 
13 15 16 11 7 9 2 3 12 5 1 8 6 4 0 10 
3 6 10 7 2 14 8 0 11 9 5 4 13 1 16 12 
8 7 4 6 9 3 15 2 10 12 14 11 5 1 0 13 
