10 11 16 3 12 1 2 4 7 8 6 14 15 5 13 9 
7 3 0 11 6 13 2 9 4 8 16 15 10 5 14 12 
10 14 7 15 12 3 8 6 16 1 13 0 5 4 9 11 
7 4 0 13 5 10 6 8 2 14 9 16 12 15 1 11 
15 12 3 13 1 9 6 10 2 14 8 11 7 0 5 16 
10 12 11 16 9 3 7 4 6 15 14 1 8 2 0 13 
8 1 14 11 2 4 5 13 9 0 10 3 15 16 7 12 
10 13 12 11 0 5 8 2 9 3 1 14 6 16 4 15 
3 5 15 2 11 9 4 6 0 16 7 12 10 13 1 14 
6 11 0 15 7 8 13 12 2 1 10 4 5 14 16 3 
4 13 14 7 8 9 5 12 15 11 0 1 6 2 16 3 
10 5 6 13 4 3 14 15 0 16 1 8 9 2 7 12 
7 10 15 2 6 14 13 0 3 8 1 4 9 5 11 16 
10 8 16 9 4 11 12 14 3 6 7 1 5 0 15 2 
11 7 1 2 0 16 4 10 13 9 8 15 6 5 3 12 
12 6 4 0 11 10 13 3 9 5 7 1 2 14 16 8 
3 2 11 13 0 9 12 14 5 7 6 1 4 10 15 8 
