13 10 12 5 1 11 9 8 14 7 4 16 3 6 15 2 
9 0 10 16 13 8 12 7 14 3 15 11 2 4 5 6 
12 8 5 1 13 6 7 15 3 4 14 10 11 9 16 0 
13 7 14 11 12 4 9 16 10 1 15 2 6 8 5 0 
7 8 16 12 11 1 5 10 9 15 0 13 3 14 2 6 
2 8 16 6 4 15 3 11 12 10 1 13 9 0 14 7 
11 13 1 14 5 10 8 2 4 12 3 16 15 9 0 7 
5 6 1 15 14 2 0 8 4 12 13 16 11 10 3 9 
12 11 15 6 1 7 0 10 3 16 4 9 13 5 14 2 
13 7 11 10 12 15 16 3 2 5 14 0 6 4 8 1 
13 16 15 2 5 3 12 9 7 6 1 4 0 11 14 8 
2 8 12 9 7 16 0 14 5 4 1 6 13 15 3 10 
10 15 3 1 4 8 16 6 7 2 0 11 14 9 5 13 
4 14 9 3 2 8 5 6 0 12 16 7 11 10 15 1 
6 7 15 2 10 13 9 1 8 5 0 11 12 4 3 16 
3 5 13 14 2 11 0 16 12 7 4 9 8 10 6 1 
10 11 9 6 14 2 13 8 3 15 1 0 4 5 12 7 
