13 6 14 1 15 9 16 3 12 7 5 4 8 2 10 11 
11 6 0 12 10 8 2 16 13 15 3 7 4 14 9 5 
8 5 16 1 15 6 13 7 9 10 4 14 0 3 12 11 
11 7 1 5 12 10 16 4 9 15 6 13 2 8 0 14 
0 12 10 15 6 11 1 5 9 7 14 8 13 2 16 3 
9 13 12 6 4 11 3 16 8 10 1 14 0 7 2 15 
5 10 1 15 11 8 2 13 9 4 12 3 0 7 14 16 
10 16 9 5 3 2 13 12 6 11 0 1 14 8 15 4 
5 12 4 11 7 2 9 13 1 3 10 6 0 15 16 14 
6 10 11 5 3 16 15 2 13 12 14 1 7 0 4 8 
8 15 0 6 13 3 14 5 2 7 16 11 9 4 1 12 
2 5 1 9 14 15 4 7 13 12 16 8 6 0 10 3 
15 5 0 9 4 16 1 6 2 10 3 8 14 7 13 11 
14 4 9 3 6 0 15 2 7 16 8 12 1 11 5 10 
0 12 15 2 4 10 1 13 8 11 6 5 7 9 16 3 
13 14 3 5 2 11 16 0 8 7 12 9 1 6 10 4 
10 1 3 11 14 9 2 15 0 6 7 8 13 4 12 5 
