10 5 11 14 7 8 13 15 6 2 16 9 4 1 3 12 
11 15 3 16 10 13 7 12 4 14 8 2 5 9 6 0 
13 9 14 1 11 6 8 5 4 0 16 3 12 10 15 7 
6 12 13 0 14 11 16 4 5 9 15 2 1 7 10 8 
3 7 0 15 9 11 2 8 14 13 16 12 5 1 6 10 
8 4 10 12 11 6 15 13 7 1 9 16 3 14 0 2 
12 2 14 1 7 4 11 9 15 0 16 10 3 5 13 8 
10 0 1 14 13 3 6 2 11 5 16 8 12 4 9 15 
3 12 7 9 15 6 14 4 5 16 1 0 11 10 2 13 
11 12 0 2 1 8 3 6 5 15 10 14 7 13 16 4 
2 16 12 5 3 4 1 11 6 14 7 9 15 8 13 0 
14 3 12 8 0 4 10 6 13 9 1 5 7 16 15 2 
7 14 3 5 6 1 15 2 9 10 8 16 11 4 13 0 
11 1 12 15 7 4 2 5 6 10 3 16 0 8 9 14 
1 11 0 7 10 4 13 2 15 9 5 3 16 6 12 8 
7 2 8 0 11 9 10 3 16 13 1 14 6 5 4 12 
13 3 10 2 11 6 14 7 8 15 1 4 9 5 0 12 
