3 9 4 2 6 13 14 1 16 7 15 12 5 8 11 10 
6 12 0 13 15 4 9 10 7 11 3 5 16 8 14 2 
6 4 5 10 7 12 16 13 8 14 11 15 0 9 3 1 
8 2 4 6 10 5 14 12 9 0 7 1 16 13 11 15 
3 1 5 2 9 6 0 8 11 15 13 12 7 14 10 16 
0 2 6 1 7 10 16 11 9 13 3 14 4 15 8 12 
12 1 0 10 11 5 4 7 9 3 2 13 15 14 8 16 
13 12 5 9 10 3 2 15 6 16 0 11 4 8 14 1 
16 1 12 10 9 11 0 13 15 4 14 5 3 2 6 7 
15 1 8 5 14 16 10 7 6 12 2 4 11 3 0 13 
5 1 7 0 2 12 14 13 11 16 8 15 9 4 3 6 
10 9 6 0 4 14 2 15 16 12 8 13 1 5 7 3 
4 5 0 1 13 7 16 3 15 11 6 8 10 14 2 9 
3 0 6 5 10 15 7 16 11 12 9 2 4 8 14 1 
0 5 3 2 9 4 10 1 11 6 16 12 15 8 13 7 
2 5 8 3 0 16 1 14 11 7 6 12 10 4 13 9 
5 3 9 10 15 14 13 0 8 7 12 11 2 6 1 4 
