16 9 6 8 4 11 10 15 3 14 1 5 7 2 12 13 
6 12 14 13 4 10 16 11 7 5 15 3 8 2 9 0 
4 9 11 10 16 12 6 7 1 8 13 0 5 14 3 15 
4 7 12 11 13 15 1 6 14 0 16 8 5 2 9 10 
13 7 6 12 10 0 11 16 5 8 14 1 9 3 2 15 
4 14 16 15 12 2 13 0 8 10 9 3 6 7 1 11 
13 1 2 5 16 11 14 15 3 4 10 12 9 8 7 0 
8 0 5 2 6 12 16 11 13 3 1 9 15 4 10 14 
10 7 13 0 12 6 2 16 14 3 11 9 1 15 4 5 
13 10 1 14 0 11 4 5 6 15 8 3 2 7 16 12 
9 8 12 7 6 0 11 4 13 3 5 15 16 2 1 14 
10 16 0 12 4 6 7 2 5 9 8 3 15 13 14 1 
7 14 5 11 1 8 13 2 3 4 15 6 9 0 16 10 
16 2 8 6 10 11 1 14 9 5 15 4 0 3 12 7 
11 16 0 10 12 1 2 13 7 6 8 15 3 4 5 9 
10 6 0 13 7 8 12 2 4 3 1 11 5 14 9 16 
6 10 15 4 2 13 11 3 8 1 12 5 9 14 0 7 
