12 13 10 5 4 6 8 1 7 15 16 14 3 9 2 11 
7 10 6 0 11 12 5 4 16 13 14 2 8 3 9 15 
4 12 13 16 6 3 7 0 1 8 15 10 11 14 9 5 
9 0 5 7 15 14 8 4 1 11 2 13 12 6 16 10 
12 13 8 7 11 1 10 5 15 9 16 0 3 2 6 14 
15 11 13 7 14 8 4 3 10 6 12 1 9 2 0 16 
11 1 13 0 4 5 2 16 12 10 14 3 7 15 9 8 
12 0 15 2 8 16 6 1 3 13 4 11 14 10 5 9 
11 0 14 1 15 9 12 3 10 7 16 4 5 2 6 13 
11 10 7 6 12 13 1 14 0 8 15 5 2 4 16 3 
6 16 11 12 9 4 13 5 2 7 1 14 15 3 0 8 
0 10 14 4 12 7 6 16 3 2 5 8 13 1 15 9 
6 1 15 2 4 7 8 16 11 3 10 0 13 9 5 14 
12 0 3 16 5 11 2 1 4 15 9 6 8 10 14 7 
13 15 11 8 9 1 16 7 3 5 6 0 4 2 12 10 
2 3 8 13 12 9 1 14 11 6 4 0 7 10 16 5 
6 8 1 0 7 14 13 2 9 3 10 15 11 4 12 5 
