14 5 3 13 9 7 12 8 2 11 16 4 10 15 1 6 
7 10 12 5 9 8 2 15 6 14 0 13 4 11 16 3 
10 5 14 1 4 9 16 12 15 8 13 11 0 6 3 7 
2 11 14 1 16 9 15 8 4 6 13 0 12 10 7 5 
1 16 2 15 11 14 10 0 8 6 9 13 7 5 12 3 
6 9 14 12 8 2 0 1 4 11 13 3 7 15 16 10 
9 1 12 4 11 0 2 3 14 13 10 5 16 15 8 7 
15 11 14 0 8 1 16 2 10 12 5 6 3 4 13 9 
5 7 12 0 9 16 15 2 4 13 11 3 10 6 14 1 
11 5 1 14 4 3 13 10 16 6 2 15 0 8 12 7 
16 8 1 14 12 6 7 5 0 3 15 2 4 13 9 11 
12 14 2 0 4 9 15 16 6 1 8 13 5 3 10 7 
2 4 13 3 5 16 14 11 8 6 1 10 7 15 9 0 
8 16 2 1 9 4 15 12 3 6 14 11 7 5 10 0 
10 16 2 1 12 4 11 15 3 5 8 13 7 0 9 6 
14 4 10 9 7 6 12 0 13 11 5 3 2 1 16 8 
9 7 15 1 12 6 13 2 4 3 8 0 5 11 14 10 
