6 13 14 1 9 15 16 3 5 4 7 12 10 2 11 8 
11 0 12 6 4 10 8 2 3 15 13 7 9 16 5 14 
1 5 10 16 7 15 6 13 8 4 14 9 11 3 0 12 
11 5 7 1 10 12 4 16 9 6 15 13 2 8 0 14 
10 0 12 15 5 1 11 6 8 9 7 14 13 2 3 16 
6 13 9 12 4 11 7 3 10 1 14 8 16 0 15 2 
10 5 1 15 2 8 13 11 12 9 3 4 7 14 0 16 
10 5 9 16 12 13 3 2 1 0 6 11 14 15 8 4 
11 4 5 12 13 9 2 15 1 10 3 6 16 0 14 7 
11 3 6 5 10 16 15 2 13 12 14 1 7 0 8 4 
8 5 3 15 6 14 0 13 16 7 2 11 12 9 1 4 
1 5 9 2 14 4 7 15 13 8 16 12 10 0 3 6 
5 9 15 0 4 6 1 16 2 3 8 10 14 13 7 11 
9 3 14 4 0 6 15 2 16 12 8 7 11 5 1 10 
2 12 16 0 13 10 1 4 11 6 8 5 15 7 3 9 
13 3 6 5 0 1 11 16 9 8 12 7 2 10 4 14 
11 10 1 3 14 9 15 2 0 6 8 7 12 4 13 5 
