6 2 13 11 1 4 10 7 16 14 12 15 9 5 8 3 
13 2 9 16 8 15 10 11 14 3 5 4 6 12 0 7 
6 0 3 14 4 1 15 13 9 5 7 11 8 10 12 16 
6 7 1 2 10 12 0 13 14 15 16 5 8 9 4 11 
6 15 9 1 11 7 16 3 8 2 12 13 5 14 10 0 
1 10 12 15 3 13 6 7 16 2 11 0 8 4 14 9 
0 16 12 9 11 5 4 1 3 10 13 14 7 8 2 15 
3 10 9 12 14 13 16 11 6 15 0 4 1 8 2 5 
2 4 6 10 12 5 11 13 7 15 16 3 9 0 1 14 
6 8 14 16 10 7 2 0 5 12 13 1 4 11 15 3 
11 2 1 14 12 4 7 5 8 15 0 13 6 9 3 16 
9 12 3 8 13 5 6 10 14 0 15 2 4 7 1 16 
16 5 15 2 0 3 11 1 14 13 8 7 4 9 10 6 
5 16 6 4 7 15 10 9 12 2 11 14 8 3 0 1 
2 3 4 13 11 12 15 6 10 8 1 16 0 7 9 5 
8 6 9 11 16 4 0 13 7 12 1 14 3 5 10 2 
10 14 11 7 13 9 1 6 3 12 15 2 4 5 0 8 
