2 13 1 4 3 6 9 14 12 16 15 7 8 5 10 11 
12 8 3 0 10 2 4 5 7 6 11 9 14 15 13 16 
15 5 10 6 7 12 16 13 9 3 4 8 11 0 1 14 
8 5 6 4 12 10 16 11 7 15 1 9 2 14 13 0 
1 3 5 0 6 10 14 9 13 11 7 12 16 8 15 2 
6 12 2 0 7 11 16 3 14 9 10 13 1 8 15 4 
0 12 10 5 4 11 7 14 9 1 2 3 13 8 16 15 
5 9 10 1 2 3 13 12 0 11 16 6 4 14 15 8 
11 12 16 7 10 9 13 15 2 5 4 14 0 6 3 1 
8 15 5 1 7 16 10 14 2 4 6 12 11 3 13 0 
8 3 0 5 13 2 14 1 15 11 7 16 9 6 12 4 
10 6 5 9 4 14 15 2 8 16 12 13 3 7 0 1 
7 5 0 1 4 13 3 16 15 8 11 6 9 10 2 14 
7 6 3 16 0 5 15 2 12 4 9 10 11 8 14 1 
2 8 0 11 13 1 3 10 16 12 6 5 9 4 7 15 
2 14 6 3 1 12 16 0 4 7 13 8 11 5 10 9 
3 10 11 1 8 0 2 14 9 12 7 13 5 4 6 15 
