1 13 11 3 15 6 8 7 9 2 12 16 14 10 5 4 
6 9 11 4 0 14 15 2 13 16 8 10 3 7 12 5 
15 13 14 6 5 8 1 16 0 9 12 11 10 3 7 4 
16 6 1 7 5 13 15 9 2 8 10 12 14 4 11 0 
15 14 11 12 10 8 9 3 5 1 6 16 7 2 13 0 
4 3 13 12 11 16 0 8 7 9 2 15 10 6 14 1 
10 8 12 5 15 0 3 1 16 11 9 2 13 14 7 4 
14 5 8 13 9 12 0 3 15 4 6 16 10 1 2 11 
9 4 10 15 14 2 16 3 1 0 12 6 5 11 7 13 
4 1 8 7 0 3 5 15 6 2 10 13 14 11 16 12 
4 13 12 16 8 3 14 2 11 7 1 15 5 0 6 9 
15 1 16 10 8 0 2 4 14 9 7 5 12 3 13 6 
2 6 13 11 8 3 15 4 10 7 9 14 16 0 1 5 
0 7 16 3 11 5 2 15 8 6 14 9 1 10 12 4 
1 12 13 15 6 3 10 0 8 16 7 9 4 11 5 2 
4 1 2 9 14 6 3 16 10 7 11 5 8 12 0 13 
3 9 1 14 4 7 0 13 5 6 12 2 11 15 8 10 
