11 8 10 12 16 1 2 5 6 4 13 3 14 15 7 9 
12 8 6 16 13 10 9 4 2 11 0 7 15 14 5 3 
1 3 8 12 7 0 14 4 13 5 9 11 16 10 15 6 
10 9 16 5 11 13 4 14 0 6 15 2 8 7 12 1 
12 6 15 2 7 13 5 8 11 9 1 16 3 14 0 10 
3 7 2 4 9 6 14 1 0 8 11 10 15 12 16 13 
1 11 16 3 13 8 2 9 14 7 12 10 4 0 5 15 
6 16 8 4 12 9 3 0 5 2 11 14 1 13 10 15 
2 16 14 10 3 13 7 12 9 1 15 0 4 5 6 11 
7 5 0 6 11 15 16 3 12 4 1 14 2 8 10 13 
11 15 13 0 14 12 16 5 8 4 7 9 2 1 3 6 
6 13 14 1 7 9 2 16 8 3 5 0 12 4 10 15 
5 8 15 1 16 14 0 13 9 3 2 4 10 11 6 7 
15 16 4 7 12 6 9 5 14 8 3 11 1 0 2 10 
16 0 8 4 15 11 7 1 2 12 5 13 10 3 6 9 
7 13 16 3 4 1 5 10 9 12 11 0 2 14 6 8 
14 9 15 8 2 4 12 11 1 6 13 0 7 5 3 10 
