2 16 11 8 3 9 14 1 4 10 15 5 7 12 6 13 
5 0 7 2 10 14 16 3 15 6 11 9 13 12 4 8 
6 16 10 1 3 12 15 4 7 11 13 0 5 9 8 14 
16 11 5 1 14 10 4 7 9 8 12 6 15 2 0 13 
0 15 14 1 8 11 10 9 12 7 3 13 2 6 16 5 
1 7 8 15 9 3 6 2 16 10 13 14 11 4 12 0 
15 10 14 11 1 7 16 8 12 13 5 2 0 3 9 4 
2 10 0 4 8 11 1 13 16 12 9 14 6 3 15 5 
7 11 5 12 3 10 6 13 4 9 0 1 16 14 15 2 
12 0 7 16 11 3 15 2 5 13 6 14 10 8 1 4 
4 14 15 2 12 7 16 0 13 9 5 3 1 8 6 11 
4 2 16 13 3 0 14 8 9 5 1 12 10 15 7 6 
9 10 6 5 0 16 15 11 7 8 14 4 2 3 13 1 
15 5 1 14 8 12 10 2 0 7 9 3 6 4 16 11 
8 12 0 3 15 16 4 9 11 13 10 6 7 2 1 5 
5 8 3 16 4 11 1 13 6 7 0 9 2 10 12 14 
11 6 8 12 14 2 7 10 15 13 9 1 3 0 5 4 
