3 10 1 14 5 12 11 2 4 6 7 8 9 15 13 16 
0 3 14 15 5 2 7 10 13 4 11 9 12 6 8 16 
4 0 7 1 13 11 8 10 6 16 15 9 14 12 5 3 
0 12 7 15 8 5 11 4 13 9 14 10 1 16 2 6 
0 3 2 15 14 9 6 11 1 12 16 13 5 7 10 8 
6 16 10 15 0 4 11 9 12 14 7 2 3 8 1 13 
11 10 16 3 5 2 0 9 8 15 14 1 12 7 13 4 
1 12 10 11 5 13 3 9 8 4 2 15 0 14 6 16 
16 0 1 14 3 13 4 12 15 7 5 9 2 11 6 10 
2 14 16 3 5 1 7 4 10 8 12 13 6 15 0 11 
13 14 12 11 2 1 8 9 7 4 15 6 0 5 16 3 
13 7 16 5 1 15 9 0 12 3 10 4 14 8 2 6 
15 13 1 5 8 3 9 14 7 6 4 10 2 11 16 0 
11 10 9 2 0 7 16 3 1 6 5 8 12 4 14 15 
4 16 7 5 10 15 11 8 1 6 0 13 3 2 9 12 
14 8 3 7 4 16 10 0 6 9 12 13 11 5 1 2 
8 3 6 0 2 11 10 7 13 14 5 15 9 4 12 1 
