11 7 8 4 1 16 13 6 10 3 14 12 9 5 2 15 
8 6 15 9 12 13 4 3 7 14 0 2 5 11 10 16 
14 6 7 5 13 10 4 15 9 1 3 11 0 12 16 8 
10 9 0 1 11 4 5 7 2 16 8 6 14 15 13 12 
11 12 8 1 3 0 15 7 14 6 2 16 9 13 10 5 
0 13 15 2 7 8 3 16 6 9 4 1 10 12 14 11 
13 11 3 16 9 2 5 4 7 1 12 0 14 10 15 8 
8 0 6 9 11 2 10 4 5 13 12 3 16 15 1 14 
13 5 2 1 15 9 16 3 14 6 12 7 11 0 4 10 
1 15 7 12 8 2 10 3 14 16 4 5 11 6 0 13 
8 5 3 14 4 13 7 9 15 0 1 16 11 2 6 12 
3 2 1 10 9 14 13 0 5 16 12 7 6 8 15 4 
3 6 5 1 9 10 7 15 16 14 2 4 11 8 0 13 
16 11 15 9 8 1 5 2 4 3 0 14 12 7 6 10 
0 16 10 1 13 8 2 7 15 12 5 4 6 11 3 9 
2 12 11 5 8 13 14 1 9 7 10 16 6 0 3 4 
3 0 2 15 10 5 13 6 4 12 9 8 11 7 1 14 
