2 6 4 3 9 13 1 14 12 16 15 7 11 10 8 5 
8 12 0 3 5 10 15 4 9 11 7 6 13 14 16 2 
5 6 10 15 13 16 7 12 9 8 4 3 0 11 1 14 
6 4 8 5 11 12 16 10 1 9 15 7 2 14 0 13 
3 2 5 1 6 10 14 9 12 13 7 11 15 8 16 0 
12 2 6 0 11 7 3 16 14 9 13 10 1 15 4 8 
12 0 10 8 11 5 4 7 2 3 1 9 13 14 16 15 
1 10 9 5 13 2 3 12 16 0 11 6 14 4 15 8 
12 16 11 7 13 9 15 10 5 4 2 14 0 3 1 6 
15 1 8 5 16 10 14 7 2 6 12 4 3 11 13 0 
3 5 0 8 13 2 14 1 15 16 11 12 4 7 6 9 
10 6 9 0 14 4 2 15 16 13 12 8 7 5 3 1 
5 4 0 1 7 13 16 3 6 8 15 11 14 9 10 2 
6 7 16 3 0 5 15 2 4 9 12 10 11 8 14 1 
2 11 8 0 13 1 3 10 5 16 6 12 4 7 15 9 
9 14 2 3 1 12 0 16 4 7 13 8 6 11 10 5 
1 3 11 10 0 14 2 8 13 7 12 9 6 4 15 5 
