11 13 8 9 12 3 5 4 6 16 2 15 7 10 1 14 
14 4 2 13 9 6 16 10 15 0 8 5 11 7 12 3 
10 8 12 4 13 9 5 11 3 14 6 15 7 0 1 16 
15 1 4 11 8 14 13 0 10 2 7 16 9 5 12 6 
3 9 1 8 6 15 11 5 10 0 12 16 13 7 2 14 
6 10 13 3 8 12 2 15 9 0 16 4 7 11 1 14 
15 13 16 4 7 1 2 5 11 10 0 3 8 14 9 12 
4 2 11 12 14 15 10 9 8 5 3 16 1 6 0 13 
15 16 14 1 11 10 0 5 7 6 4 3 9 2 12 13 
4 13 10 5 14 11 8 6 7 15 0 12 1 2 3 16 
11 5 15 2 13 1 7 8 4 14 3 0 9 12 6 16 
13 15 3 12 14 6 5 7 4 1 10 9 2 0 8 16 
0 1 6 3 11 2 14 10 15 9 8 4 7 16 5 13 
4 0 7 6 12 11 16 14 5 9 1 2 10 8 15 3 
11 13 3 16 0 9 15 7 5 12 10 1 4 2 6 8 
4 5 16 14 1 12 13 6 8 7 10 11 2 3 9 0 
9 3 15 7 5 0 14 12 1 11 4 8 2 10 13 6 
