9 5 13 3 8 14 6 16 11 10 4 12 1 7 2 15 
16 11 12 0 14 6 13 4 15 8 7 3 10 9 2 5 
14 9 4 6 3 13 8 11 10 16 12 0 1 15 7 5 
10 13 9 14 15 5 1 4 2 11 12 16 0 7 8 6 
13 15 16 3 8 10 0 5 12 6 1 14 9 11 7 2 
15 1 7 6 11 12 10 2 4 13 9 3 14 16 0 8 
13 16 14 4 7 10 2 15 0 1 5 12 3 9 8 11 
4 2 16 6 1 5 0 13 8 3 15 9 12 14 11 10 
15 3 0 5 11 9 1 7 10 16 12 14 2 4 6 13 
7 15 13 11 16 1 12 10 4 2 3 8 5 14 0 6 
8 4 6 15 11 16 5 9 2 3 13 0 12 7 1 14 
10 4 1 7 9 13 3 16 5 0 12 14 6 8 15 2 
6 1 15 4 2 10 7 14 8 16 0 13 5 3 9 11 
3 0 1 14 5 4 15 16 11 8 7 12 6 2 10 9 
1 9 4 15 10 8 7 2 5 6 0 13 11 12 16 3 
11 2 12 1 4 0 16 3 8 7 10 6 9 14 5 13 
2 12 3 11 1 7 4 15 8 5 6 9 10 14 0 13 
