13 12 8 5 7 1 15 11 10 6 16 14 9 4 3 2 
14 10 7 6 12 4 5 11 2 16 13 0 9 3 15 8 
0 6 4 9 16 13 7 12 8 5 14 10 3 15 1 11 
0 2 5 7 15 14 11 16 8 9 13 6 1 4 10 12 
13 8 7 12 11 5 15 0 16 9 10 1 14 2 6 3 
1 13 15 4 14 8 10 11 12 6 0 3 9 16 7 2 
11 1 9 0 2 5 4 16 12 3 10 15 7 13 8 14 
4 0 15 2 8 6 16 3 12 5 10 14 13 11 1 9 
14 3 11 13 9 15 12 0 16 7 10 4 6 5 2 1 
4 12 6 14 11 3 1 13 8 15 5 0 16 10 7 2 
11 16 2 6 7 8 9 4 1 12 5 3 14 15 13 0 
15 12 0 16 2 8 9 1 4 3 13 14 10 5 7 6 
1 6 15 2 4 5 16 0 14 8 11 3 10 13 7 9 
14 0 16 3 4 2 10 12 9 5 15 6 7 1 11 8 
0 8 4 10 1 7 11 16 9 5 12 3 13 6 15 2 
2 13 8 14 9 12 11 16 6 0 7 3 10 5 4 1 
8 0 10 9 2 13 11 5 3 15 6 1 12 14 7 4 
