15 7 10 3 5 6 12 1 9 4 2 14 16 11 8 13 
9 7 2 15 4 0 10 6 5 8 16 3 11 12 14 13 
4 11 14 1 12 15 6 10 7 9 0 13 5 8 16 3 
9 5 0 12 7 11 13 16 8 6 1 14 4 10 2 15 
9 12 13 14 6 1 2 8 0 7 10 11 15 5 16 3 
7 6 13 0 3 9 2 15 12 4 11 10 8 16 1 14 
12 4 1 11 8 5 3 16 2 14 9 10 7 15 0 13 
8 4 2 15 12 16 9 6 5 11 1 14 10 3 0 13 
10 1 3 0 6 7 13 12 9 15 2 5 14 11 4 16 
10 3 12 6 8 2 13 0 7 5 15 1 16 11 4 14 
14 11 12 13 4 6 15 2 8 9 16 5 0 3 7 1 
5 3 7 15 13 10 14 9 2 0 1 6 4 12 8 16 
0 10 1 3 11 6 9 2 8 16 7 13 5 4 15 14 
8 1 2 0 6 10 4 15 5 9 16 14 12 11 3 7 
8 6 3 15 13 11 7 12 16 9 2 1 0 5 10 4 
8 16 11 1 2 14 3 4 9 5 12 13 10 7 6 0 
12 7 0 13 1 11 3 2 15 4 6 8 14 9 5 10 
