5 8 2 15 7 14 9 16 4 10 12 13 1 6 11 3 
3 6 15 2 9 0 11 12 13 4 8 10 14 7 16 5 
16 10 5 6 12 0 15 11 8 9 4 13 3 7 1 14 
0 15 1 14 8 10 13 4 6 11 12 5 7 2 9 16 
1 3 6 2 9 5 15 14 8 11 7 0 10 12 13 16 
7 3 10 1 6 15 2 8 4 12 9 13 0 11 16 14 
11 12 13 0 7 3 14 1 9 8 4 2 15 16 5 10 
8 2 9 3 0 11 6 15 13 4 1 12 14 10 16 5 
3 1 11 4 14 15 13 10 12 0 7 9 5 6 16 2 
16 10 13 2 8 15 6 12 4 5 14 11 3 0 7 1 
12 6 4 8 15 11 5 14 2 16 0 9 3 1 7 13 
3 0 1 14 10 8 2 13 6 4 15 12 7 9 16 5 
3 0 1 9 5 2 6 13 4 8 7 16 15 10 11 14 
11 2 1 3 14 12 0 15 7 8 10 16 9 5 4 6 
6 5 15 11 8 7 12 0 4 10 3 13 1 2 9 16 
14 5 16 2 0 1 11 3 4 6 10 7 13 8 12 9 
4 3 13 12 5 9 1 6 0 8 15 2 7 14 11 10 
