11 10 3 16 2 4 12 1 14 7 8 6 9 15 13 5 
0 11 3 7 2 6 9 13 8 15 16 4 5 10 12 14 
15 10 7 14 6 8 12 3 16 1 0 13 4 11 5 9 
7 4 13 0 10 5 6 8 2 14 9 16 15 12 11 1 
15 12 3 13 1 9 10 6 11 2 14 8 0 7 16 5 
10 11 16 12 4 7 9 3 15 6 14 1 2 8 0 13 
11 8 1 14 4 2 13 5 9 0 3 10 15 7 12 16 
11 13 12 10 2 5 8 0 9 3 14 1 15 4 16 6 
3 5 2 15 4 9 11 6 16 12 7 0 10 13 1 14 
15 11 0 6 7 13 8 12 4 10 1 2 14 5 3 16 
4 13 7 14 12 8 9 5 11 15 1 0 6 2 16 3 
5 6 10 13 3 14 15 4 1 16 8 0 12 2 7 9 
7 10 2 15 6 14 13 0 3 8 1 4 9 16 5 11 
9 10 8 16 4 11 12 14 3 6 7 1 5 0 2 15 
1 11 7 2 16 0 4 10 15 13 8 9 6 5 12 3 
6 0 4 12 11 13 3 10 9 1 5 7 16 8 2 14 
6 2 11 3 14 12 0 9 13 5 7 1 15 10 8 4 
