5 8 1 12 10 4 3 16 11 14 2 15 13 6 9 7 
2 8 13 10 11 0 5 6 7 14 15 12 4 9 3 16 
0 16 1 14 4 3 13 12 9 15 6 5 7 10 11 8 
7 2 14 4 15 8 10 0 13 6 16 11 1 5 9 12 
7 0 6 3 11 1 2 15 13 12 16 8 5 14 10 9 
12 2 3 16 14 4 7 15 10 1 0 6 8 11 13 9 
3 5 1 13 15 11 9 16 7 10 4 8 14 0 2 12 
13 10 14 9 12 4 1 6 11 16 0 8 5 3 15 2 
15 12 4 11 9 2 10 16 7 5 0 13 6 3 14 1 
0 8 3 14 1 16 15 7 2 6 4 13 5 11 10 12 
3 7 11 9 16 5 15 2 14 12 0 6 1 4 13 8 
7 2 1 10 6 14 8 16 5 0 3 9 4 13 12 15 
14 5 10 11 16 1 13 7 8 15 3 6 2 4 0 9 
14 10 6 2 0 4 9 1 11 7 3 12 15 5 16 8 
11 1 3 15 0 10 16 12 4 2 13 5 7 6 8 9 
4 11 0 13 3 10 14 1 9 2 12 8 7 5 6 16 
10 6 4 12 1 7 8 2 11 3 9 14 15 5 0 13 
