14 3 7 15 8 10 11 1 4 6 12 9 16 5 2 13 
9 5 7 13 8 16 12 14 15 6 3 0 4 10 2 11 
16 12 15 0 5 8 11 6 7 14 10 9 13 4 3 1 
2 0 6 16 8 9 14 4 13 10 15 11 1 5 7 12 
1 13 5 6 10 16 8 7 15 9 11 14 2 3 0 12 
11 4 0 7 12 9 14 1 10 6 3 16 13 8 15 2 
12 7 8 15 9 4 0 13 10 16 2 1 3 14 5 11 
2 4 5 8 15 10 0 12 1 9 11 6 14 13 3 16 
5 14 10 12 4 6 15 7 0 11 1 2 9 13 16 3 
6 7 14 1 12 3 5 4 0 2 10 16 8 13 11 15 
1 9 13 8 14 16 11 0 7 2 12 3 4 5 6 15 
9 5 15 2 1 14 13 0 10 3 6 8 4 7 12 16 
4 6 13 14 7 2 11 10 15 9 3 16 1 0 8 5 
3 8 0 7 16 11 4 1 14 6 2 15 12 10 5 9 
15 1 16 5 3 8 4 2 6 0 9 10 13 12 11 7 
6 12 3 11 9 2 1 7 5 14 8 16 4 10 0 13 
13 12 6 2 3 8 11 9 4 1 15 10 5 0 14 7 
