13 14 5 3 7 8 9 12 4 16 11 2 1 6 10 15 
5 7 12 10 8 9 15 2 6 14 0 13 11 4 3 16 
5 10 14 1 12 4 16 9 8 11 15 13 7 3 6 0 
11 2 14 1 9 16 8 15 6 4 0 13 7 12 5 10 
1 16 15 2 3 11 10 0 8 6 9 13 5 7 12 14 
12 9 14 6 8 2 1 0 13 11 3 4 7 16 10 15 
12 9 4 1 0 2 11 3 13 5 14 10 16 15 8 7 
15 14 11 0 16 1 8 2 6 5 10 12 9 3 13 4 
12 5 0 7 16 9 15 2 11 13 4 3 6 10 1 14 
5 11 14 1 3 13 4 10 16 6 15 2 8 0 12 7 
8 16 14 1 5 6 7 12 0 3 15 2 13 11 4 9 
14 12 2 0 16 4 9 15 13 6 1 8 10 5 7 3 
3 4 13 9 11 14 16 5 8 1 6 10 7 0 15 2 
2 16 8 1 15 9 12 4 11 3 6 14 0 10 5 7 
10 16 2 1 4 12 11 15 13 8 5 3 0 7 6 9 
9 14 10 4 7 6 0 13 5 12 11 3 16 8 1 2 
13 7 9 1 0 6 2 12 15 4 8 3 5 11 10 14 
