12 11 1 14 8 9 5 13 15 7 10 16 2 3 4 6 
8 12 4 11 6 14 9 13 5 15 3 7 16 2 10 0 
15 0 11 9 14 13 16 3 8 10 7 1 4 6 5 12 
14 6 16 5 10 7 0 13 15 9 4 1 8 12 11 2 
6 8 3 0 16 7 2 15 13 9 1 14 5 12 10 11 
4 7 11 14 12 3 15 13 0 6 1 9 2 10 16 8 
11 13 10 2 14 7 9 3 16 5 0 8 15 1 12 4 
12 16 6 1 14 0 15 2 11 9 5 3 13 8 4 10 
4 15 13 9 12 10 0 3 11 6 5 1 2 16 14 7 
1 16 7 4 11 6 0 13 12 5 2 10 3 15 14 8 
9 12 0 1 14 7 8 2 15 5 6 13 4 11 3 16 
8 13 16 14 2 3 1 9 6 4 7 0 15 10 12 5 
13 6 8 7 11 4 2 15 5 10 14 9 0 1 16 3 
11 5 8 15 16 7 0 12 2 6 1 14 4 3 10 9 
4 16 8 9 12 5 2 3 7 11 0 13 6 10 1 15 
14 4 10 0 3 8 6 11 1 2 13 5 7 16 9 12 
7 11 3 1 9 10 6 14 4 0 2 5 13 12 15 8 
