13 3 11 1 8 7 15 6 16 9 2 12 10 5 14 4 
11 9 6 4 14 0 15 2 16 8 10 13 3 5 12 7 
6 15 13 14 16 8 5 1 9 11 0 12 3 10 7 4 
16 1 6 7 9 15 13 5 12 2 8 10 11 4 14 0 
15 14 11 12 10 8 3 9 6 16 1 5 7 2 13 0 
4 3 13 12 16 8 0 11 7 9 15 2 10 6 1 14 
8 5 10 12 0 15 1 3 16 9 2 11 13 7 14 4 
14 13 8 5 0 12 3 9 16 4 6 15 10 1 11 2 
10 4 9 15 2 14 16 3 1 0 12 6 7 5 11 13 
4 8 7 1 0 5 15 3 13 10 6 2 16 12 14 11 
13 12 16 4 14 8 3 2 11 15 1 7 0 6 9 5 
16 1 15 10 8 0 4 2 9 7 5 14 13 12 3 6 
2 11 6 13 4 8 3 15 10 9 14 7 1 5 0 16 
7 0 3 16 5 8 15 2 14 9 6 11 4 12 1 10 
13 1 15 12 10 3 0 6 7 16 8 9 5 4 2 11 
1 2 4 9 6 14 3 16 10 7 11 5 8 12 0 13 
9 3 1 14 7 4 0 13 5 6 2 12 11 15 10 8 
