10 11 3 16 1 4 2 12 14 7 6 8 13 15 5 9 
11 3 13 7 6 0 2 9 15 4 8 16 12 14 5 10 
14 7 10 15 6 3 8 12 16 1 13 0 9 11 4 5 
4 7 0 13 8 5 10 6 16 14 2 9 15 12 11 1 
15 3 12 13 9 1 16 10 11 8 2 6 14 5 0 7 
16 2 13 12 9 7 4 3 6 15 14 1 0 11 10 8 
8 14 2 11 5 1 13 4 10 3 9 0 15 7 16 12 
12 13 11 10 0 5 8 2 9 3 1 14 6 4 15 16 
5 3 2 15 9 11 6 4 7 0 16 12 13 10 14 1 
6 15 11 7 12 8 13 0 4 10 1 2 5 14 3 16 
14 4 13 7 12 8 5 9 15 1 0 11 2 6 3 16 
13 6 5 10 15 4 3 14 16 8 1 0 2 9 12 7 
13 2 7 10 0 14 15 6 8 3 1 4 11 5 16 9 
6 9 16 10 12 11 4 14 8 3 7 1 0 5 2 15 
11 7 1 2 10 16 0 4 8 15 9 13 5 12 3 6 
0 4 6 12 2 3 10 14 1 5 9 7 16 13 11 8 
2 11 3 13 12 9 14 0 1 6 7 5 4 8 10 15 
