13 6 12 16 3 1 9 15 4 5 14 7 10 2 8 11 
12 0 16 9 11 10 13 8 3 7 5 15 2 6 4 14 
8 16 1 5 6 13 7 15 4 9 10 14 0 11 3 12 
14 7 12 5 16 10 2 4 13 15 9 1 8 6 11 0 
12 8 10 0 1 11 6 5 7 15 13 9 2 14 3 16 
6 16 9 8 3 4 11 13 12 10 1 14 7 0 2 15 
5 9 1 10 2 11 13 8 12 4 16 3 15 14 0 7 
5 15 1 8 3 4 2 13 16 6 11 0 14 9 10 12 
6 11 4 3 9 13 7 2 5 1 12 10 16 0 14 15 
10 11 0 5 16 3 2 15 13 12 14 1 7 6 4 8 
15 6 3 16 5 9 13 12 7 2 14 11 8 1 0 4 
8 1 2 9 7 15 16 14 4 13 5 12 0 3 10 6 
11 1 15 0 6 16 9 4 3 10 8 2 7 5 13 14 
14 9 3 4 0 2 6 5 12 8 16 7 10 11 1 15 
0 12 15 2 9 4 13 1 5 11 8 6 10 7 3 16 
13 3 14 5 11 16 2 0 7 4 12 9 6 10 1 8 
11 1 3 10 8 4 15 14 2 0 6 9 7 13 5 12 
