2 14 1 6 3 13 9 15 4 16 7 12 11 8 10 5 
6 12 0 3 8 4 10 2 5 16 7 9 13 11 14 15 
15 10 14 1 7 13 3 16 5 9 4 8 12 11 0 6 
11 6 5 8 10 12 16 4 1 7 9 15 2 14 13 0 
10 12 7 0 1 15 11 9 13 5 14 6 8 2 3 16 
6 9 12 2 11 7 3 16 14 10 0 13 1 15 4 8 
15 10 1 5 11 3 7 14 9 12 2 4 8 16 0 13 
1 5 9 10 13 12 3 2 16 11 6 0 14 4 15 8 
4 5 12 11 9 13 2 15 7 10 3 16 0 6 1 14 
8 6 3 5 16 12 10 2 13 11 4 15 7 0 1 14 
5 15 12 3 0 2 1 14 11 8 16 7 6 4 13 9 
6 9 10 5 4 14 15 2 16 13 8 12 3 0 7 1 
0 10 5 7 11 4 13 16 15 6 3 8 9 2 1 14 
14 4 16 3 0 5 15 2 12 9 7 6 1 11 10 8 
12 16 0 8 1 10 13 4 11 5 6 2 15 7 3 9 
6 3 14 9 0 16 11 1 7 8 13 12 2 10 5 4 
11 1 2 3 15 10 8 9 6 7 0 13 4 5 12 14 
