7 13 10 5 15 3 1 8 4 2 16 6 11 9 12 14 
13 6 16 4 12 5 14 9 7 3 10 2 11 0 15 8 
9 12 8 15 6 10 13 7 5 1 16 4 0 3 14 11 
0 15 14 8 13 2 6 9 5 7 10 1 11 4 12 16 
0 11 14 6 9 8 1 15 16 13 12 2 5 7 3 10 
8 14 0 11 3 6 15 2 12 10 9 7 1 13 4 16 
9 10 16 3 8 11 1 15 4 2 12 13 5 0 7 14 
11 15 10 5 2 1 13 12 8 3 9 6 16 0 14 4 
16 13 10 4 7 6 2 3 11 14 9 5 0 1 15 12 
10 6 3 8 5 4 14 2 13 16 12 1 11 7 15 0 
1 8 2 4 6 13 16 3 5 12 14 7 15 11 9 0 
16 12 6 9 10 7 4 13 0 2 1 3 8 15 14 5 
7 3 0 5 16 4 10 13 11 14 9 8 6 1 15 2 
14 9 12 11 15 1 16 8 4 2 6 10 7 3 0 5 
13 7 5 12 0 4 3 16 1 11 15 9 2 8 6 10 
4 8 5 12 13 7 2 6 10 3 16 1 9 11 0 14 
7 15 12 10 5 13 4 11 2 9 0 1 8 6 14 3 
