10 16 5 8 7 1 2 12 13 15 6 11 4 3 14 9 
4 12 10 8 14 2 13 9 0 5 7 6 15 11 3 16 
6 12 16 3 4 10 14 1 8 11 7 15 5 9 13 0 
14 0 16 2 5 11 7 6 15 13 12 9 1 4 10 8 
5 14 3 13 12 11 0 2 10 6 1 16 8 15 7 9 
3 1 4 6 0 9 15 2 12 16 8 13 11 7 14 10 
3 7 8 14 9 13 10 11 4 5 15 2 16 0 12 1 
6 4 12 15 9 3 0 5 13 2 8 10 16 11 1 14 
16 12 4 14 13 2 7 10 1 5 15 0 6 3 9 11 
12 8 5 10 15 3 13 0 6 4 14 11 1 16 7 2 
6 7 9 12 5 0 1 4 14 3 13 2 16 15 8 11 
4 2 12 5 7 16 15 14 1 13 9 8 6 0 10 3 
11 5 0 8 7 4 3 16 6 1 13 9 14 10 15 2 
3 2 14 6 0 4 8 7 16 12 9 11 5 1 10 15 
10 3 12 15 11 1 7 9 5 8 13 0 6 16 2 4 
6 13 10 16 1 7 3 0 5 11 12 2 8 9 14 4 
11 6 0 10 8 14 3 12 5 2 7 9 1 4 13 15 
