4 7 16 11 14 15 13 9 3 5 8 12 2 6 1 10 
2 14 13 9 12 7 10 4 11 6 16 3 5 0 8 15 
13 5 1 14 8 4 6 3 9 16 7 0 10 11 12 15 
2 14 7 8 5 13 16 11 4 9 10 0 15 1 12 6 
16 9 6 8 3 0 14 1 2 10 12 5 13 7 15 11 
11 4 0 2 10 14 6 16 12 3 9 13 7 1 15 8 
16 4 2 15 5 10 11 14 13 8 3 7 1 9 0 12 
12 15 16 3 8 5 9 10 2 4 1 13 6 14 11 0 
9 16 2 15 1 6 5 7 10 3 13 0 4 12 14 11 
0 1 11 2 3 6 7 5 13 10 15 4 16 8 14 12 
13 11 6 12 3 9 4 5 14 0 15 7 8 1 16 2 
2 3 0 7 8 13 10 12 5 4 16 1 15 14 9 6 
15 6 0 5 16 13 7 10 4 8 14 1 9 2 3 11 
11 1 8 15 9 7 6 4 16 5 0 12 14 3 2 10 
2 12 6 4 9 8 5 11 16 1 13 0 7 3 15 10 
5 2 13 6 14 11 16 3 10 0 4 8 1 9 7 12 
14 12 2 7 10 9 1 11 3 4 15 5 6 8 13 0 
