12 8 13 5 11 1 15 7 14 10 16 6 2 3 9 4 
7 10 14 6 11 4 12 5 2 16 13 0 9 15 8 3 
13 0 12 16 6 7 4 3 1 8 10 15 11 14 5 9 
7 0 2 5 4 15 8 14 9 13 6 11 1 16 12 10 
12 7 8 13 1 10 15 11 5 16 0 9 14 6 3 2 
13 4 15 1 10 8 14 11 12 7 6 3 2 0 9 16 
1 9 11 0 5 2 16 4 15 14 10 12 7 8 3 13 
0 12 2 15 8 6 3 16 11 1 4 5 10 14 13 9 
0 11 14 1 15 12 9 3 4 7 10 16 13 2 6 5 
6 7 10 11 12 3 1 14 8 0 5 15 2 16 4 13 
11 16 6 12 4 9 13 5 7 2 14 1 3 15 0 8 
4 14 0 10 6 9 2 8 5 12 16 3 13 15 7 1 
6 1 2 15 5 0 16 4 13 11 8 3 14 10 9 7 
14 0 16 3 2 10 12 4 9 5 6 15 1 8 7 11 
4 13 15 11 9 7 1 16 6 3 0 5 8 10 2 12 
3 8 2 13 9 12 14 1 4 0 6 11 10 16 7 5 
9 0 6 8 5 11 2 13 1 15 10 3 4 7 14 12 
