1 11 4 8 2 6 9 13 10 5 7 16 15 3 14 12 
12 9 15 0 3 2 10 11 16 8 13 7 6 4 5 14 
4 7 12 10 13 5 8 11 0 1 16 3 15 14 6 9 
5 8 9 11 7 2 1 14 4 6 0 13 16 12 10 15 
11 6 16 14 12 3 5 13 9 1 8 2 7 0 15 10 
11 10 1 14 8 16 15 2 3 6 0 12 7 13 4 9 
12 7 14 2 1 10 9 8 16 11 5 0 4 15 13 3 
14 13 10 16 5 9 2 6 11 12 3 0 15 8 4 1 
4 16 1 12 6 3 10 9 7 13 15 11 5 0 14 2 
8 4 13 0 3 14 15 5 10 2 1 11 7 16 12 6 
9 6 1 7 12 13 2 15 0 5 3 16 14 11 8 4 
4 5 10 12 6 1 15 2 3 14 13 8 0 7 9 16 
15 11 6 8 4 0 10 7 14 9 16 3 2 1 13 5 
9 7 11 12 14 15 0 10 5 6 1 8 4 2 3 16 
3 8 2 0 4 6 7 16 11 15 5 9 10 1 12 13 
3 7 10 5 9 13 14 12 16 8 0 1 6 2 11 4 
6 11 13 0 5 12 14 1 7 10 2 15 9 8 4 3 
