14 7 12 15 3 11 4 1 8 16 5 9 13 6 2 10 
0 14 15 2 3 5 11 12 6 13 4 10 7 8 9 16 
5 6 9 16 14 7 8 10 3 12 11 4 15 1 0 13 
14 0 2 15 12 11 4 13 7 16 1 5 6 10 8 9 
9 10 16 2 13 6 1 8 12 5 3 11 0 7 14 15 
3 6 10 13 15 1 16 4 11 12 2 0 9 8 14 7 
0 8 14 1 15 4 16 3 11 10 13 5 12 7 2 9 
11 2 0 14 13 12 10 1 6 8 5 16 15 3 4 9 
5 6 12 16 10 7 1 15 0 9 14 2 3 11 4 13 
15 0 1 14 3 11 4 5 12 13 16 8 7 2 6 10 
4 1 11 6 12 7 9 2 15 5 3 14 8 16 0 13 
9 16 5 6 13 10 12 3 8 14 0 2 15 7 4 1 
4 1 3 15 6 5 7 13 16 9 10 8 0 11 2 14 
9 2 14 0 6 15 4 3 1 10 8 7 5 11 16 12 
0 5 12 7 4 10 1 3 11 16 15 2 6 8 9 13 
3 5 11 12 16 6 9 7 0 4 2 14 13 1 10 8 
13 6 1 3 10 14 9 8 5 2 12 7 11 15 4 0 
