12 7 14 16 11 1 4 3 8 5 10 9 6 13 2 15 
0 14 2 15 11 3 5 8 6 13 4 10 12 7 9 16 
6 16 9 5 8 1 10 13 11 4 12 3 0 7 14 15 
0 14 2 15 9 11 12 13 1 5 16 7 4 10 8 6 
9 16 2 10 6 8 0 13 12 3 5 11 7 15 14 1 
10 13 1 6 4 16 15 2 3 11 8 12 9 7 14 0 
8 14 13 0 15 3 1 4 11 16 10 5 7 2 12 9 
0 9 14 2 12 1 10 13 5 4 6 16 8 15 3 11 
16 6 11 5 10 9 1 15 0 2 14 7 4 13 3 12 
2 10 14 0 3 11 5 4 16 13 8 6 15 1 7 12 
1 13 11 4 2 7 12 9 5 15 3 14 6 0 8 16 
0 6 9 5 13 3 12 4 8 14 16 2 15 7 1 10 
1 15 4 3 11 7 5 14 9 8 10 16 2 6 0 13 
0 2 14 9 15 11 3 4 1 6 7 10 12 16 5 8 
12 0 7 5 3 1 11 4 10 16 15 2 9 6 8 13 
12 5 11 3 16 0 6 9 4 14 7 2 1 13 8 10 
13 6 3 1 9 4 11 8 2 7 5 12 15 10 14 0 
