12 2 5 13 10 14 8 7 6 11 16 4 15 9 1 3 
0 10 15 6 3 9 11 5 16 4 12 7 8 13 2 14 
3 5 1 14 9 6 12 16 15 11 8 0 10 13 4 7 
8 9 2 15 4 0 14 1 5 6 16 7 12 13 11 10 
14 10 2 5 3 9 0 13 16 12 15 7 1 11 8 6 
14 4 8 15 6 16 11 9 13 10 1 12 2 0 7 3 
1 5 9 8 3 4 2 11 7 10 13 0 15 12 14 16 
9 0 6 2 5 12 1 8 16 10 11 14 4 15 3 13 
4 7 12 9 3 11 1 0 2 16 13 14 6 5 15 10 
13 15 4 5 8 12 10 0 11 7 14 1 6 2 16 3 
16 6 0 5 13 12 8 3 7 1 15 2 14 4 11 9 
15 9 12 8 4 10 5 2 7 3 14 0 6 13 16 1 
8 13 14 6 1 10 2 4 11 0 5 15 9 7 3 16 
5 16 8 0 14 3 15 2 4 1 12 10 9 11 6 7 
8 11 16 13 12 4 3 0 5 1 7 6 9 10 2 15 
7 10 8 14 13 9 5 3 1 2 0 16 6 4 11 12 
1 6 11 13 3 10 12 15 9 0 4 14 5 7 8 2 
