1 4 15 2 6 3 9 14 12 16 7 13 5 10 8 11 
8 12 3 0 2 10 6 4 9 16 7 5 11 15 14 13 
10 15 14 1 13 7 3 16 8 5 9 4 11 6 12 0 
5 8 11 6 10 4 16 12 1 9 7 15 14 2 0 13 
12 0 7 10 15 9 11 1 6 14 13 5 8 2 3 16 
9 6 2 12 7 11 3 16 10 14 0 13 8 15 1 4 
5 15 1 10 14 11 7 3 12 4 2 9 16 0 13 8 
5 9 1 10 2 12 3 13 6 11 0 16 8 15 4 14 
4 12 11 5 9 13 2 15 10 7 3 16 6 0 14 1 
8 5 6 3 2 16 12 10 11 15 13 4 7 0 1 14 
3 12 8 15 0 2 14 1 7 11 5 16 9 13 6 4 
9 10 6 5 4 14 2 15 8 12 16 13 1 3 7 0 
0 5 7 10 4 13 16 3 15 8 6 11 9 2 14 1 
4 14 16 3 5 0 15 2 6 9 12 7 11 1 8 10 
12 2 0 8 4 10 13 1 6 11 5 16 15 7 3 9 
6 2 14 3 16 11 1 0 8 7 12 13 4 5 9 10 
11 1 3 2 10 8 9 15 13 12 6 7 0 5 4 14 
