6 2 1 14 5 3 9 15 16 7 4 12 13 8 10 11 
11 12 0 6 4 2 8 10 3 9 7 13 16 15 5 14 
10 1 5 16 7 13 6 15 8 9 4 14 0 11 3 12 
11 8 6 5 16 12 10 4 1 9 7 15 14 2 0 13 
12 15 10 0 11 6 1 9 5 14 7 13 2 8 3 16 
2 9 6 12 7 11 16 3 13 10 8 14 0 1 4 15 
1 5 10 15 8 3 7 11 9 12 4 2 14 16 13 0 
5 16 10 9 12 2 3 13 0 1 11 6 14 15 8 4 
5 11 12 4 9 13 2 15 10 1 3 7 0 14 16 6 
5 3 6 11 10 16 15 2 14 12 13 4 8 1 7 0 
15 8 5 3 14 6 13 0 16 7 11 12 9 4 1 2 
6 10 5 9 14 15 7 4 8 13 16 3 12 0 2 1 
15 7 0 5 6 4 16 1 2 10 8 3 13 11 9 14 
4 3 14 9 6 0 15 2 12 7 16 8 5 1 10 11 
8 16 0 12 1 13 10 4 2 11 6 5 15 7 3 9 
3 6 13 5 11 0 16 1 9 8 7 12 4 14 2 10 
11 10 1 3 9 14 15 2 7 6 0 8 13 12 4 5 
