3 10 15 13 9 12 1 6 16 8 5 7 14 11 4 2 
9 5 4 0 15 11 6 3 8 2 14 10 16 12 7 13 
1 15 8 11 13 12 16 7 9 4 6 0 5 14 10 3 
14 8 10 2 0 16 12 5 11 9 4 1 7 6 13 15 
5 9 13 10 16 0 2 7 3 14 11 8 6 1 12 15 
16 14 11 13 4 10 9 6 3 8 7 15 1 0 12 2 
10 8 14 15 0 5 16 3 11 2 1 9 4 7 12 13 
0 15 3 1 8 2 16 5 14 13 12 10 9 4 11 6 
11 1 2 15 5 4 9 0 10 14 16 13 7 3 6 12 
11 6 14 1 0 2 12 4 7 15 16 13 5 8 10 3 
12 0 3 16 9 4 7 6 13 14 2 15 5 1 8 11 
10 0 5 9 8 16 12 2 4 7 3 13 15 6 14 1 
6 0 3 16 2 1 8 11 7 4 13 15 5 10 14 9 
3 7 0 5 4 2 8 11 10 12 9 15 16 6 1 14 
5 2 13 16 8 15 11 1 12 10 9 7 0 4 3 6 
13 9 7 4 12 0 6 3 8 1 2 16 5 11 14 10 
9 5 4 10 3 6 12 0 8 2 11 1 7 13 14 15 
