15 10 3 13 12 1 9 6 8 7 16 5 4 14 11 2 
4 5 0 9 15 3 11 6 14 10 2 8 16 12 13 7 
11 1 8 15 16 13 7 12 9 0 4 6 10 3 5 14 
8 10 14 2 5 0 12 16 1 9 11 4 7 13 6 15 
9 10 13 3 7 16 0 2 5 8 14 11 15 1 12 6 
16 11 13 14 10 4 9 6 15 3 8 7 2 0 1 12 
15 8 10 14 5 7 3 16 2 11 9 1 4 12 13 0 
0 1 3 15 5 2 16 8 14 13 12 10 6 11 4 9 
1 11 2 15 0 9 5 4 13 10 14 16 12 3 7 6 
6 11 1 14 2 4 0 12 16 15 13 7 8 5 10 3 
3 12 0 6 9 7 16 4 13 14 15 2 8 1 5 11 
10 5 9 0 12 2 16 8 7 13 4 3 6 15 14 1 
0 6 16 3 11 8 1 2 15 7 13 4 5 9 10 14 
7 0 3 5 4 11 8 2 12 15 9 10 16 6 1 14 
5 13 2 16 8 1 15 11 7 9 10 12 6 3 0 4 
4 7 13 9 0 6 12 3 1 8 2 16 11 10 5 14 
5 10 4 9 0 12 6 3 2 8 1 11 7 15 14 13 
