1 15 3 4 16 2 9 6 13 7 8 14 12 11 10 5 
4 11 12 2 5 7 3 16 6 9 8 10 15 14 13 0 
14 5 0 16 6 3 11 1 4 7 12 10 9 13 15 8 
14 6 12 2 0 4 7 9 16 15 11 5 10 8 1 13 
2 6 8 3 9 1 13 11 10 16 14 15 5 7 0 12 
10 6 0 13 8 4 16 3 7 11 15 2 9 12 1 14 
7 13 1 14 2 5 10 4 8 11 16 0 15 9 3 12 
2 4 13 0 1 5 8 12 10 14 3 16 9 15 11 6 
10 1 4 3 16 12 11 13 9 14 5 2 0 6 7 15 
5 1 2 8 13 7 11 10 16 14 15 4 6 12 3 0 
3 9 7 14 13 2 12 16 0 1 5 11 4 8 6 15 
1 16 4 9 5 15 10 8 0 6 7 12 3 14 13 2 
14 4 8 11 13 5 15 3 1 7 16 6 9 10 2 0 
0 5 9 3 2 7 8 16 6 11 14 4 1 12 10 15 
4 6 13 5 7 3 8 11 1 0 15 2 12 16 9 10 
11 2 3 10 8 0 14 12 4 9 5 7 13 16 6 1 
7 1 15 2 5 14 6 10 4 12 3 13 8 9 0 11 
