14 13 16 2 11 15 8 3 4 12 7 10 6 9 1 5 
5 4 13 12 16 0 15 8 6 7 11 10 2 14 3 9 
8 3 15 6 12 9 14 10 7 4 13 0 5 11 1 16 
13 12 9 1 11 5 15 2 14 8 7 16 0 6 10 4 
6 11 1 14 10 8 5 9 0 7 2 15 13 12 3 16 
14 8 0 2 15 13 3 9 12 6 11 7 4 16 1 10 
1 12 15 11 0 3 7 2 9 5 16 4 10 8 13 14 
3 10 8 5 14 12 6 13 15 16 4 9 0 2 1 11 
6 11 13 5 15 1 3 16 2 10 0 7 4 12 14 9 
10 5 3 16 1 15 6 7 14 8 0 13 4 12 2 11 
5 0 13 1 16 14 6 15 4 3 11 7 12 2 8 9 
10 3 13 12 14 7 9 5 8 6 0 16 4 1 15 2 
13 15 1 4 16 10 9 5 8 2 7 6 0 14 11 3 
9 8 4 12 14 6 7 5 10 16 15 2 3 0 1 11 
4 8 1 3 5 16 2 12 9 13 10 6 0 15 11 7 
7 6 16 3 2 4 9 0 11 10 14 1 12 8 5 13 
14 4 15 3 11 9 1 8 2 7 13 6 0 12 10 5 
