12 5 10 13 6 4 8 1 16 7 14 15 11 9 2 3 
7 6 10 0 5 12 4 11 13 14 16 2 9 8 15 3 
12 13 4 16 6 0 3 7 8 15 10 1 14 5 11 9 
7 5 0 9 8 12 4 14 2 11 13 1 6 15 10 16 
7 13 12 16 10 5 11 1 15 8 9 0 6 3 2 14 
13 15 11 7 4 8 3 14 1 6 10 12 0 16 2 9 
11 1 0 13 2 4 5 16 10 3 12 14 8 15 9 7 
12 0 2 15 8 1 16 6 4 13 11 3 14 10 9 5 
11 0 1 14 10 12 15 9 7 4 16 3 6 2 13 5 
11 6 7 10 12 13 14 1 8 5 0 15 2 4 16 3 
12 16 11 6 5 13 9 4 7 2 14 1 15 0 8 3 
0 10 14 4 6 12 16 7 8 5 3 2 9 1 15 13 
6 1 2 15 4 7 8 16 0 11 10 3 13 9 14 5 
12 0 16 3 2 11 1 5 4 9 15 6 10 14 8 7 
11 7 15 8 9 12 13 1 3 0 5 6 16 4 10 2 
3 2 8 13 9 12 1 14 4 11 0 6 10 5 16 7 
8 0 1 6 13 7 2 14 3 15 10 9 12 11 5 4 
