10 12 13 5 11 8 9 1 4 7 16 14 3 6 15 2 
0 9 10 16 12 8 13 7 3 11 15 14 6 5 4 2 
1 8 12 5 13 15 7 6 4 3 10 14 9 16 11 0 
13 7 11 14 4 12 9 16 10 1 15 2 5 0 8 6 
16 12 7 8 1 5 11 10 9 15 13 0 6 2 14 3 
2 6 16 8 3 4 11 15 1 13 12 10 9 7 14 0 
13 11 14 1 8 5 10 2 4 12 3 16 7 0 9 15 
5 6 1 14 0 8 2 15 12 4 13 16 10 9 3 11 
15 11 12 6 10 0 1 7 4 9 16 3 14 5 2 13 
13 10 11 7 12 15 3 16 14 5 2 0 4 8 6 1 
16 13 2 14 9 12 5 3 6 1 4 7 0 8 15 11 
12 2 9 8 0 7 14 16 4 6 5 1 3 15 13 10 
3 15 1 14 7 8 16 4 6 0 2 11 9 13 10 5 
3 14 9 4 8 2 5 6 0 7 12 16 11 1 10 15 
8 6 2 15 13 9 12 1 0 7 11 5 10 4 3 16 
14 13 5 3 2 0 16 11 9 4 7 12 8 10 1 6 
11 10 9 6 13 2 8 14 3 15 0 1 4 7 12 5 
