7 11 10 1 3 9 14 15 5 6 13 8 4 16 12 2 
16 0 2 7 4 8 6 5 14 11 9 3 12 10 13 15 
7 14 12 8 10 5 16 13 15 4 6 11 3 0 9 1 
9 12 5 16 7 0 1 2 14 4 15 6 10 13 8 11 
3 11 7 0 8 14 6 15 13 10 2 5 9 16 12 1 
10 2 12 9 8 7 16 13 11 6 3 4 0 15 14 1 
11 7 8 0 10 5 13 3 2 1 9 16 4 14 12 15 
11 3 4 6 12 15 14 9 8 13 10 5 16 2 1 0 
9 6 3 7 5 2 4 10 13 15 16 1 12 14 0 11 
0 12 10 5 2 16 14 1 15 6 4 11 7 8 13 3 
16 5 15 2 6 11 7 4 0 12 9 1 13 3 14 8 
1 13 8 10 12 2 14 9 4 3 6 5 16 7 15 0 
3 10 14 15 5 9 13 2 1 16 4 0 6 11 7 8 
0 4 6 11 8 7 5 9 10 1 2 12 14 15 16 3 
4 3 6 5 9 12 2 15 11 16 0 7 8 13 1 10 
0 16 1 11 5 3 7 13 6 10 4 8 14 9 2 12 
3 11 4 5 8 14 2 9 7 1 13 0 12 15 10 6 
