2 4 6 3 13 9 1 14 7 16 12 15 10 11 8 5 
3 8 0 12 4 15 5 10 11 9 7 6 14 16 2 13 
15 5 6 10 12 16 13 7 9 8 4 3 0 11 1 14 
5 6 4 8 11 12 16 10 7 1 9 15 2 14 0 13 
5 1 2 3 14 6 10 9 12 11 7 13 8 15 16 0 
6 12 2 0 11 7 16 3 10 9 14 13 15 1 8 4 
14 0 12 10 7 11 5 4 9 2 1 3 8 15 16 13 
5 10 1 9 12 13 2 3 11 16 0 6 4 14 15 8 
7 12 16 11 9 15 13 10 14 5 4 2 6 1 3 0 
8 1 15 5 7 16 10 14 12 6 4 2 3 11 13 0 
5 0 3 8 2 13 1 14 15 16 11 12 6 9 4 7 
0 10 6 9 14 4 2 15 8 16 13 12 7 1 3 5 
5 4 0 1 13 7 3 16 8 15 6 11 9 2 14 10 
6 7 16 3 0 5 2 15 9 10 4 12 8 11 1 14 
11 8 2 0 13 1 3 10 12 16 6 5 7 4 15 9 
2 9 14 3 1 12 0 16 4 13 7 8 10 11 6 5 
1 3 11 10 2 0 8 14 13 12 7 9 6 4 15 5 
