12 13 9 16 1 3 8 6 14 4 7 5 11 10 2 15 
0 9 16 12 11 8 13 10 14 3 15 7 5 6 4 2 
5 8 1 16 7 13 6 15 10 4 9 14 11 12 3 0 
5 7 14 12 16 10 4 2 9 13 1 15 11 0 8 6 
12 10 0 8 1 6 5 11 15 9 13 7 14 2 16 3 
16 6 2 8 11 13 4 3 12 10 14 1 7 9 15 0 
1 9 5 10 13 11 2 8 4 12 3 16 14 15 0 7 
1 5 15 4 2 3 13 8 16 6 0 11 9 12 10 14 
4 11 3 6 7 2 13 9 10 12 1 5 16 14 15 0 
0 5 10 11 16 3 2 15 13 12 14 1 6 4 7 8 
6 15 16 3 5 9 13 12 2 14 4 7 8 0 11 1 
9 8 12 2 15 14 7 16 1 5 4 13 10 3 0 6 
15 1 0 11 4 16 9 6 2 10 3 8 13 7 5 14 
3 4 9 14 5 2 6 0 7 12 8 16 11 10 15 1 
6 12 2 15 1 9 4 13 0 11 8 5 10 7 16 3 
13 3 14 5 0 11 16 2 9 7 4 12 6 8 10 1 
10 1 11 3 14 15 4 8 9 6 0 2 13 12 5 7 
