8 16 9 6 10 4 15 11 5 3 1 14 12 13 7 2 
13 12 14 6 11 16 4 10 15 3 5 7 9 0 8 2 
4 11 10 9 12 7 16 6 8 1 13 0 14 5 3 15 
4 7 12 11 1 6 15 13 0 14 16 8 10 5 2 9 
6 13 12 7 10 11 0 16 5 8 1 14 3 9 15 2 
16 14 15 4 2 12 13 0 3 10 8 9 7 1 11 6 
13 5 1 2 16 14 12 15 11 10 4 3 8 7 0 9 
8 2 0 5 16 11 12 6 9 13 1 3 4 15 14 10 
10 7 13 0 12 6 2 16 14 11 9 3 15 5 1 4 
13 10 1 14 11 0 5 4 3 6 15 8 12 2 7 16 
12 8 9 7 6 11 0 4 13 3 15 5 16 2 14 1 
6 16 10 12 0 7 2 4 5 3 9 8 15 13 1 14 
11 5 7 14 13 8 1 2 4 15 6 3 0 10 9 16 
2 8 6 16 10 11 1 14 5 9 15 4 0 3 12 7 
10 0 11 16 13 2 12 1 6 7 15 8 9 5 4 3 
9 10 0 13 12 2 8 7 1 3 4 11 6 5 16 14 
10 4 6 15 2 13 11 3 1 12 8 5 0 9 7 14 
