15 6 16 8 11 1 4 9 5 14 2 12 3 10 13 7 
5 2 8 7 11 12 4 9 14 13 10 16 0 15 6 3 
10 9 4 8 0 7 15 16 13 12 1 14 11 5 6 3 
5 12 7 9 14 0 4 10 11 13 6 8 1 16 15 2 
8 11 15 14 2 1 0 13 12 6 3 9 5 10 16 7 
3 9 13 0 16 8 4 11 12 6 15 2 7 10 14 1 
13 15 1 5 10 9 16 3 4 14 11 2 12 8 0 7 
6 16 0 4 10 14 3 8 5 15 12 1 9 11 13 2 
5 15 1 10 6 14 2 11 3 12 7 4 9 16 0 13 
15 3 14 5 10 8 13 6 7 11 0 1 16 2 12 4 
2 5 6 9 16 12 8 14 11 1 7 15 3 4 0 13 
6 5 4 1 15 9 8 3 16 12 7 13 0 2 14 10 
4 13 15 7 9 1 8 10 0 2 6 14 5 11 3 16 
5 9 16 14 11 10 12 15 8 0 1 3 6 2 4 7 
1 2 16 8 5 15 9 4 13 6 12 10 7 0 11 3 
0 10 11 12 1 4 3 16 9 6 14 7 8 13 2 5 
13 4 15 14 0 12 3 8 11 5 6 10 2 7 1 9 
