5 2 6 4 8 7 10 14 11 16 13 12 3 9 1 15 
15 6 0 10 5 9 11 3 4 12 7 16 13 2 8 14 
3 5 1 14 9 6 12 16 0 11 8 15 4 10 7 13 
8 9 15 2 4 0 1 14 7 6 16 5 11 12 13 10 
14 9 5 10 3 2 0 13 16 15 12 7 1 11 6 8 
9 15 8 4 12 16 11 6 13 10 14 1 0 2 7 3 
8 9 5 1 12 2 3 4 10 7 0 13 16 14 15 11 
2 9 0 6 1 5 8 11 4 10 13 16 3 15 14 12 
4 9 7 12 11 3 1 0 13 2 14 16 5 10 15 6 
13 15 4 5 0 12 8 10 11 7 1 14 2 6 3 16 
0 16 5 6 13 8 3 12 1 7 2 15 4 11 9 14 
4 15 12 8 10 5 9 2 3 0 7 14 16 13 1 6 
8 14 6 13 1 10 2 4 0 11 15 5 7 9 16 3 
0 5 10 16 14 3 15 2 4 1 8 12 7 9 6 11 
13 2 11 8 12 3 0 4 1 5 7 6 16 10 15 9 
12 7 10 8 3 9 13 5 2 0 16 1 4 14 11 6 
1 15 8 11 14 6 3 12 9 10 0 4 5 13 7 2 
