7 10 1 11 9 3 14 15 5 6 8 13 16 2 4 12 
0 16 2 7 5 6 4 8 14 3 11 9 10 13 12 15 
14 7 12 8 10 5 13 16 4 6 11 15 1 3 9 0 
5 12 9 16 0 1 10 2 14 6 15 4 13 11 8 7 
3 7 0 11 8 15 14 6 5 2 13 10 12 16 1 9 
12 10 9 2 7 16 13 8 4 6 3 11 15 0 1 14 
0 7 8 11 10 3 5 13 9 16 1 2 12 15 4 14 
4 6 3 11 12 9 14 15 5 13 10 8 0 2 1 16 
7 6 3 9 5 2 4 10 15 16 1 13 12 14 11 0 
0 10 12 5 16 2 1 14 4 11 15 6 7 8 13 3 
5 16 2 15 6 11 7 4 12 1 9 0 14 8 3 13 
1 13 10 8 2 14 12 9 3 6 4 5 16 0 15 7 
3 14 10 15 5 9 2 13 0 4 1 16 8 7 11 6 
11 4 6 0 9 5 8 7 2 10 12 1 14 15 3 16 
4 6 5 3 12 9 2 15 0 7 11 16 10 1 8 13 
16 1 0 11 13 3 5 7 10 4 8 6 9 12 14 2 
11 3 5 4 2 8 14 9 1 7 13 0 10 12 15 6 
