6 7 9 11 14 2 3 12 1 16 15 10 8 13 5 4 
2 16 12 10 14 8 13 4 3 7 5 9 0 15 6 11 
10 13 6 8 5 11 9 15 0 12 3 16 4 7 14 1 
11 15 14 0 9 1 12 16 13 6 10 7 5 2 4 8 
15 8 1 14 6 13 10 9 2 7 3 5 12 16 0 11 
14 9 4 15 16 1 12 2 0 8 6 11 7 13 10 3 
3 7 1 2 11 4 15 14 5 13 10 8 0 16 12 9 
15 0 16 3 12 14 4 13 1 8 10 2 9 5 11 6 
0 9 15 3 5 11 13 6 2 1 16 10 7 4 12 14 
15 11 14 13 10 16 7 6 2 5 1 8 12 4 3 0 
14 11 13 3 8 12 0 2 1 5 9 7 16 6 15 4 
4 15 14 8 0 12 3 16 5 2 9 10 1 7 13 6 
0 11 8 6 4 5 15 14 13 9 1 2 7 10 16 3 
6 3 12 11 9 2 1 7 14 4 8 10 0 16 5 15 
10 1 9 2 5 16 15 11 3 13 7 4 12 6 8 0 
9 6 16 7 0 10 8 4 3 2 1 5 12 11 14 13 
9 4 3 15 2 1 5 7 10 14 8 6 12 11 0 13 
