16 14 12 7 11 4 3 1 10 8 5 9 13 6 2 15 
0 14 15 2 12 3 5 8 10 13 4 6 11 7 9 16 
5 6 9 16 8 1 13 10 12 11 3 4 7 15 0 14 
0 14 2 15 11 13 12 4 1 5 16 7 10 8 6 9 
2 9 16 10 6 8 13 0 3 11 12 5 15 7 1 14 
10 1 6 13 16 4 2 15 11 12 3 0 8 7 14 9 
8 14 13 0 15 4 1 3 16 11 10 5 2 7 12 9 
9 0 14 2 13 12 1 10 6 16 5 4 3 11 15 8 
5 11 6 16 9 10 1 15 7 0 2 14 4 13 12 3 
10 14 0 2 11 5 4 3 6 13 16 8 1 7 12 15 
1 11 4 13 7 12 9 2 15 14 3 5 8 16 6 0 
0 9 6 5 4 13 12 3 2 14 16 8 1 10 7 15 
1 4 3 15 11 14 5 7 9 16 10 8 2 6 0 13 
0 9 2 14 4 11 15 3 1 7 6 10 12 8 5 16 
5 12 0 7 1 4 11 3 10 16 15 2 8 9 13 6 
3 5 11 12 6 16 0 9 4 14 2 7 1 8 13 10 
1 3 13 6 9 11 4 8 2 5 7 12 10 0 15 14 
