4 15 3 1 2 6 9 16 8 7 13 14 5 12 10 11 
4 2 12 11 7 5 16 3 0 8 6 10 15 13 9 14 
5 16 0 14 11 1 6 3 10 7 4 12 8 9 13 15 
6 2 9 5 8 16 4 10 7 15 11 14 1 12 13 0 
2 8 3 6 11 1 0 13 14 15 10 16 5 7 9 12 
13 10 12 6 0 8 16 3 7 11 2 15 9 4 14 1 
10 9 1 7 5 2 4 14 13 8 16 11 3 0 12 15 
2 4 13 0 5 8 1 12 14 10 3 16 15 6 11 9 
3 10 9 4 13 11 5 16 2 12 1 14 0 15 6 7 
8 2 1 5 11 7 13 10 16 15 4 0 3 14 6 12 
14 3 9 7 12 13 16 2 0 1 5 11 8 15 6 4 
16 4 1 9 5 15 10 8 12 6 7 0 2 13 14 3 
4 8 14 11 13 5 3 15 7 6 1 16 9 0 2 10 
5 9 3 0 8 2 7 16 4 14 6 11 12 1 10 15 
5 6 13 4 3 8 1 7 10 0 2 15 12 11 16 9 
3 10 11 2 9 14 8 12 5 4 0 7 16 13 1 6 
7 1 2 15 5 14 10 6 12 13 3 4 0 9 11 8 
