13 12 10 16 3 8 1 9 5 14 7 4 11 6 15 2 
9 12 16 0 13 10 8 7 3 15 14 11 4 2 5 6 
1 8 5 12 15 6 7 13 4 9 14 10 11 0 3 16 
5 14 12 7 16 4 2 10 9 13 1 15 0 6 11 8 
12 8 0 15 5 11 6 1 16 9 13 7 14 10 3 2 
2 6 16 8 4 3 13 11 12 10 14 1 15 7 0 9 
9 5 10 1 11 2 8 13 12 4 16 3 7 14 0 15 
5 1 15 16 14 3 13 2 0 6 12 4 10 11 8 9 
1 11 12 6 9 7 15 2 4 10 0 13 14 5 3 16 
11 10 0 13 3 16 15 2 12 14 7 5 6 8 4 1 
13 16 15 2 5 3 12 9 4 6 7 1 8 14 11 0 
12 8 9 2 7 0 14 16 13 1 4 5 3 15 6 10 
3 15 1 0 4 9 16 6 2 8 11 10 7 13 5 14 
3 4 9 14 8 6 5 2 12 0 16 7 10 15 1 11 
7 6 2 15 1 9 13 16 0 11 5 8 4 3 10 12 
13 5 14 3 11 16 2 0 9 7 12 4 6 1 8 10 
1 11 9 10 0 14 8 4 3 6 15 2 13 12 5 7 
