16 6 8 15 11 4 9 1 5 14 12 2 10 13 3 7 
7 5 2 8 12 4 9 11 16 10 14 13 3 15 0 6 
4 8 9 10 16 7 15 0 13 12 14 1 11 5 6 3 
12 5 9 7 10 0 4 14 11 6 13 8 16 1 15 2 
11 8 14 15 1 2 0 13 9 6 3 12 5 10 7 16 
3 9 0 13 11 16 8 4 12 6 15 2 7 10 14 1 
1 5 13 15 9 10 16 3 11 2 14 4 12 7 8 0 
6 4 0 16 3 8 10 14 5 1 12 15 9 13 11 2 
5 15 1 10 6 14 11 2 7 4 12 3 16 9 13 0 
3 14 5 15 8 6 13 10 11 7 1 0 16 2 4 12 
0 2 6 9 12 8 16 14 7 11 1 15 5 4 3 13 
1 6 4 5 3 9 15 8 13 7 12 16 14 2 0 10 
7 15 13 4 9 8 1 10 2 0 6 14 11 5 16 3 
9 5 16 14 11 15 12 10 1 3 8 0 4 2 7 6 
2 16 1 8 5 4 15 9 10 12 6 13 11 0 7 3 
11 10 12 0 1 4 16 3 14 9 7 6 8 5 13 2 
15 4 13 14 8 3 0 12 6 10 5 11 7 2 9 1 
