10 13 6 1 12 11 3 5 15 7 9 14 4 2 16 8 
6 2 14 7 16 12 13 10 0 15 4 5 3 11 9 8 
6 9 15 11 10 8 4 1 16 7 12 14 5 3 13 0 
7 2 14 1 9 0 12 4 10 13 11 8 6 16 15 5 
12 6 8 7 1 9 13 0 14 5 16 11 3 10 2 15 
16 1 8 15 3 11 7 13 12 9 6 2 0 14 4 10 
16 5 10 8 7 13 15 9 11 3 0 4 2 12 1 14 
3 6 13 4 1 5 16 12 11 0 2 15 14 10 8 9 
13 15 3 14 11 5 7 4 6 1 16 0 10 9 12 2 
1 6 10 7 13 14 11 5 2 0 16 4 15 12 8 3 
13 12 3 8 0 14 6 16 1 15 11 4 5 2 9 7 
5 1 0 13 10 7 6 15 2 9 16 3 14 12 8 4 
9 11 0 10 14 7 3 16 1 8 13 2 5 6 4 15 
0 7 16 3 4 1 12 9 5 15 10 14 6 2 8 11 
3 9 1 4 5 0 2 10 15 13 16 6 7 11 12 8 
1 3 5 2 10 8 9 16 11 6 0 12 14 7 13 4 
11 3 1 14 15 8 7 0 4 13 10 2 6 12 5 9 
