5 3 9 10 6 8 14 16 7 12 13 11 4 1 15 2 
16 0 11 5 4 13 6 14 3 2 8 7 10 9 15 12 
4 9 6 13 5 3 11 8 0 16 10 12 15 7 1 14 
10 9 14 1 15 13 4 5 8 7 2 11 12 6 0 16 
14 15 16 8 5 2 13 0 12 9 6 1 7 3 11 10 
3 9 7 10 13 11 12 2 15 6 1 4 8 0 16 14 
4 14 16 13 10 1 15 2 0 5 12 7 9 8 3 11 
6 2 14 1 5 4 0 13 15 8 3 9 11 12 10 16 
2 15 3 16 13 7 11 1 14 10 12 9 5 0 6 4 
6 15 8 0 1 10 16 3 11 12 7 2 13 4 14 5 
4 13 15 6 12 5 11 9 14 0 3 2 8 1 16 7 
10 1 8 7 13 9 3 16 12 5 14 0 6 4 15 2 
6 4 15 1 2 14 7 10 16 8 0 13 5 9 3 11 
10 7 1 14 4 6 15 5 8 2 12 9 0 11 16 3 
1 9 4 15 2 7 8 3 5 6 13 0 12 11 10 16 
5 1 3 4 12 0 7 9 10 16 11 8 13 6 14 2 
2 3 13 14 4 11 6 7 9 1 15 8 0 5 10 12 
