15 10 5 12 4 8 1 14 16 13 6 7 11 9 3 2 
0 6 9 10 8 11 4 12 14 13 16 7 3 2 15 5 
8 1 0 13 12 6 3 7 10 14 15 9 5 4 11 16 
7 9 16 5 8 12 4 14 1 11 2 13 0 10 15 6 
13 16 7 12 11 5 1 10 8 9 0 15 3 6 2 14 
15 7 6 13 4 3 8 14 10 1 11 12 9 0 16 2 
11 0 1 9 2 10 5 4 12 14 3 16 8 7 15 13 
0 12 1 14 6 8 5 2 4 13 16 3 9 15 10 11 
0 11 14 1 16 10 12 15 7 4 9 3 6 13 2 5 
7 8 2 10 5 12 1 14 15 11 0 13 6 4 3 16 
9 11 16 6 12 4 5 13 2 7 1 14 0 8 3 15 
8 9 12 14 7 6 0 16 4 5 2 3 1 15 10 13 
6 1 15 2 4 16 7 8 3 14 0 11 10 13 9 5 
3 0 9 12 16 5 2 11 6 4 15 1 10 7 14 8 
11 7 8 15 13 12 1 9 6 0 3 5 2 10 4 16 
2 9 3 16 13 12 14 1 7 4 5 0 8 6 11 10 
6 11 8 7 2 13 1 14 15 3 9 10 4 12 5 0 
