13 10 12 5 4 6 8 1 16 14 7 15 9 3 11 2 
14 6 10 7 11 12 5 4 0 13 16 2 8 3 15 9 
4 16 13 12 0 6 7 3 10 1 8 15 11 5 9 14 
0 9 5 7 14 15 4 8 2 13 11 1 10 6 16 12 
12 7 8 13 10 5 11 1 16 15 9 0 2 6 14 3 
7 11 15 13 10 8 4 14 12 3 6 1 16 9 0 2 
1 11 0 13 5 4 2 16 14 3 12 10 7 15 9 8 
0 12 15 2 1 6 16 8 3 11 4 13 5 10 14 9 
0 11 1 14 15 9 3 12 7 16 10 4 5 6 13 2 
7 11 6 10 12 13 1 14 5 15 8 0 2 4 16 3 
12 11 16 6 4 9 13 5 7 2 14 1 8 0 15 3 
4 0 10 14 7 6 16 12 8 2 5 3 13 9 1 15 
1 6 2 15 8 7 4 16 3 0 10 11 5 14 9 13 
12 0 3 16 2 5 1 11 6 15 9 4 7 14 10 8 
15 13 11 8 9 16 1 7 3 0 5 6 10 12 4 2 
2 3 8 13 9 12 14 1 11 6 4 0 10 5 7 16 
0 6 1 8 13 14 2 7 10 15 3 9 4 11 12 5 
