13 5 12 8 1 11 7 15 16 10 14 6 4 2 3 9 
7 6 10 14 12 4 5 11 16 2 0 13 15 3 8 9 
12 13 16 4 6 0 3 7 10 8 1 15 9 14 5 11 
0 5 2 7 4 15 14 8 11 13 6 9 16 1 12 10 
8 12 13 7 15 1 10 11 9 5 16 0 14 2 6 3 
4 15 1 13 11 10 8 14 12 7 3 6 2 16 9 0 
11 9 0 1 2 4 16 5 14 12 15 10 3 13 7 8 
0 12 2 15 6 8 16 3 1 5 11 4 14 13 9 10 
0 11 1 14 15 9 3 12 4 10 16 7 13 2 5 6 
7 10 11 6 12 3 14 1 5 15 8 0 2 4 13 16 
12 11 6 16 13 9 4 5 2 7 1 14 8 0 15 3 
0 4 14 10 9 6 2 8 5 12 3 16 1 7 15 13 
6 1 15 2 16 0 4 5 13 8 3 11 10 9 14 7 
0 14 16 3 2 4 12 10 9 5 15 6 1 7 11 8 
11 8 15 13 16 1 7 9 0 5 3 6 10 4 12 2 
13 2 3 8 9 12 14 1 4 0 6 11 16 7 10 5 
1 0 8 6 5 13 2 11 15 10 3 9 4 12 7 14 
