8 10 13 15 12 6 1 9 3 16 7 5 4 14 11 2 
5 9 0 4 15 11 6 3 8 2 14 10 12 7 13 16 
15 8 11 1 13 16 12 7 9 6 0 4 5 3 10 14 
2 14 8 10 16 0 12 5 9 4 11 1 7 15 13 6 
9 5 10 13 7 2 0 16 8 11 1 14 6 3 15 12 
14 11 16 13 4 10 6 9 8 3 15 7 0 2 1 12 
10 14 8 15 0 5 3 16 9 1 2 11 13 7 12 4 
0 3 1 15 5 2 16 8 14 13 12 10 4 6 9 11 
11 1 15 2 4 5 0 9 13 10 14 16 6 12 3 7 
6 11 14 1 0 2 4 12 7 13 16 15 8 5 10 3 
0 12 3 16 7 6 9 4 13 14 2 15 5 1 11 8 
0 10 9 5 2 12 8 16 4 7 13 3 6 15 1 14 
0 6 16 3 2 1 11 8 4 13 7 15 14 5 10 9 
12 5 3 0 8 2 11 4 10 9 15 7 16 6 14 1 
16 5 2 13 8 1 11 15 10 12 7 9 0 3 6 4 
9 7 13 4 6 3 0 12 8 1 16 2 11 14 5 10 
10 9 4 5 6 0 12 3 11 2 8 1 7 13 14 15 
