10 13 12 5 4 8 1 6 7 14 16 15 2 11 9 3 
10 6 0 13 12 5 4 11 14 7 16 2 15 3 9 8 
13 12 4 16 3 0 6 7 10 8 15 1 11 14 9 5 
0 5 7 9 8 12 4 14 11 13 2 1 10 6 16 15 
12 7 13 16 5 11 10 1 9 0 15 8 6 14 2 3 
7 13 11 15 4 14 8 3 6 1 12 10 2 0 9 16 
11 1 0 13 4 2 5 16 10 12 3 14 15 9 8 7 
2 15 0 12 1 8 16 6 4 13 11 3 10 14 5 9 
11 0 1 14 12 9 15 10 7 4 3 16 13 2 5 6 
6 7 11 10 12 13 1 14 8 0 5 15 2 4 16 3 
11 16 6 12 5 9 13 4 2 7 14 1 15 0 8 3 
0 10 14 4 12 16 6 7 8 5 3 2 1 15 9 13 
6 1 2 15 4 8 16 7 11 10 3 0 9 14 13 5 
0 12 16 3 2 1 11 5 9 15 6 4 14 8 10 7 
7 15 11 8 9 13 1 12 0 3 5 6 16 10 4 2 
2 8 13 3 9 12 14 1 0 11 4 6 10 7 5 16 
0 8 6 1 7 2 14 13 3 15 10 9 11 12 5 4 
