4 7 11 8 13 16 6 1 2 3 10 14 15 9 5 12 
8 15 6 10 4 3 12 13 7 14 0 2 9 5 11 16 
7 5 6 14 15 10 13 4 1 11 9 3 0 16 8 12 
1 9 0 10 4 11 5 7 2 8 6 16 13 14 12 15 
1 8 11 12 5 15 7 0 6 14 16 2 9 3 10 13 
13 0 15 2 7 8 16 3 6 9 4 1 11 14 10 12 
11 13 3 16 2 4 5 9 7 0 1 12 15 10 8 14 
6 8 9 0 4 2 11 10 12 3 5 13 16 15 14 1 
5 2 13 1 15 7 16 3 9 12 6 14 4 0 10 11 
12 7 1 2 15 3 8 10 5 16 4 14 6 11 13 0 
14 5 3 8 13 9 7 4 0 15 1 16 6 12 11 2 
2 3 7 1 14 9 13 0 16 12 5 10 8 6 15 4 
1 3 5 6 7 15 9 10 4 16 2 14 8 11 0 13 
11 16 15 9 5 2 1 8 3 4 14 0 10 6 7 12 
10 1 16 0 7 2 8 13 4 15 5 12 3 9 11 6 
5 11 2 12 13 8 1 14 9 16 7 10 3 4 0 6 
0 3 15 2 6 13 10 5 4 9 8 12 11 7 1 14 
