12 14 4 2 1 8 15 10 6 7 3 16 11 9 13 5 
15 11 8 12 4 14 9 7 6 2 16 3 10 5 0 13 
8 3 9 12 0 11 4 14 13 6 16 1 7 5 15 10 
15 6 16 13 10 2 7 1 8 12 4 14 11 0 9 5 
9 14 11 5 8 15 3 10 7 2 0 16 12 1 6 13 
14 7 0 9 4 11 2 3 15 13 6 12 8 16 1 10 
15 16 7 8 14 10 9 12 3 0 11 4 13 1 2 5 
6 4 12 13 0 10 1 9 5 8 14 11 16 3 15 2 
6 12 13 9 5 10 1 14 4 11 0 3 16 7 2 15 
5 4 15 2 7 11 3 16 8 12 14 13 6 0 1 10 
2 6 9 0 11 5 7 14 4 12 8 1 13 15 16 3 
6 4 14 1 3 7 2 12 8 15 16 5 10 9 13 0 
5 15 16 13 1 3 2 6 10 4 7 11 0 8 9 14 
5 3 2 15 0 14 11 4 9 8 16 10 7 12 1 6 
12 8 13 0 3 4 11 7 16 9 5 10 6 1 15 2 
12 14 13 4 8 9 10 0 6 11 16 3 2 1 5 7 
0 4 10 14 7 9 1 6 3 12 2 8 15 5 11 13 
