1 3 10 7 13 4 16 12 8 6 2 15 5 11 9 14 
15 4 10 7 11 6 14 2 8 5 12 0 13 9 16 3 
5 0 1 14 9 12 13 10 11 16 7 15 3 4 6 8 
2 10 12 13 5 16 11 6 7 0 8 14 9 4 1 15 
6 2 9 7 3 15 14 1 5 12 0 11 8 13 10 16 
11 4 8 9 13 3 1 14 10 0 15 2 6 12 7 16 
2 13 11 8 10 12 3 1 16 0 4 7 9 5 14 15 
16 1 2 9 15 8 5 13 6 10 14 12 11 3 4 0 
14 6 4 10 5 13 7 15 2 11 9 1 0 12 3 16 
7 4 2 5 0 1 6 3 12 11 10 13 15 16 8 14 
11 6 3 13 2 8 1 5 9 12 4 14 16 7 0 15 
10 7 14 13 12 15 3 4 9 5 6 8 0 2 16 1 
9 7 0 13 16 1 10 5 14 6 15 2 3 11 8 4 
2 5 3 10 15 14 12 11 6 1 0 4 8 7 9 16 
16 10 15 5 9 6 0 11 2 8 7 3 13 12 4 1 
2 9 16 3 11 4 12 7 6 13 1 5 8 0 10 14 
15 11 9 1 7 5 3 6 4 14 2 13 12 8 10 0 
