13 1 3 11 7 15 6 8 16 12 9 2 4 5 10 14 
11 6 4 9 0 14 2 15 10 16 8 13 7 3 5 12 
16 13 6 15 8 5 14 1 9 12 11 0 10 4 3 7 
16 1 7 6 13 5 15 9 8 2 10 12 4 14 0 11 
12 14 15 11 10 3 9 8 5 1 16 6 2 7 13 0 
12 13 4 3 8 11 0 16 9 7 15 2 6 10 1 14 
8 10 5 12 3 1 0 15 2 16 11 9 13 7 14 4 
8 13 5 14 0 12 9 3 16 4 6 15 11 2 1 10 
15 9 10 4 14 2 16 3 12 1 6 0 13 11 7 5 
8 4 7 1 15 0 3 5 10 13 6 2 16 14 12 11 
4 12 13 16 8 3 2 14 15 11 1 7 5 0 6 9 
10 15 16 1 2 0 4 8 14 9 7 5 13 3 12 6 
13 2 11 6 4 8 3 15 14 9 7 10 5 0 1 16 
0 7 16 3 11 5 2 15 6 9 8 14 12 1 4 10 
1 13 15 12 0 3 6 10 8 7 16 9 5 2 4 11 
2 4 9 1 14 6 3 16 11 5 7 10 12 8 13 0 
9 3 1 14 7 4 13 0 6 12 5 2 10 15 8 11 
