15 10 3 7 6 1 12 5 4 9 14 2 13 8 16 11 
9 7 2 15 0 10 6 4 5 8 16 3 12 14 11 13 
4 11 1 14 12 15 6 10 9 7 13 0 5 8 3 16 
5 0 12 9 7 11 13 16 8 6 1 14 4 10 2 15 
9 12 14 13 2 8 1 6 10 11 0 7 5 15 16 3 
7 6 13 0 3 9 2 15 12 10 11 4 8 16 14 1 
12 11 4 1 8 5 16 3 2 14 9 10 15 7 0 13 
4 8 2 15 12 16 9 6 5 11 1 14 3 10 0 13 
0 1 3 10 7 13 12 6 5 14 2 9 16 15 11 4 
3 10 12 6 8 2 0 13 5 15 7 1 11 16 4 14 
13 12 14 11 6 4 15 2 8 9 16 5 0 7 3 1 
5 3 7 15 10 14 13 9 2 0 1 6 12 4 8 16 
10 1 0 3 11 6 2 9 7 8 13 16 4 5 15 14 
1 8 2 0 4 15 10 6 9 14 16 5 3 11 7 12 
8 6 3 15 11 13 7 12 16 9 2 1 5 10 4 0 
11 16 8 1 2 14 3 4 5 13 12 9 7 6 10 0 
12 7 0 13 1 2 3 11 6 8 15 4 9 14 5 10 
