5 13 9 3 16 8 6 14 12 10 11 7 1 4 15 2 
0 16 12 11 13 14 6 4 3 7 8 15 2 5 10 9 
4 13 14 6 11 9 8 3 0 12 10 16 15 7 1 5 
10 9 1 14 13 4 15 5 11 16 7 2 8 0 12 6 
13 7 16 15 8 2 5 0 6 12 14 1 11 9 3 10 
15 10 7 6 2 11 12 1 3 13 4 9 14 16 8 0 
14 4 16 13 7 10 2 15 1 0 12 5 8 9 3 11 
16 2 6 1 5 4 13 0 15 9 3 8 12 14 11 10 
0 15 3 5 11 7 1 9 12 10 14 16 2 13 6 4 
0 11 6 15 16 10 1 12 4 2 3 8 13 7 5 14 
13 6 4 15 12 9 5 11 0 2 3 8 7 16 1 14 
7 10 4 1 9 13 3 16 14 12 5 0 6 8 2 15 
1 4 15 6 10 2 14 7 8 16 0 13 3 11 5 9 
11 0 1 14 4 5 15 6 2 12 3 8 16 10 9 7 
9 15 4 1 8 2 10 7 5 6 0 13 12 11 3 16 
2 12 1 9 3 4 0 7 16 10 8 11 5 14 13 6 
13 3 2 15 4 11 7 1 5 9 8 6 10 0 14 12 
