2 1 13 4 6 9 14 3 16 7 12 15 10 11 5 8 
8 12 0 3 2 4 5 10 9 11 6 7 16 14 15 13 
15 10 1 14 7 13 5 16 9 3 8 4 6 12 0 11 
5 6 4 8 10 12 16 11 9 1 7 15 14 2 0 13 
7 1 0 3 11 10 15 9 5 14 13 6 12 8 2 16 
6 2 12 0 7 11 16 3 14 9 10 13 4 1 15 8 
0 1 10 5 7 3 11 14 12 9 4 2 16 15 8 13 
1 5 10 9 13 3 2 12 6 0 16 11 15 4 14 8 
11 12 16 7 15 13 9 10 14 2 4 5 1 6 3 0 
1 5 15 8 16 2 14 10 6 11 12 4 3 7 0 13 
8 15 3 12 13 2 14 1 16 11 5 7 4 6 9 0 
6 9 5 10 4 14 2 15 8 16 12 13 3 7 1 0 
0 1 7 5 4 13 16 3 15 8 11 6 9 14 10 2 
4 10 16 3 0 5 2 15 6 9 12 7 11 8 1 14 
0 8 2 11 10 3 1 13 5 12 16 6 15 9 4 7 
2 14 6 3 16 1 0 11 12 7 8 13 4 5 10 9 
1 3 9 11 2 10 14 8 12 13 0 7 6 4 15 5 
