2 6 4 3 13 9 14 1 12 15 7 16 8 10 11 5 
8 3 12 0 15 10 4 5 6 7 9 11 13 14 2 16 
15 10 5 6 13 7 16 12 4 9 8 3 11 0 14 1 
5 8 6 4 16 11 12 10 7 1 9 15 2 14 0 13 
1 3 5 2 10 14 9 6 13 12 11 7 16 15 0 8 
0 12 2 6 7 11 16 3 13 14 9 10 4 15 1 8 
5 0 12 10 14 7 4 11 1 9 2 3 13 8 16 15 
1 5 9 10 3 2 12 13 6 0 16 11 4 8 15 14 
7 16 11 12 9 10 15 13 2 14 5 4 6 3 0 1 
5 15 8 1 10 16 7 14 6 4 2 12 3 11 13 0 
5 0 3 8 2 13 14 1 12 16 15 11 6 9 4 7 
10 6 9 0 14 4 2 15 16 8 12 13 5 7 1 3 
1 0 4 5 7 13 3 16 11 8 15 6 10 9 2 14 
6 7 16 3 0 5 2 15 4 9 10 12 11 8 14 1 
0 2 11 8 3 13 1 10 16 12 6 5 7 4 15 9 
6 3 2 14 16 1 12 0 8 13 4 7 9 11 10 5 
11 10 1 3 0 8 2 14 12 13 9 7 4 5 15 6 
