6 4 11 7 14 3 15 9 13 10 5 8 1 16 12 2 
7 0 5 2 8 6 16 4 11 9 14 3 12 13 15 10 
8 7 12 14 16 5 10 13 11 6 15 4 0 1 3 9 
16 9 5 12 0 7 1 2 15 4 6 14 11 13 10 8 
7 3 0 11 14 15 6 8 10 1 2 13 9 16 5 12 
2 10 1 9 8 7 13 0 6 4 3 11 12 14 15 16 
7 0 11 8 13 5 10 3 9 2 1 16 12 15 14 4 
11 6 4 3 9 8 14 1 10 13 5 12 16 0 2 15 
3 6 9 7 5 4 10 2 1 15 13 16 0 12 11 14 
12 5 10 0 16 2 14 1 4 11 6 15 8 13 7 3 
5 16 2 15 6 4 11 7 9 12 14 1 3 0 13 8 
1 13 10 8 14 2 9 12 4 6 3 5 16 0 7 15 
9 14 3 15 2 13 5 10 16 0 1 4 8 11 6 7 
0 4 11 6 8 16 7 5 12 10 1 2 3 14 9 15 
3 4 5 6 9 12 2 15 7 16 10 11 1 8 0 13 
16 11 1 0 3 7 5 13 8 6 10 4 9 14 12 2 
3 5 6 11 14 10 2 8 7 1 13 0 15 12 4 9 
