6 12 15 8 13 2 9 10 11 4 7 1 5 14 3 16 
9 5 15 7 13 10 11 16 12 0 8 2 6 3 4 14 
8 10 1 6 13 14 9 15 4 7 16 0 3 5 12 11 
4 12 5 13 14 10 16 7 11 6 2 9 8 0 15 1 
7 15 12 14 0 8 9 1 10 11 3 16 2 5 13 6 
8 14 4 2 0 11 7 10 9 12 16 6 13 3 1 15 
16 9 2 8 11 0 15 5 10 4 14 1 7 13 3 12 
10 12 5 2 9 16 8 11 1 15 3 4 6 14 0 13 
10 12 15 2 16 5 14 1 11 3 7 6 4 9 0 13 
11 2 14 4 8 5 3 16 6 13 1 7 10 12 0 15 
6 11 2 15 5 13 8 14 12 4 7 3 9 1 0 16 
5 8 0 9 3 2 1 14 16 6 15 12 7 13 10 4 
0 7 14 15 16 2 5 4 10 6 1 9 8 3 11 13 
6 5 14 9 11 1 0 12 3 15 8 10 4 7 16 2 
15 11 13 16 3 9 7 5 8 1 2 12 4 0 10 6 
3 6 0 10 14 8 7 2 9 11 4 5 12 13 16 1 
4 7 8 6 3 9 15 2 14 12 11 10 1 5 13 0 
