15 5 3 8 2 10 11 12 6 7 14 1 13 4 16 9 
10 7 3 16 14 11 9 2 15 6 13 0 5 8 4 12 
4 3 12 6 13 10 15 11 5 7 1 0 16 8 14 9 
10 12 1 4 8 7 16 13 5 11 2 0 14 15 6 9 
11 1 6 16 12 2 0 7 14 8 3 13 9 5 15 10 
10 8 15 12 0 14 6 2 1 11 3 16 7 9 4 13 
16 12 2 15 10 13 11 14 8 7 4 3 0 5 1 9 
6 11 8 10 4 15 14 1 2 0 3 16 12 9 13 5 
5 16 2 10 4 3 11 14 6 9 12 7 15 1 0 13 
2 13 6 4 1 3 5 10 12 7 14 16 8 0 11 15 
4 16 5 6 12 15 11 9 14 8 7 0 2 13 3 1 
6 13 12 1 8 2 4 9 3 15 7 5 16 10 0 14 
9 4 10 0 6 3 15 2 5 14 16 13 8 7 11 1 
5 1 8 2 10 3 6 9 11 7 15 4 12 14 16 0 
11 0 9 3 15 4 16 1 6 12 5 8 7 13 10 2 
3 12 0 13 5 6 11 7 9 16 2 8 10 4 1 14 
11 4 5 13 9 12 3 1 10 0 8 6 7 14 2 15 
