3 1 15 4 9 2 6 16 8 7 14 13 12 10 11 5 
4 2 12 11 7 5 16 3 0 6 8 10 14 15 9 13 
0 14 5 16 6 1 11 3 4 10 7 12 15 9 13 8 
2 9 5 6 8 4 16 10 14 7 11 15 1 12 0 13 
3 6 2 8 11 1 0 13 16 10 14 15 12 9 7 5 
12 6 13 16 3 8 10 0 7 11 2 15 4 14 1 9 
9 7 1 10 14 5 4 2 16 13 11 8 15 0 3 12 
2 4 13 0 1 12 8 5 14 10 3 16 11 15 6 9 
13 4 10 9 5 11 3 16 2 12 14 1 0 7 6 15 
1 5 8 2 10 11 13 7 15 16 0 4 3 6 14 12 
14 7 9 3 16 12 2 15 5 0 1 11 6 13 4 8 
4 9 1 16 8 10 5 15 12 6 0 7 14 13 2 3 
8 4 11 14 13 3 5 15 6 1 16 7 0 2 9 10 
3 9 0 5 7 16 2 8 11 14 6 4 12 15 10 1 
15 4 5 6 3 8 1 7 2 10 13 0 9 12 16 11 
3 11 10 2 14 8 12 9 5 0 7 4 6 13 1 16 
7 1 15 2 5 14 6 10 12 3 4 13 9 11 0 8 
