11 6 2 9 3 13 10 5 4 15 14 1 16 12 7 8 
4 2 16 11 6 0 9 10 15 7 13 3 14 8 12 5 
4 6 14 9 7 12 1 8 10 13 16 3 0 11 15 5 
7 8 15 12 4 16 1 6 13 10 14 5 2 11 9 0 
12 8 14 1 10 15 0 13 2 6 3 16 9 7 11 5 
8 16 9 1 12 14 4 0 3 15 11 7 13 6 10 2 
1 16 0 9 2 8 11 4 14 10 3 5 7 12 13 15 
12 13 5 1 11 16 2 4 14 6 0 3 9 10 15 8 
16 11 4 6 0 2 14 1 7 3 12 13 15 9 5 10 
12 2 14 1 4 13 16 3 7 5 11 15 10 8 6 0 
1 6 9 8 13 11 5 4 0 12 7 15 2 14 16 3 
13 8 7 12 3 5 4 0 15 1 9 10 16 6 14 2 
0 1 3 16 7 10 13 5 4 14 11 15 8 2 6 9 
0 9 12 1 11 8 16 6 14 4 15 2 10 3 5 7 
3 0 5 6 10 4 16 13 7 9 2 11 1 15 8 12 
14 3 13 4 2 1 16 12 11 0 6 10 9 7 5 8 
14 12 4 2 10 3 1 13 0 15 8 6 11 5 7 9 
