12 11 10 8 5 2 1 16 3 4 6 13 14 15 7 9 
6 8 16 12 10 4 9 13 2 0 7 11 3 5 14 15 
8 3 1 12 0 14 4 7 11 5 13 9 16 15 10 6 
5 10 9 16 14 11 4 13 0 6 2 15 12 1 7 8 
6 12 15 2 5 13 8 7 9 1 16 11 0 10 14 3 
4 2 7 3 6 9 14 1 15 10 11 8 12 0 13 16 
11 1 16 3 13 8 2 9 12 10 14 7 0 15 4 5 
16 8 4 6 3 9 12 0 2 5 11 14 13 10 15 1 
10 2 14 16 12 7 3 13 0 15 9 1 4 11 5 6 
0 6 5 7 11 15 3 16 12 4 14 1 2 13 10 8 
11 6 0 13 14 5 16 12 8 7 4 9 3 1 15 2 
6 13 14 1 7 9 16 2 0 3 8 5 12 4 15 10 
8 5 1 15 16 14 13 0 9 2 4 3 6 10 7 11 
4 15 7 16 9 5 12 6 11 14 8 3 10 0 2 1 
4 0 8 16 1 7 15 11 2 12 5 13 3 10 6 9 
13 7 3 16 4 1 5 10 11 0 12 9 8 6 14 2 
15 14 8 9 11 4 12 2 1 6 0 13 3 5 7 10 
