1 4 2 15 9 6 3 14 12 7 16 13 5 11 10 8 
3 12 8 0 6 2 10 4 5 16 7 9 11 13 15 14 
10 15 14 1 13 7 3 16 5 4 8 9 11 12 6 0 
11 8 5 6 10 16 12 4 1 7 9 15 2 14 0 13 
12 0 10 7 11 15 1 9 6 5 13 14 8 2 16 3 
2 12 6 9 11 7 16 3 14 10 13 0 4 8 15 1 
10 0 1 5 3 14 7 11 9 2 4 12 15 8 16 13 
5 10 9 1 13 12 2 3 16 0 6 11 8 15 4 14 
5 4 12 11 9 13 15 10 16 7 14 2 0 6 1 3 
6 3 8 5 10 2 12 16 11 4 13 15 0 7 1 14 
12 8 15 3 0 2 14 1 5 11 16 7 13 6 4 9 
10 6 9 5 4 14 2 15 16 8 13 12 0 3 1 7 
5 0 7 10 13 4 3 16 6 8 15 11 2 9 14 1 
4 14 3 16 0 5 15 2 6 9 7 12 11 10 1 8 
0 11 8 2 10 4 1 13 6 5 12 16 3 7 9 15 
14 6 3 2 16 1 0 11 12 13 7 8 10 4 5 9 
1 2 3 11 10 9 8 15 7 12 13 0 6 5 14 4 
