7 10 5 13 8 3 1 15 6 16 2 4 12 14 9 11 
16 13 4 6 12 9 5 14 7 3 10 2 0 11 15 8 
12 8 15 9 10 7 13 6 4 16 1 5 11 0 3 14 
8 15 14 0 6 9 2 13 5 10 7 1 11 4 16 12 
14 0 6 11 9 8 15 1 13 16 2 12 7 5 10 3 
14 8 11 0 1 3 2 15 10 9 7 12 4 13 6 16 
9 10 3 16 1 8 15 11 12 4 13 2 0 5 14 7 
5 10 15 11 1 2 13 12 3 8 9 6 0 4 16 14 
4 13 10 16 3 7 14 6 2 5 11 9 12 15 0 1 
3 10 8 6 14 5 4 2 1 16 12 13 15 0 7 11 
4 1 8 2 13 6 16 3 14 12 5 7 9 15 11 0 
6 12 16 9 13 10 7 4 0 1 3 2 8 14 5 15 
3 7 5 0 4 10 13 16 11 14 8 9 6 1 2 15 
9 12 11 14 1 15 16 8 10 6 2 4 3 0 7 5 
7 12 13 5 0 4 16 3 9 15 11 1 6 8 10 2 
8 12 5 4 6 13 10 2 1 7 16 3 11 0 9 14 
7 10 15 12 13 4 11 5 0 2 3 1 14 8 9 6 
