5 12 13 2 8 14 7 10 11 6 4 16 15 1 9 3 
10 15 6 0 9 5 3 11 16 4 7 12 13 8 2 14 
3 5 1 14 9 12 6 16 8 11 15 0 4 13 10 7 
8 9 15 2 0 4 1 14 6 16 7 5 10 13 12 11 
2 14 10 5 3 9 13 0 15 12 7 16 1 8 11 6 
15 4 8 14 16 6 11 9 10 12 1 13 7 0 3 2 
5 9 8 1 2 4 3 11 7 10 0 13 14 15 12 16 
2 9 0 6 5 1 8 12 16 11 10 14 15 4 3 13 
12 9 7 4 3 1 11 0 13 2 16 14 5 10 15 6 
15 5 13 4 8 0 10 12 7 11 14 1 2 6 3 16 
6 5 16 0 3 8 13 12 7 1 15 2 11 4 14 9 
15 9 8 12 2 5 4 10 14 0 3 7 1 13 16 6 
6 8 14 13 4 2 10 1 11 5 0 15 7 9 16 3 
8 0 5 16 3 14 2 15 10 4 12 1 6 9 11 7 
16 13 8 11 3 0 4 12 5 7 6 1 9 10 2 15 
7 14 8 10 9 3 5 13 1 16 0 2 6 12 11 4 
15 13 11 6 1 12 3 10 0 4 14 9 8 5 7 2 
