8 4 2 9 5 16 1 7 10 14 12 13 15 3 11 6 
0 2 11 9 14 6 13 15 5 8 12 3 4 10 7 16 
9 10 3 14 13 1 4 7 11 12 0 15 8 6 5 16 
6 9 15 11 12 16 5 1 10 2 13 0 7 8 14 4 
1 6 16 11 14 5 12 10 9 8 2 15 7 3 13 0 
0 13 14 1 3 8 4 11 6 15 9 7 16 10 2 12 
12 4 13 0 1 11 16 7 3 15 5 8 9 14 2 10 
5 8 3 4 15 6 1 9 2 10 0 16 14 11 13 12 
12 14 10 13 6 0 1 15 4 11 16 7 3 5 2 9 
0 5 2 10 1 7 4 13 12 3 14 8 6 16 15 11 
6 7 3 5 14 9 0 2 16 1 12 13 11 4 8 15 
15 9 0 13 10 2 12 5 14 6 16 7 3 4 8 1 
3 5 0 13 1 6 15 7 8 4 10 16 2 9 14 11 
12 1 7 15 16 14 4 10 5 9 0 11 2 3 8 6 
1 3 15 6 16 4 11 12 2 9 8 0 5 10 7 13 
14 5 0 13 12 7 3 6 10 2 9 8 16 11 1 4 
14 10 9 0 3 2 8 5 4 7 6 12 13 11 15 1 
