10 11 3 16 12 4 1 2 7 6 8 14 15 5 13 9 
3 13 11 7 2 0 9 6 15 8 4 16 14 12 10 5 
15 14 10 7 12 8 3 6 1 16 0 13 11 9 4 5 
4 7 13 0 5 8 10 6 16 9 2 14 11 12 15 1 
12 15 13 3 9 10 16 1 11 2 8 6 14 7 5 0 
13 16 12 2 7 9 3 4 15 6 1 14 0 11 10 8 
8 11 14 2 1 13 5 4 0 10 3 9 15 12 16 7 
11 10 12 13 0 2 5 8 9 3 1 14 15 16 4 6 
5 3 2 15 11 6 4 9 7 16 0 12 13 10 1 14 
15 6 7 11 12 8 0 13 4 1 10 2 5 14 3 16 
13 14 7 4 12 8 5 9 1 11 15 0 2 6 16 3 
5 10 13 6 14 4 15 3 0 8 16 1 2 9 7 12 
10 15 2 7 6 13 0 14 3 1 4 8 11 9 16 5 
9 10 16 6 11 4 14 12 1 8 3 7 5 0 15 2 
7 11 1 2 4 10 16 0 8 13 9 15 5 6 12 3 
4 0 6 12 10 2 3 14 5 1 9 7 8 16 13 11 
13 11 3 2 12 14 9 0 7 5 6 1 15 8 4 10 
