9 3 5 13 14 16 8 6 12 10 7 11 1 4 15 2 
11 0 12 16 13 4 6 14 7 15 3 8 9 10 5 2 
4 13 6 14 9 11 8 3 16 10 12 0 1 7 5 15 
10 9 14 1 15 5 4 13 11 7 2 16 0 12 8 6 
7 16 8 15 2 5 13 0 12 6 1 14 9 11 10 3 
7 15 6 10 1 12 2 11 3 13 4 9 14 8 0 16 
14 13 16 4 7 10 2 15 1 5 0 12 11 3 8 9 
2 1 6 16 5 4 13 0 15 9 3 8 11 14 12 10 
5 0 3 15 9 7 1 11 16 12 14 10 2 13 6 4 
11 6 0 15 12 1 16 10 4 3 2 8 13 14 7 5 
13 6 4 15 9 5 12 11 8 2 3 0 7 16 14 1 
1 10 8 7 9 13 3 16 0 12 5 14 6 4 2 15 
15 1 4 6 2 14 7 10 8 16 0 13 5 9 3 11 
11 0 1 14 6 4 15 5 12 2 8 3 7 16 9 10 
4 9 15 1 10 2 8 7 6 5 0 13 12 11 3 16 
9 12 2 1 0 3 4 7 10 8 16 11 6 14 5 13 
13 3 15 2 7 1 4 11 9 5 8 6 14 0 12 10 
