5 13 12 8 11 7 15 1 10 16 6 14 2 4 3 9 
6 14 10 7 4 5 12 11 2 16 0 13 15 8 9 3 
6 4 0 13 12 7 16 3 10 14 8 5 9 11 15 1 
5 2 7 0 14 8 15 16 6 13 11 9 4 1 10 12 
12 8 7 13 0 5 11 15 1 10 16 9 2 3 6 14 
1 13 15 4 14 11 10 8 6 12 3 0 2 7 9 16 
0 9 1 11 16 4 2 5 10 14 15 12 13 7 8 3 
4 0 2 15 6 8 3 16 5 10 12 11 9 13 1 14 
14 11 9 13 3 12 15 0 10 7 16 4 1 6 5 2 
10 4 6 14 13 1 11 3 8 5 0 15 2 12 7 16 
6 2 11 12 7 9 4 13 5 1 3 16 15 8 0 14 
12 10 15 0 9 1 8 2 3 14 5 13 16 7 4 6 
1 14 2 15 16 5 0 4 11 8 13 3 6 9 7 10 
14 0 16 3 4 12 10 2 9 15 5 6 8 7 1 11 
10 4 16 8 0 11 7 1 6 12 3 5 9 13 15 2 
2 3 13 8 9 14 16 12 0 11 7 6 4 10 5 1 
10 9 8 0 13 5 11 2 6 3 1 15 12 7 14 4 
