9 3 10 5 14 6 16 8 12 13 11 7 4 1 2 15 
16 5 0 11 6 4 13 14 8 2 7 3 10 12 9 15 
4 9 6 13 8 5 11 3 12 16 10 0 15 7 1 14 
9 10 14 1 15 5 4 13 2 11 8 7 6 12 0 16 
8 16 15 14 5 2 13 0 9 6 12 1 3 10 7 11 
7 9 10 3 2 12 11 13 15 4 1 6 14 8 16 0 
14 4 13 16 10 1 2 15 0 7 5 12 3 8 9 11 
1 2 16 6 5 4 0 13 15 9 8 3 10 14 12 11 
15 2 16 3 11 13 1 7 10 12 14 9 4 0 5 6 
6 8 15 0 10 1 16 3 12 2 11 7 4 5 13 14 
4 13 15 6 9 5 12 11 3 2 14 0 16 8 1 7 
7 10 1 8 9 13 3 16 5 12 14 0 4 6 2 15 
4 6 15 1 14 7 2 10 16 8 0 13 11 3 5 9 
7 10 14 1 6 15 4 5 12 9 2 8 11 0 16 3 
9 1 15 4 2 3 7 8 6 5 13 0 16 11 12 10 
9 5 1 4 3 0 12 7 11 8 10 16 13 6 14 2 
13 2 3 14 11 4 7 6 8 15 9 1 0 10 5 12 
