1 15 4 3 16 9 6 2 7 14 13 8 10 11 5 12 
2 4 11 12 7 5 3 16 9 10 6 8 15 14 13 0 
0 14 16 5 11 6 1 3 4 10 12 7 13 9 8 15 
14 12 6 2 9 4 7 0 16 5 15 11 8 10 13 1 
3 6 2 8 11 9 1 13 10 14 16 15 7 12 0 5 
10 6 13 0 4 8 16 3 11 7 2 15 12 9 14 1 
13 7 14 1 2 5 4 10 8 0 11 16 3 9 15 12 
4 2 13 0 1 12 8 5 14 10 16 3 6 11 9 15 
10 1 3 4 13 11 12 16 9 2 5 14 6 7 15 0 
1 5 8 2 13 7 10 11 14 16 4 15 6 3 12 0 
9 7 3 14 13 16 2 12 5 0 1 11 6 15 8 4 
16 4 9 1 0 15 8 10 5 12 7 6 2 13 14 3 
11 8 14 4 3 5 13 15 6 1 7 16 0 10 2 9 
0 9 3 5 8 2 7 16 6 14 4 11 12 15 10 1 
6 13 5 4 11 8 7 3 1 0 2 15 9 12 16 10 
3 10 11 2 14 12 0 8 7 4 5 9 16 6 1 13 
7 1 15 2 14 5 6 10 4 13 3 12 11 8 0 9 
