13 15 11 4 14 9 7 8 5 12 6 16 2 3 10 1 
3 7 0 13 11 9 14 6 15 5 12 16 4 8 10 2 
7 12 9 14 3 1 6 0 4 5 8 16 10 13 15 11 
2 7 8 13 0 16 12 11 5 1 6 10 4 9 14 15 
16 7 8 9 13 12 3 15 10 0 5 14 1 11 6 2 
6 2 4 0 13 9 12 11 16 8 14 10 7 3 1 15 
7 12 13 8 0 16 14 1 15 11 3 4 9 10 5 2 
2 16 13 11 9 3 1 14 5 8 6 4 0 15 10 12 
11 14 12 6 0 1 15 4 10 13 16 3 7 2 9 5 
10 12 0 4 11 2 3 8 5 13 14 15 7 16 6 1 
1 2 3 12 11 0 7 16 14 5 6 13 15 4 8 9 
3 5 7 6 14 16 4 13 10 9 1 8 12 0 2 15 
11 10 0 13 6 15 8 9 1 5 16 3 7 14 2 4 
0 8 9 3 15 10 7 4 12 6 2 16 11 5 1 14 
6 5 7 15 8 4 1 11 12 10 3 0 16 13 2 9 
1 16 9 4 0 14 2 12 8 5 6 13 10 3 11 7 
4 13 6 12 15 8 1 14 0 10 11 7 3 5 2 9 
