9 16 6 8 15 10 4 11 5 3 14 1 12 7 13 2 
6 12 14 13 16 4 10 11 3 7 5 15 2 9 0 8 
9 4 11 10 16 12 6 7 1 8 13 0 5 14 3 15 
4 7 12 11 6 1 15 13 0 14 16 8 9 2 5 10 
6 13 7 12 10 0 11 16 8 5 1 14 9 3 15 2 
4 14 16 15 12 2 13 0 9 8 10 3 7 11 6 1 
13 2 1 5 15 14 16 11 12 4 3 10 9 8 7 0 
2 5 8 0 11 6 16 12 1 9 13 3 14 10 15 4 
10 7 13 0 2 12 16 6 14 9 3 11 15 5 1 4 
13 10 14 1 5 4 0 11 15 8 6 3 7 12 2 16 
12 7 8 9 0 4 6 11 13 5 3 15 16 2 1 14 
16 10 12 0 6 7 4 2 9 3 8 5 15 13 1 14 
14 11 5 7 8 1 13 2 3 4 15 6 0 16 9 10 
8 2 6 16 10 11 14 1 9 15 5 4 0 12 3 7 
10 11 16 0 13 12 1 2 7 6 8 15 9 3 4 5 
9 10 0 13 8 2 7 12 4 3 1 11 6 5 14 16 
4 15 10 6 2 13 11 3 8 1 5 12 0 7 9 14 
