14 13 2 16 3 15 8 11 12 10 4 7 6 5 1 9 
5 12 4 13 0 15 16 8 11 6 7 10 9 2 3 14 
3 6 8 15 10 12 9 14 4 7 0 13 11 1 16 5 
1 13 9 12 5 11 2 15 7 16 8 14 4 0 10 6 
6 11 1 14 10 5 8 9 0 7 2 15 13 12 3 16 
8 14 2 15 3 13 0 9 7 11 6 12 10 1 16 4 
15 11 12 1 7 3 2 0 5 4 9 16 14 10 8 13 
8 3 10 5 13 14 12 6 15 9 16 4 11 0 2 1 
6 13 11 5 15 1 3 16 2 10 0 7 9 14 4 12 
10 5 16 3 6 7 1 15 8 14 13 0 4 12 2 11 
5 0 13 1 15 6 14 16 7 11 4 3 8 2 12 9 
10 3 12 13 9 5 7 14 6 16 0 8 1 4 2 15 
13 15 1 4 11 5 16 10 7 6 2 8 9 14 0 3 
8 12 9 4 5 7 6 14 16 10 15 2 3 11 0 1 
4 1 8 3 12 2 5 16 13 10 9 6 0 11 15 7 
6 7 3 16 2 9 4 0 11 10 14 1 13 8 12 5 
14 4 3 15 9 1 11 8 6 2 7 13 5 10 0 12 
