5 13 12 10 8 9 1 11 14 16 7 4 3 6 2 15 
10 16 9 0 7 12 8 13 14 11 15 3 2 5 4 6 
5 12 8 1 15 7 13 6 4 3 14 10 16 11 0 9 
11 14 7 8 4 9 16 12 1 13 2 15 10 6 0 5 
7 12 13 16 11 10 1 5 15 9 0 8 14 6 2 3 
8 2 6 16 14 15 4 3 13 12 10 1 11 7 0 9 
11 13 1 14 10 8 5 2 12 4 16 3 15 7 0 9 
6 5 14 1 0 8 2 15 13 16 4 12 11 10 3 9 
6 12 11 15 10 1 0 7 9 4 3 16 2 5 14 13 
10 11 13 7 15 12 3 16 0 5 2 14 4 8 1 6 
14 13 16 2 3 5 9 12 7 4 1 6 0 8 11 15 
8 2 12 9 14 7 16 0 1 4 6 5 3 13 15 10 
15 3 14 1 7 8 4 16 6 0 11 2 13 9 5 10 
4 9 3 14 6 8 2 5 0 16 7 12 11 1 10 15 
8 6 15 2 1 9 12 13 0 7 5 11 4 10 3 16 
13 3 14 5 11 2 16 0 4 9 12 7 8 10 1 6 
11 9 6 1 2 13 14 8 3 15 10 0 4 12 5 7 
