4 2 13 3 9 6 1 14 12 16 7 15 11 5 8 10 
3 12 8 0 15 5 4 10 9 6 11 7 16 14 13 2 
10 6 5 15 16 12 13 7 8 3 4 9 11 0 1 14 
8 4 6 5 12 10 16 11 15 9 7 1 2 14 13 0 
5 1 3 2 9 6 14 10 11 13 12 7 16 8 0 15 
2 12 6 0 11 7 3 16 13 10 9 14 15 4 8 1 
5 12 0 10 11 14 7 4 2 1 9 3 8 15 13 16 
10 5 9 1 12 13 3 2 0 11 16 6 15 14 4 8 
7 16 11 12 13 15 9 10 2 4 5 14 6 1 3 0 
8 15 5 1 16 7 10 14 12 6 4 2 3 11 0 13 
5 0 3 8 2 13 14 1 12 16 15 11 9 7 6 4 
5 9 6 10 14 4 2 15 12 16 8 13 0 7 1 3 
4 1 5 0 7 13 16 3 11 15 8 6 9 14 10 2 
6 7 3 16 0 5 15 2 10 9 4 12 8 11 14 1 
0 8 11 2 10 1 3 13 5 6 16 12 4 7 15 9 
14 3 2 6 1 12 16 0 13 4 8 7 10 5 9 11 
11 3 10 1 14 2 0 8 9 7 13 12 5 4 6 15 
