11 7 9 6 12 2 3 5 10 1 16 15 4 8 13 14 
10 12 2 16 8 14 13 4 7 5 3 9 15 11 6 0 
10 8 6 13 15 11 5 9 0 12 16 3 4 7 1 14 
11 0 14 15 1 12 16 9 10 7 6 13 2 4 8 5 
5 15 8 14 6 13 9 10 1 3 2 7 0 12 11 16 
14 9 4 15 1 16 2 12 8 11 6 0 3 13 10 7 
7 1 3 2 11 4 14 15 5 8 10 13 16 12 0 9 
0 15 16 3 12 14 13 4 2 8 10 1 11 5 6 9 
15 3 0 9 13 6 5 11 1 10 16 2 4 12 14 7 
15 11 14 13 6 7 16 10 8 2 1 5 3 4 12 0 
14 13 3 11 8 12 2 0 9 1 5 7 15 4 16 6 
14 8 15 4 0 12 16 3 9 2 5 10 6 1 13 7 
0 11 6 8 4 14 15 5 2 13 1 9 7 10 16 3 
6 3 12 11 1 9 2 7 10 8 4 14 0 16 5 15 
1 10 9 2 15 5 11 16 4 7 3 13 0 12 8 6 
6 16 7 9 10 8 4 0 1 2 3 5 12 13 14 11 
3 4 15 9 5 7 2 1 14 10 6 8 11 12 0 13 
