2 16 13 14 3 11 15 8 7 12 10 4 5 1 9 6 
2 13 4 5 15 16 7 8 10 0 6 11 3 12 14 9 
15 8 3 6 12 14 9 10 7 4 13 0 16 11 5 1 
12 13 1 9 11 5 15 2 14 7 8 16 10 6 0 4 
11 6 14 1 9 10 8 5 7 0 15 2 13 12 16 3 
0 8 14 2 15 13 3 9 12 6 11 7 4 10 1 16 
12 11 15 1 7 2 3 0 9 16 5 4 13 14 10 8 
5 10 8 3 6 13 14 12 4 1 9 16 11 2 15 0 
13 5 6 12 1 15 3 16 7 2 0 10 11 4 9 14 
5 10 16 3 1 6 7 15 14 8 13 0 2 11 12 4 
1 13 4 5 14 16 15 6 11 3 0 7 9 8 12 2 
13 12 3 10 5 7 9 14 8 6 0 16 4 1 2 15 
4 13 1 15 10 16 11 9 8 2 7 6 14 5 0 3 
9 8 12 4 14 6 5 16 7 10 2 15 11 0 3 1 
1 4 3 8 2 12 16 5 6 9 10 13 15 7 11 0 
6 7 16 3 0 2 4 9 10 11 1 14 8 13 12 5 
15 4 14 3 9 8 11 1 6 7 13 2 12 5 10 0 
