11 1 10 7 16 13 12 4 8 2 14 6 9 5 15 3 
7 10 15 4 6 14 11 2 8 0 5 12 9 13 3 16 
0 5 14 1 13 12 10 9 16 15 11 7 4 8 6 3 
13 2 10 12 6 11 16 5 14 7 8 0 9 15 4 1 
2 7 6 9 3 15 1 14 5 11 0 12 8 10 13 16 
4 11 8 9 13 3 14 1 10 0 2 15 7 6 16 12 
8 2 13 11 3 12 4 5 16 14 0 10 9 15 1 7 
16 2 1 9 5 8 13 15 10 14 12 6 3 11 0 4 
10 15 6 13 7 9 5 14 11 2 4 1 12 0 3 16 
7 5 2 3 1 0 4 6 12 11 13 10 16 14 15 8 
3 13 11 6 8 2 5 1 14 12 4 9 15 0 16 7 
6 8 10 9 15 3 4 12 13 5 7 14 0 1 16 2 
7 9 13 0 5 16 10 1 6 14 2 15 3 4 8 11 
3 10 2 5 14 15 12 11 0 6 4 1 8 16 9 7 
10 11 5 16 9 15 0 6 8 3 7 2 13 12 4 1 
9 2 3 16 12 7 4 11 6 5 1 13 8 0 10 14 
15 9 11 14 3 6 7 5 2 4 0 13 10 12 1 8 
