12 11 14 1 8 13 9 5 15 16 7 10 3 2 6 4 
8 12 11 10 9 4 6 2 14 5 15 0 13 7 16 3 
11 10 0 16 3 13 6 8 7 9 1 15 4 14 5 12 
16 6 15 11 9 7 10 0 4 5 1 14 12 13 8 2 
8 1 16 3 0 11 15 2 9 13 6 12 10 5 14 7 
3 11 15 9 12 16 4 14 8 7 13 0 1 6 10 2 
13 11 10 2 14 7 5 3 8 0 16 9 12 15 1 4 
16 6 10 12 0 15 11 14 9 2 5 3 4 8 1 13 
13 2 10 4 0 15 12 3 14 11 5 6 16 1 9 7 
2 16 4 11 13 10 7 6 1 8 5 0 15 14 12 3 
14 3 9 0 8 6 2 1 7 5 15 13 12 16 11 4 
14 8 13 3 16 1 2 15 4 0 6 7 10 9 5 12 
10 2 4 8 7 11 13 15 5 14 9 6 0 1 16 3 
5 10 2 15 7 4 8 12 6 0 1 14 11 9 3 16 
8 6 7 16 12 5 3 2 13 1 11 9 0 15 10 4 
14 13 4 9 3 11 6 8 1 12 7 0 2 5 10 16 
1 11 7 3 14 10 8 9 5 0 4 2 12 13 15 6 
