9 4 3 2 13 6 14 1 16 7 15 12 5 8 11 10 
6 12 0 13 10 4 15 9 3 7 11 5 8 14 16 2 
4 5 10 6 13 12 16 7 14 15 11 8 3 1 9 0 
2 4 8 6 10 5 14 12 9 0 7 1 16 13 11 15 
1 5 2 3 6 0 8 9 13 11 15 12 14 16 10 7 
6 1 2 0 16 11 7 10 9 13 3 14 4 8 15 12 
0 12 1 10 4 11 5 7 2 3 13 9 14 15 8 16 
13 5 12 9 10 3 15 2 11 0 16 6 8 4 14 1 
10 12 1 16 11 9 0 13 4 14 5 15 2 6 3 7 
8 1 15 5 14 10 7 16 12 6 4 2 11 3 0 13 
5 1 7 0 12 14 13 2 8 16 15 11 9 4 3 6 
10 6 0 9 4 14 15 2 12 1 8 13 5 7 16 3 
4 5 0 1 7 13 16 3 6 8 15 11 10 2 9 14 
3 0 5 6 16 7 10 15 9 12 11 2 8 4 14 1 
3 5 0 2 10 4 9 1 11 6 12 16 13 8 15 7 
3 8 2 5 0 16 1 14 7 6 12 11 4 10 13 9 
5 3 9 10 14 15 13 0 7 8 12 11 2 6 1 4 
