10 14 13 6 12 11 16 8 4 2 1 9 5 7 3 15 
2 4 9 6 0 15 7 11 10 12 5 14 8 13 16 3 
10 8 13 1 5 14 15 6 4 11 9 16 7 12 0 3 
8 16 6 13 15 10 14 1 2 12 11 0 9 4 7 5 
13 6 8 1 7 16 9 5 0 3 2 15 10 14 11 12 
12 16 2 13 14 6 3 11 0 8 15 10 1 4 7 9 
11 5 15 4 10 8 13 0 1 12 16 9 7 3 14 2 
2 3 4 10 8 12 1 0 9 13 11 16 5 6 14 15 
12 16 7 2 6 9 3 5 11 14 0 15 1 13 4 10 
13 15 10 11 3 6 8 14 2 12 0 7 1 16 4 5 
3 0 7 14 12 1 6 9 16 2 4 5 15 13 8 11 
6 14 3 16 4 5 15 0 12 13 1 2 10 7 9 8 
9 4 2 16 13 14 10 6 3 7 5 8 11 15 1 0 
7 12 9 11 4 16 0 8 5 14 6 10 1 3 15 2 
11 5 4 16 6 10 0 13 9 3 15 2 12 8 7 1 
16 2 9 12 7 4 11 5 14 13 6 10 0 3 8 1 
11 4 1 14 8 3 6 15 5 10 13 0 12 7 9 2 
