16 12 14 7 4 11 1 3 8 10 9 5 6 13 15 2 
14 0 2 15 3 5 12 8 6 10 4 13 16 9 11 7 
9 5 6 16 7 10 1 13 3 4 12 11 8 14 0 15 
14 0 15 2 12 13 11 4 16 1 5 7 6 10 9 8 
16 10 2 9 8 6 13 0 3 12 11 5 15 7 14 1 
13 1 10 6 4 16 2 15 11 12 3 0 9 7 8 14 
8 14 13 0 3 15 4 1 10 11 16 5 12 2 9 7 
0 9 14 2 12 10 13 1 16 8 5 6 3 11 4 15 
5 6 16 12 9 10 1 15 7 2 14 0 4 13 3 11 
0 15 14 1 5 4 3 11 13 8 6 16 10 12 2 7 
4 13 11 1 12 9 7 2 5 14 15 3 0 8 16 6 
0 9 6 5 3 4 12 13 16 2 8 14 15 7 1 10 
15 1 4 3 7 13 6 5 10 9 8 16 14 2 0 11 
2 0 9 14 11 15 4 3 1 7 10 6 8 16 5 12 
12 7 5 0 11 3 4 1 10 16 15 2 9 13 8 6 
6 11 3 5 16 0 9 12 7 4 2 14 1 13 10 8 
6 1 13 3 10 9 4 8 2 7 12 5 14 11 0 15 
