4 3 9 2 6 13 14 1 15 16 7 12 5 11 8 10 
6 12 0 13 15 4 9 10 3 7 11 5 14 16 2 8 
4 5 6 10 16 13 7 12 11 8 15 14 9 0 3 1 
8 6 2 4 14 12 10 5 1 9 7 0 11 16 13 15 
5 3 1 2 8 0 9 6 13 11 15 12 10 14 7 16 
0 2 6 1 7 11 10 16 9 14 13 3 15 4 12 8 
10 0 12 1 11 4 5 7 2 3 9 13 15 14 8 16 
9 12 13 5 3 10 2 15 0 16 6 11 8 4 1 14 
1 16 12 10 9 11 0 13 5 14 15 4 2 3 6 7 
15 8 5 1 10 16 7 14 4 12 2 6 11 3 0 13 
0 7 1 5 13 12 2 14 15 16 11 8 6 3 9 4 
9 6 10 0 4 14 2 15 16 12 8 13 5 3 1 7 
1 0 4 5 7 13 3 16 6 8 15 11 14 2 10 9 
10 3 6 0 5 7 15 16 12 11 9 2 4 8 14 1 
3 2 5 0 9 10 4 1 6 11 16 12 13 15 8 7 
3 5 2 8 16 0 1 14 12 11 7 6 4 10 13 9 
9 5 3 10 15 14 13 0 8 7 12 11 2 6 1 4 
