11 9 6 2 10 5 3 13 4 15 14 1 7 16 12 8 
2 11 16 4 10 0 9 6 7 14 3 13 15 8 12 5 
4 6 14 9 12 8 1 7 10 13 3 16 11 0 15 5 
15 8 12 7 16 1 6 4 10 14 5 13 11 0 2 9 
12 8 1 14 15 10 0 13 2 6 16 3 5 9 11 7 
9 16 1 8 13 14 12 4 3 7 11 15 10 2 6 0 
9 0 1 16 11 4 2 8 10 5 3 14 13 12 15 7 
13 12 5 1 4 16 11 2 0 3 6 14 9 15 8 10 
11 6 16 4 2 0 1 14 3 7 12 13 15 9 10 5 
12 2 14 1 4 13 3 16 11 15 7 5 6 10 8 0 
6 8 1 9 13 5 4 11 7 12 0 15 2 14 3 16 
13 7 12 8 4 3 5 0 1 9 15 10 2 14 16 6 
0 1 3 16 5 13 7 10 4 15 14 11 8 2 6 9 
1 0 9 12 16 8 11 14 4 6 15 2 10 7 5 3 
0 5 6 3 16 13 10 4 11 7 9 2 15 1 8 12 
4 3 14 13 2 1 16 12 6 10 0 11 8 7 9 5 
4 14 12 2 10 13 1 3 0 15 6 8 5 9 11 7 
