9 2 11 6 7 5 13 1 4 14 10 16 8 3 12 15 
4 16 2 11 9 10 6 0 3 7 13 15 8 12 5 14 
4 14 6 9 7 1 8 12 13 10 16 3 15 11 5 0 
8 11 16 12 6 4 2 1 5 10 0 13 15 9 7 14 
8 11 1 14 15 10 0 13 2 6 3 16 5 12 9 7 
16 6 9 10 4 14 7 12 0 3 11 15 1 2 8 13 
1 16 9 0 8 4 11 2 10 14 5 3 13 15 7 12 
5 12 1 13 11 16 2 4 0 14 3 15 8 6 10 9 
4 11 6 16 9 2 14 1 15 7 13 12 5 0 3 10 
7 16 14 12 1 13 3 4 6 8 2 11 0 5 10 15 
6 9 8 1 11 13 4 5 0 15 7 12 2 14 3 16 
15 7 12 8 6 4 0 13 2 1 10 9 3 16 14 5 
0 1 16 3 5 13 10 7 4 15 14 11 6 9 8 2 
1 9 12 0 6 8 15 11 16 4 2 14 3 7 5 10 
7 5 3 12 16 10 4 13 9 6 11 0 1 8 2 15 
13 3 4 1 16 2 14 12 6 11 0 9 5 8 7 10 
6 2 12 4 3 13 1 10 15 7 14 0 9 11 8 5 
