7 3 12 15 4 11 1 14 16 9 5 8 6 2 10 13 
14 9 0 2 5 11 12 3 10 13 6 4 16 8 7 15 
5 16 6 9 8 7 10 14 4 12 3 11 15 1 13 0 
0 14 2 15 16 4 13 12 1 7 11 5 6 9 10 8 
2 10 9 16 6 8 1 13 0 5 11 3 15 14 12 7 
6 13 3 10 4 1 16 15 2 0 12 11 8 14 7 9 
0 8 14 1 15 4 3 16 10 13 11 5 7 2 9 12 
2 11 0 14 1 12 13 10 16 9 6 8 3 5 4 15 
12 16 6 5 7 15 1 10 9 2 14 0 3 11 4 13 
0 14 1 15 4 5 11 3 16 13 8 12 2 6 7 10 
11 4 1 0 9 2 12 7 3 14 5 15 8 16 13 6 
16 9 5 6 13 3 10 12 8 14 0 2 1 7 4 15 
3 15 0 4 13 5 6 7 9 10 16 8 11 2 14 1 
14 0 9 2 6 3 4 15 8 10 7 1 12 5 16 11 
12 16 7 5 10 3 4 1 11 0 15 2 6 13 8 9 
3 11 12 10 16 7 9 6 4 2 0 14 13 8 5 1 
3 1 6 13 10 9 14 8 5 7 12 2 11 0 15 4 
