6 13 14 1 15 9 16 3 12 7 5 4 11 2 10 8 
11 0 6 12 4 10 2 8 13 9 3 7 15 5 14 16 
1 16 10 5 13 6 7 15 14 4 9 8 0 11 3 12 
6 13 11 5 12 10 4 16 9 1 7 15 2 14 8 0 
10 0 12 15 1 6 11 5 7 9 14 13 2 8 3 16 
12 1 6 9 4 3 11 7 13 14 10 8 16 0 2 15 
10 5 15 1 13 11 8 2 3 12 9 4 7 14 16 0 
16 9 5 10 3 13 12 2 1 6 11 0 14 8 4 15 
11 5 4 12 9 13 2 15 10 1 3 7 6 0 14 16 
11 5 3 6 16 10 2 15 13 12 1 14 0 8 4 7 
5 15 3 8 14 6 13 0 7 16 11 2 9 12 1 4 
5 9 2 10 7 4 15 14 8 13 16 3 12 0 6 1 
7 0 15 5 4 16 6 1 10 3 2 8 13 9 14 11 
3 9 14 4 0 6 2 15 8 12 16 7 5 10 11 1 
8 12 16 0 1 4 10 13 11 5 2 6 15 7 9 3 
6 13 3 5 11 1 16 0 9 12 8 7 10 14 2 4 
1 10 11 3 9 14 2 15 0 6 8 7 5 12 13 4 
