16 14 7 12 1 3 4 11 5 8 10 9 6 13 15 2 
14 0 15 2 5 12 3 8 4 13 10 6 9 16 11 7 
16 9 6 5 13 7 10 1 3 12 11 4 8 14 15 0 
14 0 15 2 11 12 13 4 5 7 1 16 8 10 9 6 
2 10 16 9 8 6 0 13 5 3 12 11 15 7 1 14 
13 6 1 10 16 4 2 15 12 11 0 3 14 9 8 7 
14 8 0 13 15 3 1 4 11 5 16 10 2 9 7 12 
14 0 2 9 10 12 1 13 8 6 16 5 4 11 3 15 
16 6 5 12 9 10 15 1 0 2 7 14 3 11 4 13 
15 0 1 14 4 11 5 3 8 13 6 16 10 2 7 12 
11 1 4 13 7 12 9 2 5 15 3 14 8 6 16 0 
0 9 6 5 4 3 12 13 2 8 14 16 7 1 15 10 
15 1 3 4 5 13 7 6 10 16 8 9 14 2 0 11 
9 2 14 0 3 15 4 11 7 6 10 1 12 16 5 8 
12 7 0 5 1 4 3 11 10 16 2 15 8 9 6 13 
12 11 3 5 6 0 9 16 14 7 2 4 1 8 13 10 
6 1 13 3 4 9 8 10 5 12 2 7 14 11 0 15 
