4 15 11 13 14 8 12 7 5 6 3 16 10 9 1 2 
3 7 0 13 14 6 9 11 15 12 16 5 4 10 8 2 
14 9 7 12 6 0 1 3 4 13 16 5 11 10 8 15 
13 2 8 7 0 12 16 11 6 5 10 1 14 9 15 4 
16 7 8 9 12 3 15 13 10 14 0 5 2 11 6 1 
0 12 6 4 9 2 11 13 8 16 10 14 3 15 7 1 
8 12 13 7 0 16 1 14 3 15 4 11 9 5 10 2 
16 2 11 13 3 9 1 14 4 12 5 8 0 10 15 6 
12 11 6 14 1 15 4 0 13 10 3 16 7 9 5 2 
4 12 0 10 2 3 11 8 15 5 13 14 7 16 1 6 
2 12 3 1 16 11 7 0 6 5 14 13 15 9 4 8 
7 3 6 5 16 14 4 13 1 10 8 9 12 0 2 15 
10 15 13 0 8 6 11 9 5 1 3 16 2 7 14 4 
7 0 8 9 1 4 10 15 12 6 16 2 3 11 14 5 
15 5 7 6 4 8 1 11 0 10 12 3 13 2 16 9 
1 4 9 16 0 14 12 2 8 13 6 5 11 10 7 3 
4 12 13 6 15 8 1 14 0 11 10 7 5 2 9 3 
