3 1 4 2 15 14 13 9 16 7 12 6 10 11 8 5 
0 6 12 3 2 8 10 4 9 16 5 7 14 13 11 15 
10 15 1 14 13 7 16 3 5 8 4 9 11 6 0 12 
6 8 11 5 16 12 4 10 9 7 15 1 2 14 0 13 
12 10 7 0 11 1 15 9 14 6 13 5 2 8 3 16 
6 9 12 2 7 11 16 3 10 14 13 0 8 1 15 4 
10 15 5 1 7 11 14 3 12 4 2 9 16 8 13 0 
1 10 5 9 2 12 13 3 11 16 6 0 15 4 14 8 
11 12 5 4 9 13 2 15 7 10 16 3 6 0 14 1 
6 5 8 3 16 2 12 10 15 11 4 13 0 7 14 1 
12 8 3 15 2 0 1 14 5 7 16 11 9 6 4 13 
10 6 5 9 14 4 2 15 13 16 8 12 0 1 7 3 
7 0 5 10 16 13 4 11 15 3 8 6 2 9 14 1 
4 14 3 16 5 0 15 2 7 12 6 9 10 8 1 11 
8 0 12 2 1 10 13 4 11 16 5 6 7 15 3 9 
14 6 9 3 11 1 16 0 13 12 8 7 10 4 2 5 
11 3 1 2 8 10 15 9 6 7 0 13 4 12 14 5 
