2 4 6 3 13 9 1 14 12 16 15 7 11 5 8 10 
8 3 0 12 10 5 4 15 6 9 11 7 13 2 16 14 
15 6 10 5 12 16 13 7 3 4 9 8 0 11 1 14 
8 5 4 6 10 11 16 12 1 9 15 7 14 2 0 13 
5 1 3 2 9 6 10 14 12 13 7 11 0 8 16 15 
2 6 1 0 11 7 3 16 10 9 14 13 12 15 4 8 
10 0 12 8 11 5 7 4 14 9 3 2 1 15 13 16 
9 10 1 5 2 13 3 12 11 6 16 0 8 15 14 4 
7 12 16 11 10 9 13 15 5 4 1 14 2 3 0 6 
8 1 15 5 10 16 14 7 4 2 12 6 3 11 13 0 
8 3 0 5 13 14 1 2 11 16 15 12 6 7 4 9 
6 10 9 0 4 14 2 15 12 13 8 16 5 1 3 7 
0 4 5 1 7 13 16 3 8 15 6 11 14 9 10 2 
6 7 16 3 0 5 2 15 10 4 9 12 11 8 1 14 
5 2 0 8 3 1 4 10 11 16 12 6 9 7 15 13 
3 2 8 5 16 4 0 1 12 14 13 7 6 9 10 11 
1 11 10 3 14 0 8 2 12 13 7 9 6 5 4 15 
