6 2 14 1 3 13 15 9 7 4 12 16 11 8 5 10 
0 3 12 6 10 4 8 2 9 5 16 7 15 13 11 14 
10 5 1 15 7 13 3 16 14 4 9 8 6 0 12 11 
11 8 5 6 16 4 12 10 9 7 1 15 14 2 0 13 
10 12 7 0 9 16 15 11 6 5 13 14 8 1 3 2 
12 2 9 6 11 7 3 16 14 10 13 0 4 15 1 8 
15 10 5 1 7 14 11 3 4 2 9 12 16 8 0 13 
1 10 5 9 3 12 13 2 16 6 11 0 8 14 15 4 
4 5 11 12 13 9 15 2 7 10 3 16 6 0 14 1 
5 3 6 8 16 10 12 2 11 15 13 4 7 0 1 14 
3 12 15 5 0 2 14 1 8 16 7 11 9 13 6 4 
6 9 10 5 14 4 2 15 13 8 3 16 0 12 7 1 
5 10 0 7 4 11 16 13 15 6 8 3 9 2 14 1 
14 4 3 16 8 0 15 2 12 6 9 7 5 11 1 10 
8 16 12 0 10 1 13 4 5 6 11 2 9 3 7 15 
3 9 14 6 1 16 11 0 12 8 7 13 10 2 4 5 
3 11 1 8 10 9 2 15 7 6 0 13 12 5 14 4 
