6 10 2 5 11 3 13 14 15 4 9 12 7 16 1 8 
12 6 0 13 11 2 5 16 15 7 3 8 9 14 10 4 
10 3 11 9 12 5 14 0 16 8 1 7 4 15 13 6 
15 6 4 7 1 0 8 11 13 10 9 12 14 5 2 16 
10 11 8 3 7 1 2 13 14 0 6 9 16 12 5 15 
10 12 16 15 1 9 7 8 11 6 13 3 4 0 2 14 
15 4 5 0 14 7 16 2 9 3 12 1 10 11 13 8 
2 9 0 16 14 4 5 6 10 1 13 12 8 3 15 11 
10 9 2 16 7 3 11 13 4 5 14 0 6 15 12 1 
3 8 14 13 1 15 5 12 16 0 10 6 2 4 7 11 
11 4 3 6 15 5 13 7 12 0 9 8 16 2 14 1 
4 14 15 9 12 5 1 0 6 13 3 10 2 16 7 8 
8 15 16 7 5 1 6 2 11 3 0 13 9 14 10 4 
10 11 15 2 5 16 1 4 9 14 3 7 6 0 12 8 
2 4 7 11 12 9 3 5 15 16 1 10 6 8 0 13 
1 7 16 2 14 4 6 0 10 12 5 9 8 11 13 3 
9 12 10 0 6 5 1 14 8 13 7 15 4 3 11 2 
