2 10 1 7 11 6 13 3 12 15 16 8 4 9 14 5 
13 4 10 12 2 5 8 0 3 6 11 7 9 15 14 16 
7 6 0 9 12 15 8 5 10 13 4 16 3 11 1 14 
6 5 15 12 7 11 0 4 10 1 8 2 14 9 16 13 
10 12 14 1 15 11 0 9 7 8 16 3 6 5 13 2 
7 16 10 8 12 13 3 6 9 1 15 2 14 4 11 0 
3 9 13 0 5 16 12 7 8 11 2 15 14 1 4 10 
9 8 14 3 4 6 15 12 5 1 2 10 11 16 0 13 
13 6 16 3 15 10 7 12 5 2 11 1 9 0 4 14 
5 10 13 16 15 11 1 14 12 7 6 8 3 4 0 2 
9 1 2 15 7 13 8 14 3 11 0 12 6 5 4 16 
15 12 1 3 10 4 6 8 16 5 7 0 9 2 13 14 
15 4 9 14 10 3 5 2 8 6 7 11 16 1 13 0 
0 11 4 7 14 9 3 16 8 10 15 2 5 1 12 6 
8 10 16 12 13 1 15 2 9 3 0 7 5 6 11 4 
4 9 13 0 16 8 10 2 7 11 5 1 14 12 3 6 
9 6 10 5 12 3 7 15 2 13 1 14 8 0 11 4 
