15 13 3 10 12 6 1 9 5 8 16 7 2 11 14 4 
0 4 5 9 3 15 11 6 8 10 2 14 7 13 12 16 
15 8 1 11 12 7 13 16 0 4 6 9 10 3 14 5 
2 10 8 14 0 5 16 12 9 4 1 11 13 6 7 15 
3 13 10 9 2 0 16 7 14 5 8 11 6 12 1 15 
14 16 11 13 10 6 4 9 15 7 3 8 0 12 2 1 
15 8 14 10 5 7 3 16 11 9 2 1 12 4 0 13 
1 15 0 3 8 16 5 2 14 13 10 12 4 6 11 9 
11 1 15 2 0 5 4 9 14 13 10 16 6 3 7 12 
2 11 1 14 4 12 0 6 13 16 15 7 10 5 3 8 
3 0 6 12 9 16 7 4 13 14 2 15 5 8 11 1 
10 9 5 0 12 2 8 16 3 13 7 4 6 15 14 1 
6 0 16 3 11 2 1 8 4 13 15 7 10 9 14 5 
7 3 5 0 8 11 2 4 9 14 12 10 15 6 1 16 
13 16 5 2 1 8 11 15 12 7 9 10 3 0 4 6 
4 7 13 9 3 6 12 0 16 8 1 2 14 5 11 10 
4 5 10 9 0 3 6 12 1 2 8 11 15 13 7 14 
