10 13 5 12 6 1 8 4 14 16 15 7 3 2 9 11 
6 10 0 13 4 11 12 5 7 2 16 14 8 9 15 3 
4 16 13 0 12 7 6 3 1 10 15 8 5 9 14 11 
7 16 5 9 4 8 14 12 13 2 1 11 6 10 0 15 
7 13 12 16 11 5 1 10 0 8 15 9 2 14 3 6 
13 11 7 15 4 8 14 3 1 10 12 6 2 16 9 0 
11 1 0 13 16 5 4 2 12 3 14 10 9 8 7 15 
12 15 0 1 8 2 6 5 13 3 4 11 14 9 16 10 
11 0 1 14 9 15 12 10 4 7 16 3 5 13 2 6 
10 7 6 8 13 12 1 14 11 0 5 15 4 2 3 16 
12 6 11 16 13 9 5 4 2 7 1 14 15 3 0 8 
10 0 14 4 12 6 7 16 8 3 5 2 15 13 1 9 
6 1 15 2 7 16 4 8 14 0 3 11 13 10 9 5 
12 0 3 9 11 5 2 1 6 15 16 4 14 8 10 7 
11 7 8 15 1 9 13 12 5 0 6 3 10 16 4 2 
13 8 2 3 9 12 14 1 6 11 4 0 10 16 5 7 
1 0 8 6 7 13 2 14 9 15 3 10 4 12 5 11 
