11 5 10 14 13 15 8 7 16 9 6 2 1 12 3 4 
11 15 3 16 5 7 13 12 14 2 8 4 10 9 6 0 
13 9 14 1 11 8 6 5 4 0 16 3 12 7 15 10 
6 12 0 13 4 14 11 16 5 9 2 15 8 7 10 1 
7 15 0 3 2 8 9 11 16 14 12 13 6 5 10 1 
10 12 4 8 6 13 15 11 1 16 7 9 3 2 0 14 
2 12 1 14 4 11 7 9 0 15 10 16 8 5 3 13 
0 10 14 1 2 6 3 13 11 5 16 8 15 4 9 12 
7 12 3 9 15 6 4 14 0 1 5 16 13 2 11 10 
12 11 2 0 3 1 8 6 15 14 10 5 16 4 7 13 
2 5 16 12 4 1 11 3 14 6 7 9 15 8 0 13 
12 8 3 14 4 6 10 0 9 13 1 5 7 16 15 2 
3 14 7 5 6 1 2 15 9 8 10 16 11 4 0 13 
11 1 15 12 7 4 5 2 10 6 16 3 0 9 14 8 
1 7 0 11 10 13 2 4 9 3 15 5 12 8 16 6 
7 8 2 0 10 11 9 3 16 13 14 1 12 5 4 6 
2 13 3 10 11 14 7 6 15 1 4 8 5 0 9 12 
