8 6 15 12 13 10 2 9 11 1 4 7 14 5 3 16 
15 7 9 5 11 16 10 13 0 12 2 8 14 4 6 3 
6 8 1 10 9 15 13 14 7 4 16 0 12 5 3 11 
4 12 5 13 16 7 14 10 6 9 2 11 0 15 8 1 
14 12 0 15 8 7 1 9 11 10 3 16 6 13 2 5 
4 8 2 14 0 10 7 11 16 9 12 6 3 15 13 1 
9 8 2 16 5 15 11 0 10 4 14 1 7 12 13 3 
12 2 16 5 9 11 8 10 15 3 4 1 14 6 13 0 
10 12 15 2 16 5 1 14 7 11 6 3 9 4 13 0 
2 14 4 11 5 8 3 16 13 6 1 7 0 10 15 12 
11 6 2 15 5 14 8 13 4 3 7 12 9 1 0 16 
9 5 8 0 2 3 14 1 15 6 12 16 10 7 4 13 
14 15 7 0 5 4 2 16 6 1 9 10 3 13 11 8 
9 6 14 5 11 1 12 0 8 10 15 3 2 7 16 4 
15 16 11 13 9 5 3 7 12 1 2 8 10 6 4 0 
0 6 10 3 2 8 7 14 5 11 4 9 1 16 12 13 
4 6 7 8 9 3 15 2 14 11 10 12 1 5 0 13 
