11 8 14 13 2 9 3 16 4 5 7 10 12 15 6 1 
3 9 0 13 6 7 2 5 4 11 10 14 16 12 15 8 
9 6 0 14 16 15 10 8 3 4 13 12 11 5 7 1 
7 4 6 14 1 11 12 5 2 9 16 10 15 8 13 0 
9 10 2 14 11 5 7 13 1 6 15 3 12 8 0 16 
8 10 2 12 16 9 0 13 1 7 11 4 15 3 14 6 
8 14 2 15 16 10 12 13 9 0 7 4 1 11 3 5 
15 16 13 0 5 4 1 11 8 14 6 12 2 3 9 10 
10 4 9 5 1 2 7 0 15 11 16 3 13 14 6 12 
1 8 11 5 10 2 12 7 4 0 3 16 6 13 14 15 
14 7 6 2 3 9 13 0 8 15 11 16 12 4 1 5 
15 1 3 4 8 13 5 7 0 10 9 16 14 6 2 12 
15 16 0 13 3 1 5 4 14 9 8 2 11 6 7 10 
9 0 3 16 11 8 6 14 12 1 2 15 7 4 5 10 
0 6 8 1 12 10 9 3 13 16 4 15 11 5 7 2 
8 4 11 1 14 2 12 10 5 9 3 16 7 6 13 0 
9 5 2 10 12 6 14 15 4 1 8 11 3 7 0 13 
