9 4 2 15 5 7 14 16 1 10 12 6 11 13 3 8 
9 11 2 12 15 13 14 4 8 6 10 0 5 7 16 3 
3 11 7 14 13 12 4 10 15 0 1 9 5 6 16 8 
7 4 9 16 8 1 5 15 10 2 0 13 6 12 11 14 
6 11 1 9 10 14 12 2 15 0 7 5 8 13 16 3 
9 13 1 14 15 4 8 3 7 16 2 10 12 11 0 6 
14 16 10 4 0 3 1 7 13 5 12 8 9 11 2 15 
0 10 2 5 1 13 15 4 9 8 3 16 12 14 6 11 
14 13 11 12 15 6 5 1 7 4 3 16 10 2 0 9 
16 7 0 2 1 5 13 10 4 6 11 12 14 3 8 15 
8 7 3 5 9 2 0 14 13 4 15 12 1 6 11 16 
0 7 1 9 10 12 2 14 6 16 8 5 3 13 4 15 
0 15 3 4 10 7 13 8 6 16 5 1 11 9 14 2 
15 9 12 4 11 6 14 1 2 7 0 16 8 10 5 3 
1 15 3 16 6 4 12 11 2 8 9 5 7 10 0 13 
14 0 10 11 12 4 13 3 9 8 2 5 1 6 7 16 
12 14 10 6 15 8 3 5 13 7 4 1 0 11 9 2 
