4 6 3 2 9 13 1 14 7 16 15 12 10 5 8 11 
8 12 0 6 9 4 10 15 3 11 5 7 13 2 16 14 
6 10 15 5 13 16 7 12 9 3 8 4 11 0 1 14 
8 2 4 6 10 5 12 14 1 0 9 7 16 13 15 11 
3 2 1 5 10 9 6 0 11 15 12 13 14 16 8 7 
0 2 6 1 11 7 16 3 10 9 13 14 4 15 12 8 
8 0 10 12 4 7 5 11 2 9 13 3 16 15 14 1 
10 5 12 9 2 1 3 13 11 16 6 0 8 4 15 14 
16 7 11 12 1 9 13 0 4 5 15 14 6 2 10 3 
1 8 15 5 14 16 7 10 12 4 2 6 11 3 0 13 
5 1 0 7 14 2 13 12 8 11 15 16 3 6 9 4 
6 10 9 0 14 4 2 15 12 8 13 16 7 1 5 3 
1 0 5 4 13 7 16 3 6 15 8 11 2 9 14 10 
0 6 3 16 5 7 2 15 9 11 12 10 8 4 14 1 
0 2 3 8 4 9 10 1 6 11 16 12 15 5 13 7 
3 2 8 5 16 1 0 4 14 7 12 6 11 13 10 9 
10 6 11 3 0 14 2 15 12 7 8 9 1 4 13 5 
