7 5 12 8 11 1 2 15 6 14 16 10 4 13 3 9 
6 7 14 10 5 11 4 2 3 8 0 13 9 16 12 15 
0 4 9 6 12 13 7 16 5 14 10 8 1 11 3 15 
7 5 2 0 15 16 14 11 8 6 13 9 4 10 1 12 
13 12 8 7 0 5 15 11 1 9 16 10 3 2 14 6 
3 13 15 9 8 10 14 11 1 0 6 12 16 2 4 7 
9 1 11 0 8 5 4 16 10 12 15 3 2 14 7 13 
2 10 11 0 8 6 16 3 9 12 5 14 1 4 13 15 
14 13 3 11 12 0 4 15 16 7 10 9 1 5 2 6 
6 14 10 13 4 16 11 1 5 15 8 0 12 7 3 2 
2 11 6 16 4 9 8 7 5 12 3 1 15 14 0 13 
0 15 16 12 1 8 9 2 3 4 13 14 7 10 6 5 
1 7 15 2 0 4 5 16 3 14 8 11 13 6 9 10 
14 0 3 16 12 10 2 4 5 8 9 15 7 11 1 6 
4 0 10 8 11 1 2 15 12 9 5 3 16 13 7 6 
13 10 9 8 16 12 2 11 7 6 3 0 5 4 1 14 
8 15 11 10 5 2 0 13 1 9 3 6 12 4 14 7 
