6 2 1 14 5 9 3 15 12 4 16 7 8 10 13 11 
12 11 0 6 4 10 8 2 7 9 13 3 14 16 5 15 
10 1 5 16 13 7 6 15 4 9 8 14 12 3 0 11 
6 11 8 5 12 16 4 10 15 9 1 7 14 2 13 0 
10 0 15 12 11 6 1 9 5 7 13 14 8 2 16 3 
12 9 2 6 7 11 3 16 13 14 10 8 15 1 4 0 
10 1 5 15 8 2 11 7 12 3 9 4 14 16 0 13 
10 9 16 5 2 12 3 13 11 1 0 6 8 4 14 15 
5 11 12 4 9 13 15 2 3 7 1 10 6 0 14 16 
11 3 6 5 10 16 2 15 13 4 14 12 8 7 0 1 
3 8 5 15 6 14 13 0 16 12 7 11 2 9 1 4 
2 10 5 9 14 15 7 4 8 13 3 16 6 12 0 1 
0 5 15 7 1 6 4 16 2 8 3 10 14 11 9 13 
9 4 3 14 6 0 15 2 7 12 16 8 1 5 10 11 
16 0 8 12 1 4 13 10 5 6 2 11 15 7 9 3 
5 13 3 6 0 11 16 1 12 8 9 7 4 2 14 10 
11 1 10 3 9 14 15 2 0 8 7 6 5 13 12 4 
