13 6 1 14 9 15 16 3 7 5 4 12 10 2 11 8 
11 0 6 12 2 10 8 4 3 9 7 13 14 16 5 15 
1 16 10 5 6 13 7 15 9 8 4 14 12 11 3 0 
11 13 5 6 10 4 12 16 15 7 1 9 2 14 0 8 
0 10 12 15 11 1 6 5 9 14 13 7 2 8 3 16 
1 6 12 9 11 4 3 7 13 8 14 10 16 0 2 15 
5 15 1 10 11 7 8 2 12 9 3 4 16 14 0 13 
5 16 9 10 3 13 12 2 1 11 6 0 8 14 4 15 
11 5 4 12 13 9 2 15 1 10 3 7 6 16 14 0 
3 5 11 6 16 10 2 15 13 12 1 14 8 0 4 7 
8 15 5 3 14 6 13 0 16 7 2 11 4 9 12 1 
5 9 2 10 4 15 14 7 13 8 16 3 0 6 12 1 
7 0 15 5 16 6 1 4 10 3 2 8 9 14 11 13 
4 9 14 3 0 6 2 15 8 7 16 12 5 10 11 1 
12 0 16 8 13 10 1 4 2 11 5 6 9 7 15 3 
13 3 6 5 11 1 16 0 9 12 8 7 2 4 10 14 
10 11 3 1 9 14 2 15 6 7 8 0 12 13 5 4 
