6 3 4 2 9 13 1 14 12 16 7 15 10 5 8 11 
0 8 6 12 9 15 10 4 7 3 5 11 14 16 2 13 
6 15 10 5 13 7 16 12 8 3 9 4 0 11 14 1 
6 8 2 4 14 10 5 12 15 1 9 7 16 0 13 11 
5 3 1 2 10 9 6 0 12 13 11 15 14 16 8 7 
0 6 2 1 11 7 16 3 14 10 9 13 15 4 12 8 
8 0 10 12 11 4 5 7 9 2 13 3 16 15 14 1 
5 9 10 12 1 3 2 13 16 6 11 0 8 4 15 14 
7 16 12 11 1 9 13 0 14 15 4 5 10 6 2 3 
15 5 1 8 14 16 7 10 12 2 6 4 11 3 0 13 
5 0 1 7 12 14 13 2 8 15 11 16 4 3 6 9 
6 10 9 0 14 4 15 2 8 13 12 16 7 1 5 3 
0 5 4 1 7 13 16 3 11 6 8 15 14 2 10 9 
6 0 16 3 5 7 2 15 10 11 9 12 8 4 1 14 
0 2 3 8 10 9 4 1 16 6 11 12 13 5 15 7 
8 2 3 5 16 1 4 0 7 6 14 12 13 11 10 9 
6 10 3 11 0 14 15 2 9 7 12 8 4 1 13 5 
