7 1 10 11 9 15 14 3 8 13 5 6 16 2 4 12 
16 7 2 0 4 6 5 8 14 9 11 3 10 15 12 13 
12 14 8 7 10 5 16 13 4 15 6 11 9 0 1 3 
12 9 5 16 0 2 7 1 4 14 6 15 10 8 13 11 
11 0 7 3 8 6 14 15 2 5 1 10 13 9 16 12 
1 9 10 2 13 8 16 7 11 4 3 6 12 0 15 14 
7 0 11 8 5 3 10 13 9 2 16 1 15 14 12 4 
11 3 4 6 15 9 14 12 10 13 5 8 0 16 2 1 
9 7 6 3 10 4 2 5 15 16 1 13 14 0 11 12 
12 10 0 5 2 16 14 1 6 4 15 11 7 3 13 8 
5 16 15 2 11 6 4 7 9 12 0 1 14 13 3 8 
8 1 10 13 9 2 12 14 3 5 6 4 0 15 16 7 
15 3 10 14 5 9 13 2 16 0 4 1 8 6 11 7 
0 11 6 4 5 7 8 9 12 10 2 1 14 15 16 3 
5 6 4 3 9 12 2 15 16 11 7 0 1 8 13 10 
1 11 0 16 5 7 13 3 8 4 10 6 2 9 12 14 
5 4 11 3 8 14 2 9 1 7 13 0 6 12 10 15 
