10 12 13 5 1 4 6 8 16 14 7 15 9 11 3 2 
10 6 0 7 5 4 12 11 13 16 14 2 9 3 8 15 
12 16 4 13 3 0 6 7 8 1 15 10 9 11 14 5 
5 7 9 0 4 8 14 15 1 2 11 13 12 10 6 16 
13 12 7 8 10 11 1 5 9 15 16 0 6 14 3 2 
7 11 13 15 10 14 4 3 8 12 6 1 9 0 16 2 
11 1 0 13 2 4 5 16 3 12 10 14 9 7 8 15 
12 0 15 2 16 8 6 1 4 11 13 3 10 14 5 9 
0 11 14 1 3 12 15 9 10 7 4 16 5 13 2 6 
6 11 10 7 12 13 1 14 0 15 5 8 2 4 16 3 
12 11 6 16 5 9 4 13 7 2 1 14 15 3 0 8 
10 0 14 4 12 7 6 16 2 3 5 8 15 13 1 9 
1 6 15 2 16 7 4 8 10 0 11 3 13 9 5 14 
12 0 3 16 1 11 5 2 4 15 9 6 8 10 14 7 
13 15 11 8 9 1 16 7 3 5 6 0 12 4 2 10 
13 2 3 8 12 9 1 14 6 4 11 0 16 5 7 10 
6 1 0 8 7 2 14 13 9 3 10 15 5 11 4 12 
