1 15 13 3 4 2 6 11 7 16 5 12 10 8 14 9 
11 15 9 14 13 2 7 10 6 8 16 0 5 3 4 12 
6 3 1 4 8 16 0 13 11 15 9 7 12 10 14 5 
4 13 9 14 11 0 8 16 12 5 10 7 6 1 15 2 
2 1 3 6 0 10 11 9 15 5 16 13 14 7 12 8 
9 12 16 8 1 13 2 4 14 3 6 7 10 11 0 15 
1 11 4 5 2 15 0 13 7 10 3 14 8 9 12 16 
15 11 1 6 13 9 16 3 14 8 2 4 10 5 12 0 
3 4 15 2 6 9 1 14 11 12 5 7 10 16 0 13 
0 3 11 14 2 1 4 6 7 5 10 12 16 15 13 8 
3 5 2 0 12 8 16 14 9 7 13 15 11 1 4 6 
8 2 13 9 7 0 5 15 16 12 10 4 6 3 1 14 
10 0 9 8 3 5 4 6 11 13 15 2 7 16 1 14 
4 11 6 2 10 7 3 1 0 5 15 8 12 9 14 16 
16 4 6 7 9 15 5 12 1 2 11 3 10 8 13 0 
11 14 4 6 10 7 9 16 3 12 13 0 5 8 1 2 
4 8 14 3 1 6 10 11 12 5 0 15 9 2 7 13 
