10 5 12 15 4 8 1 14 16 6 7 13 9 3 11 2 
0 11 3 16 7 4 8 12 10 15 9 14 13 5 2 6 
1 8 0 13 7 6 12 4 14 15 10 3 9 11 5 16 
14 7 16 5 8 12 4 9 11 13 2 1 6 0 15 10 
12 7 16 13 11 5 1 10 15 9 0 8 2 6 14 3 
13 4 8 6 3 7 15 14 2 12 1 10 11 0 9 16 
9 11 2 1 10 0 13 5 14 12 3 16 8 4 7 15 
0 12 14 1 8 5 2 6 4 3 15 13 10 9 16 11 
12 11 0 6 1 15 7 10 9 4 3 16 14 2 13 5 
10 2 8 7 15 12 16 3 0 5 11 14 13 1 4 6 
2 16 9 14 12 3 5 13 7 6 4 1 15 0 8 11 
8 9 12 2 14 7 16 0 5 4 1 3 15 10 6 13 
1 6 15 2 7 4 16 8 14 11 0 3 5 13 10 9 
7 1 16 3 5 8 6 2 0 9 12 11 10 15 14 4 
3 8 15 11 12 13 9 1 5 0 7 6 4 10 16 2 
5 3 14 13 2 0 16 1 9 12 7 4 6 11 10 8 
0 11 9 6 14 10 13 2 8 15 3 1 12 5 4 7 
