14 7 16 12 1 4 3 11 10 8 5 9 6 13 2 15 
0 14 2 15 8 3 5 12 10 4 6 13 11 7 9 16 
16 5 9 6 7 1 13 10 11 12 3 4 15 14 0 8 
14 0 2 15 12 13 11 4 7 1 5 16 10 8 6 9 
10 2 9 16 8 6 13 0 12 5 3 11 7 15 1 14 
13 1 6 10 4 15 3 16 11 0 2 12 7 8 14 9 
14 8 0 13 4 3 1 15 16 10 5 11 12 9 2 7 
9 0 2 14 10 13 1 12 5 8 16 6 4 3 15 11 
12 16 6 5 10 15 7 1 9 14 2 0 11 13 3 4 
0 15 14 1 5 3 11 4 6 8 13 16 12 10 7 2 
1 11 13 4 12 2 9 7 15 14 5 3 0 16 6 8 
9 5 6 16 4 3 13 12 14 2 0 8 1 7 15 10 
4 15 3 1 5 13 7 6 8 9 16 10 2 0 11 14 
0 14 2 9 15 4 3 6 10 7 8 1 12 11 5 16 
0 7 12 5 11 3 1 4 16 10 2 15 6 13 8 9 
5 12 11 3 6 16 7 9 14 4 0 2 10 8 13 1 
1 13 3 6 9 4 8 10 12 2 5 7 15 14 11 0 
