13 12 10 5 8 11 9 1 4 16 7 14 3 6 2 15 
10 0 9 16 13 7 12 8 15 14 3 11 5 2 6 4 
1 5 8 12 13 15 7 6 3 4 10 14 11 16 9 0 
14 11 13 7 9 16 4 12 10 1 15 2 0 5 6 8 
13 7 12 16 5 11 10 1 8 9 15 0 3 6 2 14 
8 6 2 16 4 11 3 15 1 12 10 13 7 14 9 0 
13 11 1 14 2 8 5 10 4 12 16 3 15 9 7 0 
6 5 14 1 0 8 15 2 4 12 16 13 10 9 3 11 
15 6 12 11 10 1 0 7 4 9 3 16 2 5 14 13 
10 13 11 7 12 15 3 16 0 2 5 14 1 8 4 6 
13 2 16 14 3 5 9 12 4 6 1 7 0 11 15 8 
8 12 9 2 0 16 14 7 6 4 1 5 13 15 10 3 
15 3 1 14 8 4 16 7 2 6 0 11 9 5 10 13 
3 14 4 9 2 8 5 6 0 16 7 12 10 11 1 15 
6 8 2 15 12 13 9 1 11 5 7 0 4 10 16 3 
3 13 14 5 0 2 16 11 9 12 4 7 6 1 8 10 
6 1 11 9 14 13 8 2 3 10 15 0 5 12 4 7 
