12 7 15 3 4 11 1 14 8 5 9 16 10 13 2 6 
14 0 2 15 3 12 5 11 13 6 4 10 8 7 9 16 
5 16 6 9 8 14 7 10 11 12 4 3 1 15 0 13 
14 0 2 15 12 13 16 4 5 1 7 11 6 8 9 10 
9 10 16 2 8 1 6 13 5 11 0 3 7 15 12 14 
3 6 10 13 4 16 1 15 0 12 2 11 7 14 9 8 
8 0 14 1 15 4 3 16 11 5 10 13 7 12 9 2 
2 0 11 14 10 1 13 12 5 8 6 16 9 15 3 4 
16 5 6 12 7 10 15 1 14 0 2 9 3 4 11 13 
0 15 14 1 4 3 5 11 12 8 13 16 6 10 7 2 
1 11 6 4 2 12 9 7 15 14 3 5 16 8 0 13 
5 9 6 16 12 3 10 13 2 14 8 0 15 7 1 4 
15 3 1 4 13 7 5 6 8 10 9 16 0 14 2 11 
0 2 14 9 15 4 3 6 8 1 10 7 16 5 12 11 
7 12 16 5 1 3 4 10 0 11 15 2 13 8 6 9 
12 11 5 3 16 7 6 9 14 4 2 0 13 8 10 1 
3 1 13 6 8 14 10 9 12 2 5 7 11 0 4 15 
