15 14 12 7 4 3 1 11 8 16 9 5 13 2 6 10 
0 14 2 15 12 11 3 5 13 6 4 10 7 16 9 8 
9 5 16 6 8 7 10 14 4 12 3 11 15 1 13 0 
0 14 2 15 11 4 12 13 1 16 5 7 10 8 9 6 
9 16 2 10 6 8 0 13 12 3 5 11 15 7 1 14 
13 6 1 10 4 15 3 16 0 11 2 12 8 7 14 9 
8 13 0 14 4 15 3 16 1 10 11 5 9 12 2 7 
2 11 0 14 10 13 12 1 6 5 16 8 4 15 3 9 
5 12 16 6 15 10 7 1 9 14 0 2 11 3 13 4 
0 15 1 14 11 4 3 5 12 8 16 13 10 2 7 6 
6 1 4 11 7 9 12 2 14 5 15 3 8 16 0 13 
6 16 5 9 10 12 3 13 14 0 8 2 1 4 7 15 
4 15 3 1 7 6 5 13 9 10 8 16 0 11 14 2 
14 0 2 9 6 4 3 15 8 1 7 10 12 5 11 16 
12 7 0 5 4 11 3 1 10 16 15 2 9 6 8 13 
5 12 3 11 7 16 6 9 4 14 0 2 10 1 13 8 
1 6 13 3 9 14 10 8 5 12 2 7 15 0 11 4 
