5 13 2 6 7 8 14 10 16 4 12 11 3 1 15 9 
10 0 6 15 9 11 3 5 16 12 7 4 8 14 2 13 
3 5 1 14 12 16 6 9 0 11 15 8 10 4 13 7 
8 9 15 2 0 4 14 1 6 16 7 5 13 10 12 11 
5 10 2 14 3 9 13 0 16 15 12 7 8 6 11 1 
4 8 15 9 14 16 11 6 12 13 10 1 3 0 2 7 
5 9 1 8 3 4 2 11 10 7 0 13 12 15 14 16 
9 0 6 2 8 12 1 5 13 10 11 16 4 14 15 3 
12 7 9 4 1 11 3 0 16 14 2 13 6 15 10 5 
4 15 13 5 0 12 8 10 11 7 1 14 2 6 3 16 
5 16 0 6 13 12 8 3 1 7 2 15 11 4 9 14 
15 9 12 8 4 5 2 10 3 7 0 14 1 16 13 6 
8 14 13 6 10 2 4 1 5 15 11 0 7 9 3 16 
10 0 5 16 14 3 2 15 1 12 4 8 9 6 11 7 
8 11 16 13 3 12 4 0 7 1 5 6 9 10 2 15 
10 8 7 14 9 3 5 13 0 1 2 16 12 6 4 11 
1 13 11 15 6 10 3 12 4 0 9 14 2 8 7 5 
