4 3 2 6 9 13 1 14 16 15 12 7 11 10 8 5 
0 3 8 12 10 4 15 5 6 11 9 7 2 16 14 13 
10 6 15 5 12 7 13 16 4 8 3 9 0 11 1 14 
6 16 8 4 12 5 10 11 9 1 7 15 2 14 13 0 
5 2 3 1 14 9 6 10 7 12 13 11 15 0 16 8 
1 0 6 2 11 7 16 3 13 10 14 9 15 8 12 4 
10 0 12 8 5 11 7 4 2 13 3 9 15 16 14 1 
9 10 5 1 2 12 13 3 16 11 6 0 8 15 4 14 
11 16 12 7 10 9 15 13 4 5 14 1 0 3 2 6 
1 15 8 5 14 10 16 7 12 2 6 4 11 3 13 0 
1 3 5 0 8 2 14 13 12 16 15 11 9 6 4 7 
0 6 9 10 14 4 15 2 8 12 16 13 7 1 3 5 
0 4 5 1 13 7 3 16 6 15 11 8 2 9 10 14 
7 6 3 16 5 0 2 15 10 11 12 9 8 4 1 14 
2 0 8 9 3 4 10 1 11 16 12 6 5 7 15 13 
2 5 3 8 4 1 16 0 7 14 12 13 6 11 9 10 
1 3 10 11 8 14 0 2 9 13 7 12 15 5 6 4 
