3 4 9 7 11 6 14 2 16 13 15 5 1 10 8 12 
0 4 8 12 2 9 16 6 5 3 14 7 10 11 15 13 
10 13 9 1 12 11 16 3 6 15 4 14 0 7 5 8 
12 0 2 15 6 8 16 10 14 11 7 9 13 1 4 5 
12 6 10 7 9 13 3 16 11 2 0 1 14 8 5 15 
6 3 10 11 7 4 15 2 9 12 0 13 8 16 1 14 
10 5 9 1 16 4 13 14 7 15 11 8 3 12 0 2 
8 0 3 6 5 2 14 9 11 4 1 16 15 10 12 13 
1 3 5 15 16 9 11 12 14 6 13 0 10 4 2 7 
7 2 8 13 6 1 4 15 12 5 3 16 14 11 10 0 
15 6 9 0 11 12 5 4 7 16 1 14 8 2 3 13 
4 3 14 13 16 0 10 15 8 6 1 9 7 5 2 12 
2 4 10 8 7 16 15 9 0 3 1 14 11 5 6 13 
16 0 11 7 12 1 6 4 9 3 15 8 14 10 2 5 
3 1 15 2 7 12 13 6 4 16 0 10 5 9 11 8 
8 11 4 3 6 16 2 5 7 1 0 13 14 10 9 12 
9 0 5 4 1 11 13 2 10 7 3 6 15 14 8 12 
