16 13 10 12 9 11 1 8 5 14 7 4 3 6 2 15 
9 10 0 16 8 7 12 13 15 14 11 3 6 2 4 5 
8 12 5 1 13 15 7 6 14 10 3 4 9 16 11 0 
7 11 14 1 9 4 16 12 10 13 2 15 5 8 0 6 
8 7 16 12 11 1 10 5 15 9 13 0 6 14 2 3 
6 16 2 8 4 3 11 15 12 13 10 1 7 0 9 14 
10 13 14 1 11 8 2 5 12 4 3 16 0 9 7 15 
6 1 15 5 2 0 14 8 16 13 4 12 9 3 11 10 
15 11 12 6 1 7 0 10 9 16 13 4 5 14 2 3 
7 13 11 10 5 15 16 3 12 14 2 0 6 8 4 1 
16 13 2 15 9 3 5 12 6 1 7 4 14 8 0 11 
12 2 8 9 7 16 0 14 6 4 1 5 13 10 15 3 
1 3 15 10 7 6 16 4 2 0 8 11 5 14 9 13 
4 14 9 3 6 5 8 2 0 7 12 16 15 11 1 10 
7 6 15 2 9 10 1 13 0 11 5 8 4 12 16 3 
5 3 14 13 11 0 16 2 12 4 9 7 10 8 6 1 
6 10 11 9 14 13 8 2 0 15 1 3 7 4 5 12 
