1 13 4 2 3 6 9 14 7 15 16 12 5 11 10 8 
3 12 0 8 2 5 10 4 6 11 9 7 15 13 16 14 
6 10 12 15 16 7 5 13 3 8 9 4 0 11 1 14 
5 6 4 8 12 16 11 10 9 1 7 15 14 2 13 0 
3 7 1 0 13 10 9 6 11 14 12 5 16 8 2 15 
6 12 0 2 11 7 3 16 9 10 13 14 4 8 15 1 
1 0 5 10 3 11 7 14 4 12 2 9 16 13 8 15 
5 9 10 1 12 2 3 13 11 16 6 0 15 14 4 8 
16 7 12 11 13 15 10 9 4 14 2 5 3 6 1 0 
1 15 8 5 16 10 14 2 7 4 6 12 11 3 13 0 
3 12 8 5 13 2 1 14 16 7 11 15 0 4 9 6 
5 6 9 10 14 4 15 2 16 12 13 8 0 1 3 7 
0 7 1 5 4 13 3 16 6 8 11 15 9 2 14 10 
4 7 16 3 0 5 2 15 6 12 10 9 8 11 1 14 
11 2 0 8 3 10 1 13 5 12 6 16 15 4 9 7 
6 2 3 14 11 0 1 16 13 8 4 7 12 10 5 9 
11 10 1 3 2 14 0 8 9 13 12 7 15 4 5 6 
