4 8 11 7 13 1 16 6 14 12 3 10 9 5 15 2 
6 8 15 7 13 12 4 3 9 0 14 2 16 5 11 10 
5 7 6 14 10 13 4 15 11 9 3 1 12 8 0 16 
0 1 9 10 4 7 5 11 6 8 2 16 15 13 14 12 
12 1 11 8 3 7 0 15 16 6 2 14 13 10 5 9 
13 0 2 15 7 8 16 11 4 1 9 6 3 10 12 14 
13 11 16 3 5 4 2 9 0 7 12 1 15 8 10 14 
6 8 0 9 10 4 11 2 13 12 16 3 5 15 1 14 
2 1 5 13 15 9 3 16 7 12 6 14 10 4 11 0 
12 15 1 7 3 2 8 10 16 5 4 14 6 11 13 0 
5 8 14 3 9 4 7 13 16 1 0 15 2 11 12 6 
1 10 2 8 14 9 0 13 7 5 12 16 6 3 15 4 
1 6 5 3 10 7 15 9 4 14 16 2 11 8 0 13 
9 16 15 11 3 2 8 1 0 5 4 14 7 6 12 10 
1 10 0 16 8 2 13 7 4 5 15 12 6 9 3 11 
11 12 2 5 8 13 14 1 10 16 7 9 3 4 0 6 
0 3 2 15 10 6 13 5 9 12 8 4 7 11 1 14 
