12 14 7 16 1 11 3 4 10 5 8 9 13 6 15 2 
0 14 2 15 5 12 3 8 4 13 6 10 7 11 9 16 
9 5 6 16 13 1 10 7 4 11 12 3 8 15 0 14 
14 0 2 15 4 13 12 11 16 7 5 1 9 8 10 6 
16 9 2 10 8 6 13 0 3 12 5 11 15 7 14 1 
13 10 6 1 4 16 2 15 3 0 11 12 7 9 8 14 
14 8 13 0 1 3 4 15 11 10 5 16 7 2 12 9 
2 14 9 0 13 1 12 10 16 6 5 8 15 4 11 3 
6 11 5 16 10 15 9 1 0 7 2 14 12 3 13 4 
0 2 15 14 11 4 3 5 8 16 13 6 1 10 7 12 
13 11 4 1 9 12 7 2 3 14 15 5 0 8 6 16 
6 5 9 0 13 12 4 3 8 2 14 16 10 1 7 15 
4 15 1 3 11 5 13 7 9 16 8 10 14 6 2 0 
9 14 0 2 15 4 3 11 1 7 10 6 5 16 8 12 
12 0 5 7 11 1 4 3 16 10 2 15 9 6 8 13 
5 11 12 3 6 9 0 16 14 2 4 7 13 10 1 8 
13 1 3 6 10 4 9 8 2 7 5 12 11 15 0 14 
