7 10 4 11 14 3 9 15 6 8 5 13 16 12 2 1 
16 2 7 0 4 5 8 6 3 9 14 11 10 13 15 12 
8 12 14 7 13 5 10 16 6 4 11 15 0 9 3 1 
5 9 12 16 0 7 2 1 14 6 4 15 11 8 13 10 
0 11 3 7 8 14 15 6 10 2 5 1 12 16 9 13 
10 9 1 2 13 16 8 7 11 6 3 4 14 12 15 0 
7 8 11 0 13 10 3 5 2 1 9 16 4 15 14 12 
3 6 11 4 8 9 14 1 5 13 10 12 16 0 15 2 
3 6 9 7 2 10 4 5 15 13 16 1 14 12 0 11 
12 10 5 0 2 16 14 1 11 4 15 6 8 7 13 3 
5 16 2 15 11 7 4 6 12 9 0 1 3 8 14 13 
8 13 1 10 2 12 9 14 3 5 6 4 0 15 16 7 
15 9 3 14 10 13 5 2 16 4 0 1 8 7 11 6 
0 4 11 6 8 7 16 5 1 2 12 10 3 9 15 14 
6 3 4 5 12 9 2 15 7 16 11 10 8 1 13 0 
1 0 16 11 3 7 5 13 8 4 6 10 2 9 12 14 
6 3 11 5 4 8 14 2 1 7 0 13 15 10 9 12 
