2 6 1 14 3 13 9 15 7 4 16 12 8 5 10 11 
6 12 11 0 4 10 2 8 9 7 16 3 13 15 5 14 
5 16 10 1 6 15 13 7 14 8 4 9 3 0 11 12 
11 8 5 6 4 16 12 10 15 1 7 9 14 2 13 0 
7 10 12 0 9 1 15 11 13 5 14 6 8 2 16 3 
9 2 6 12 11 7 3 16 10 14 0 13 15 8 4 1 
10 15 5 1 7 8 3 11 9 12 4 2 14 16 13 0 
10 16 5 9 13 2 12 3 6 1 0 11 15 4 14 8 
12 4 5 11 9 13 2 15 7 10 16 3 0 6 1 14 
11 6 3 5 10 16 15 2 13 14 4 12 1 7 0 8 
3 8 15 5 6 14 13 0 7 16 12 11 2 1 9 4 
5 10 6 9 7 15 4 14 13 8 16 3 2 1 0 12 
7 5 0 10 13 11 16 4 6 3 8 15 9 2 14 1 
9 4 14 3 6 0 2 15 16 12 7 8 10 1 11 5 
16 8 12 0 4 1 10 13 6 2 11 5 7 9 15 3 
6 3 13 9 16 0 11 1 8 7 12 10 4 2 5 14 
11 1 3 10 14 9 15 2 6 8 0 7 5 4 12 13 
