9 7 11 6 14 2 3 12 1 10 15 16 5 8 4 13 
2 12 10 16 14 13 4 8 7 3 5 9 6 15 0 11 
13 10 8 6 9 15 5 11 12 0 3 16 7 4 14 1 
15 14 11 0 1 16 12 9 10 6 7 13 2 8 4 5 
15 8 14 1 9 6 10 13 3 5 2 7 0 16 11 12 
15 9 4 14 16 12 1 2 0 6 8 11 13 3 7 10 
3 7 1 2 15 11 14 4 5 8 13 10 16 12 9 0 
15 0 3 16 13 12 4 14 1 2 8 10 5 9 11 6 
15 0 3 9 5 13 11 6 10 16 7 1 4 14 2 12 
15 13 14 11 6 10 7 16 2 8 5 1 0 12 4 3 
3 14 13 11 8 0 2 12 5 1 7 9 4 6 15 16 
15 8 4 14 0 12 16 3 9 10 5 2 13 1 6 7 
11 8 6 0 15 5 4 14 1 2 9 13 10 7 16 3 
12 11 3 6 7 1 9 2 4 14 10 8 15 0 16 5 
10 1 9 2 15 16 5 11 13 4 3 7 12 6 0 8 
6 16 9 7 4 8 0 10 2 1 3 5 11 14 12 13 
4 3 15 9 5 1 2 7 10 8 14 6 12 11 13 0 
