2 1 4 13 3 9 6 14 7 15 16 12 8 5 11 10 
3 0 8 12 2 10 4 5 7 11 6 9 13 16 14 15 
10 15 14 1 13 7 16 3 4 5 9 8 6 0 11 12 
8 5 11 6 16 4 10 12 7 9 15 1 14 2 0 13 
11 3 7 0 1 10 9 15 13 14 5 6 8 2 12 16 
2 6 9 12 11 7 3 16 10 0 13 14 8 15 4 1 
1 5 10 0 14 7 3 11 12 4 9 2 15 13 16 8 
10 9 5 1 12 2 3 13 16 11 6 0 15 14 4 8 
11 16 7 12 10 15 13 9 2 4 14 5 3 6 1 0 
8 15 5 1 16 2 14 10 12 4 6 11 3 7 0 13 
3 8 15 12 13 2 14 1 5 11 7 16 4 9 6 0 
9 10 6 5 4 14 2 15 16 13 12 8 0 7 3 1 
5 0 7 1 13 4 16 3 6 15 8 11 9 2 10 14 
4 14 10 3 0 5 15 2 7 6 12 9 1 11 8 16 
11 2 0 8 4 1 13 10 12 5 16 6 3 9 15 7 
6 14 2 3 1 11 0 16 13 8 7 12 9 10 5 4 
9 1 3 11 10 15 2 8 12 7 0 13 14 6 5 4 
