6 8 2 15 13 5 9 10 11 4 1 7 12 14 16 3 
7 9 3 16 12 8 13 11 10 2 0 6 14 5 15 4 
6 1 4 10 13 14 8 9 12 5 15 7 11 0 3 16 
7 8 12 5 4 2 10 16 6 11 9 14 15 1 0 13 
7 16 15 12 1 8 0 11 2 3 10 14 5 6 9 13 
4 2 0 13 10 11 14 7 6 16 1 12 3 8 9 15 
12 2 14 1 11 5 15 0 16 10 9 4 13 8 3 7 
12 2 10 5 8 11 13 16 15 4 0 1 6 14 9 3 
10 15 14 7 5 16 2 1 3 13 11 6 4 9 12 0 
14 16 8 5 4 11 12 6 10 3 1 15 2 7 13 0 
2 14 7 11 13 12 15 4 8 0 3 9 6 16 5 1 
1 2 12 9 8 4 10 0 14 15 6 16 13 7 5 3 
0 7 10 15 2 3 6 13 4 5 1 14 9 16 11 8 
0 16 6 15 11 12 14 1 3 5 10 8 7 9 2 4 
1 15 7 13 11 2 16 3 8 12 9 10 0 5 4 6 
4 6 8 7 3 0 14 12 2 11 9 5 10 1 13 16 
13 6 12 10 11 5 3 15 2 8 14 4 7 9 0 1 
