12 10 5 15 8 4 14 1 6 7 13 16 9 3 11 2 
11 16 13 0 7 8 12 4 15 9 10 14 5 3 6 2 
8 1 13 0 4 12 7 6 3 14 10 15 5 9 16 11 
5 16 7 14 4 9 8 12 2 1 13 11 6 10 0 15 
12 13 16 7 10 5 1 11 15 0 8 9 3 2 14 6 
4 8 13 6 15 7 14 3 12 2 10 1 0 9 16 11 
9 2 1 11 5 4 10 0 14 12 16 3 15 8 7 13 
0 12 14 1 2 8 6 5 13 15 3 4 16 11 10 9 
11 0 6 1 15 10 7 12 4 9 16 3 2 14 13 5 
2 7 10 8 12 15 3 16 5 11 13 0 4 6 14 1 
2 14 9 16 12 5 13 3 1 7 4 6 15 0 8 11 
2 8 9 12 1 7 16 0 14 5 4 3 15 6 13 10 
6 1 15 2 4 16 7 8 0 14 11 3 13 5 10 9 
4 1 16 3 5 6 15 2 9 12 0 11 14 10 7 8 
8 15 3 11 13 9 1 12 6 7 5 0 16 10 2 4 
5 13 3 14 0 16 2 1 9 7 4 12 8 6 11 10 
7 6 11 9 13 14 2 10 8 15 3 1 5 4 0 12 
