4 12 2 14 8 15 1 10 6 7 16 3 5 11 9 13 
11 15 12 8 9 14 7 4 2 6 3 16 10 5 13 0 
3 8 12 9 11 0 4 14 13 6 1 16 15 5 10 7 
6 16 15 13 7 10 1 2 14 12 4 8 5 0 9 11 
5 11 14 1 15 3 8 10 0 2 16 7 6 12 13 9 
0 9 7 14 2 3 11 4 6 13 12 15 1 10 8 16 
15 8 7 16 9 12 14 10 11 4 0 3 13 2 1 5 
12 4 13 6 0 9 1 10 14 11 8 5 16 3 15 2 
6 13 9 12 5 10 14 1 3 11 0 4 16 7 15 2 
5 4 2 15 11 7 3 16 13 14 8 12 0 1 10 6 
2 6 0 9 5 7 14 11 4 12 8 1 13 15 3 16 
4 6 14 1 7 2 3 12 5 15 16 8 10 9 0 13 
16 5 15 13 2 3 1 6 10 7 11 4 8 0 9 14 
3 5 15 2 9 14 4 11 8 0 10 16 7 6 1 12 
8 12 0 13 11 4 7 3 5 9 10 16 1 6 2 15 
13 4 12 14 0 8 9 10 6 3 16 11 2 7 1 5 
4 14 10 0 6 1 7 9 2 3 8 12 13 11 15 5 
