2 6 3 4 9 13 14 1 12 16 7 15 11 10 5 8 
0 12 8 6 4 9 15 10 7 3 5 11 16 2 14 13 
15 5 6 10 16 7 13 12 8 4 3 9 11 0 1 14 
4 8 6 2 5 12 14 10 1 7 15 9 11 16 13 0 
5 2 3 1 10 0 9 6 13 11 12 15 14 16 7 8 
0 2 6 1 11 7 3 16 9 13 14 10 12 8 15 4 
12 0 8 10 5 7 11 4 3 9 2 13 16 15 14 1 
10 5 9 12 3 1 2 13 0 11 16 6 4 15 8 14 
16 7 12 11 15 9 13 0 4 5 1 14 3 2 6 10 
1 15 5 8 16 10 14 7 12 2 6 4 3 11 0 13 
7 5 0 1 13 2 12 14 8 15 16 11 4 3 6 9 
9 6 10 0 14 4 15 2 12 16 13 8 3 1 7 5 
1 0 5 4 13 7 3 16 6 15 11 8 10 9 14 2 
0 6 16 3 5 7 15 2 12 10 11 9 8 4 1 14 
3 8 2 0 4 1 10 9 11 6 16 12 7 5 15 13 
5 8 2 3 16 4 1 0 7 6 14 12 10 13 9 11 
3 6 10 11 0 14 2 15 8 12 7 9 13 5 4 1 
