13 9 16 10 6 1 3 8 14 5 4 7 11 12 2 15 
16 12 9 0 11 10 8 13 15 7 14 3 4 6 5 2 
1 16 5 8 6 13 15 7 9 4 10 14 12 3 0 11 
12 14 7 5 2 16 4 10 15 13 9 1 11 0 6 8 
10 0 12 8 6 11 1 5 15 9 13 7 14 2 3 16 
8 2 16 6 4 13 3 11 10 12 1 14 0 15 7 9 
1 10 9 5 2 11 8 13 4 12 3 16 0 14 7 15 
2 1 4 5 13 3 8 15 11 16 0 6 9 12 10 14 
6 15 11 1 2 7 13 9 12 5 4 10 14 0 16 3 
11 10 0 13 16 3 15 2 7 14 12 5 1 8 6 4 
6 16 15 2 3 12 5 9 1 13 4 7 8 0 14 11 
9 2 8 12 14 7 0 16 1 5 4 13 10 15 6 3 
1 3 0 15 16 4 6 9 10 2 11 8 13 5 7 14 
14 4 9 3 5 6 2 0 7 8 12 16 15 10 11 1 
7 6 2 15 16 9 13 1 0 11 8 5 4 12 10 3 
3 14 13 5 0 16 11 2 9 12 4 7 8 6 1 10 
1 9 11 10 4 8 15 14 0 6 2 3 12 7 13 5 
